-1.4203
-1.4248
-1.3832
-1.3363
-1.2801
-1.2591
-1.3303
-1.2522
-1.1827
-1.1505
-1.147
-1.1744
-1.1455
-1.155
-1.1745
-1.1802
-1.1613
-1.131
-1.1434
-1.1586
-1.14
-1.1483
-1.1126
-1.0697
-1.0736
-1.0629
-1.0373
-1.0103
-1.0037
-1.0087
-1.0095
-1.0127
-1.0179
-1.017
-1.0014
-0.96699
-0.92184
-0.87795
-0.84819
-0.8224
-0.7798
-0.78075
-0.83277
-0.7262
-0.62783
-0.63082
-0.64066
-0.4871
-0.34693
-0.62172
-0.34439
-0.33779
-0.36052
-0.1787
0.083651
0.25694
0.84753
1.1186
0.32211
-0.34775
-0.53703
-0.60995
-0.65107
-0.73385
-0.87829
-0.96483
-0.99577
-0.97899
-0.98559
-0.96752
-0.97793
-0.97974
-0.96037
-0.94487
-0.94462
-0.95562
-0.9646
-0.96845
-0.96573
-0.96232
-0.96395
-0.97305
-0.98807
-0.97111
-0.95443
-0.98184
-1.0122
-0.98886
-0.95962
-0.97282
-0.97578
-0.96355
-0.96757
-0.98787
-1.0046
-1.0048
-0.99945
-0.99481
-0.99081
-1.0002
-1.0335
-1.0743
-1.1026
-1.1103
-1.1249
-1.1325
-1.2193
-1.3248
-1.3759
-1.4243
-1.4179
