4.7607e-05
-1.819e-05
-0.0002795
-3.7703e-05
-1.7332e-06
1.4874e-05
3.0331e-05
5.3823e-05
-2.66e-05
1.9706e-05
-3.8146e-05
1.277e-05
-1.4072e-05
-1.799e-05
1.3305e-05
6.2664e-06
-1.8089e-05
5.5157e-07
-1.7524e-05
2.3938e-06
1.216e-05
6.4298e-06
-4.7677e-06
-2.7865e-06
-2.4941e-05
-3.9394e-05
-4.1749e-05
-2.884e-05
-1.9902e-05
-2.837e-05
-2.8258e-05
-2.4601e-05
-2.1226e-05
-1.6836e-05
-1.2483e-05
-8.3535e-06
-1.4883e-05
-2.3922e-05
-1.4064e-05
-1.6353e-05
-1.3329e-05
-1.5008e-05
-6.5376e-06
-4.0886e-05
-9.9984e-06
-3.2941e-05
-2.3009e-05
-5.8061e-05
-3.4646e-05
-0.00012551
-7.3118e-05
-5.3802e-05
-5.0408e-05
-3.5553e-05
-5.0383e-05
-3.0902e-05
-2.1058e-05
7.6634e-06
4.2346e-05
8.1144e-05
2.0508e-05
4.1299e-05
-9.5829e-07
8.1183e-06
-1.3245e-05
3.1237e-06
2.6132e-06
3.6254e-06
7.3208e-06
1.0941e-05
-3.4619e-07
1.0509e-05
5.2986e-06
4.1166e-06
9.3166e-06
1.2201e-05
1.1354e-05
4.9904e-06
-2.9272e-06
-9.7452e-06
-1.3257e-06
-8.4207e-07
-5.0543e-06
-1.5888e-05
-5.5298e-06
3.5305e-06
-4.4071e-06
-4.7777e-06
7.0265e-06
2.1373e-05
5.7945e-06
1.0828e-05
3.2717e-05
4.8796e-05
5.2056e-05
4.8329e-05
5.0453e-05
5.5629e-05
5.8368e-05
5.3707e-05
6.1734e-05
9.9977e-05
4.2491e-05
7.3333e-05
0.00010594
0.0002077
0.00012467
9.7656e-05
-4.8914e-05
9.1216e-05
0.00029737
