-0.0002126
3.5163e-06
-0.00017895
-0.00049131
-0.0003742
-0.00022441
-8.3107e-07
3.7441e-05
2.8209e-05
3.5735e-06
2.627e-05
1.7956e-05
2.7676e-05
3.6946e-05
7.2276e-05
7.8697e-05
7.8968e-05
6.6592e-05
8.4042e-05
0.00012489
0.00015854
0.00014443
0.00011951
8.9637e-05
5.0148e-05
1.7225e-05
-6.2276e-07
-9.0642e-06
-1.6209e-05
-2.421e-05
-2.4384e-05
-1.4879e-05
5.3409e-06
3.0928e-05
4.6496e-05
3.6746e-05
2.4962e-05
2.5817e-05
4.4323e-05
5.5715e-05
3.7464e-05
5.8973e-05
5.6763e-05
4.6912e-05
0.00010525
6.4669e-05
0.00012533
0.00010345
0.00020041
9.6215e-05
6.1663e-05
7.2165e-05
4.2185e-05
9.0137e-05
4.2765e-05
4.805e-05
2.9289e-05
8.1272e-05
5.1003e-05
8.8239e-05
5.0363e-05
2.0156e-05
2.9584e-05
3.3899e-05
6.6001e-05
4.4823e-05
3.719e-05
1.7982e-05
2.1996e-05
2.2183e-05
2.2531e-05
2.8019e-05
2.6583e-05
2.3021e-05
2.3055e-05
2.5621e-05
3.1533e-05
4.528e-05
6.4002e-05
7.2843e-05
9.5283e-05
9.9322e-05
0.00011177
0.00010278
0.00013144
0.00013287
0.00012035
0.00013135
0.00013309
0.00012728
0.0001086
0.00011083
6.1538e-05
2.0161e-05
-1.5411e-06
-2.229e-05
-5.5616e-05
-0.00010557
-0.00017996
-0.00027972
-0.00035882
-0.0002421
-0.00038148
-0.00026375
-0.00040426
-0.00028572
-0.00027975
-0.00031447
-0.00049283
3.3946e-05
-0.00048391
