219.61
221.17
229.58
238.43
251.6
243.39
224.55
213.66
219.96
234.63
210.73
206.2
247.25
275.72
284.48
318.36
316.68
222.53
121.25
155.21
260.71
283.24
251.08
227.91
211.08
198.96
182.31
169.62
150.11
140.94
348.55
528.94
351.35
152.85
71.563
69.342
128.18
199.8
256.74
242.09
214.27
186.28
99
-47.373
-71.391
-30.602
13.435
56.406
77.485
87.386
87.386
77.485
56.406
13.435
-30.602
-71.391
-47.373
99
186.28
214.27
242.09
256.74
199.8
128.18
69.342
71.563
152.85
351.35
528.94
348.55
140.94
150.11
169.62
182.31
198.96
211.08
227.91
251.08
283.24
260.71
155.21
121.25
222.53
316.68
318.36
284.48
275.72
247.25
206.2
210.73
234.63
219.96
213.66
224.55
243.39
251.6
238.43
229.58
221.17
219.61
