-1.0986
-1.098
-1.1068
-1.1238
-1.1461
-1.1877
-1.2234
-1.256
-1.2932
-1.3488
-1.3884
-1.427
-1.4887
-1.5524
-1.5999
-1.6359
-1.6781
-1.7114
-1.7418
-1.7522
-1.8177
-1.8657
-1.8608
-1.8532
-1.8257
-1.7756
-1.6772
-1.5323
-1.3829
-1.2859
-1.3725
-1.1951
-0.84945
-0.57953
-0.40905
-0.15942
0.05715
0.32943
0.56072
0.83092
1.1246
1.3065
1.5582
1.9235
2.1923
2.1637
2.2263
2.3614
2.4956
2.5642
2.5642
2.4956
2.3614
2.2263
2.1637
2.1923
1.9235
1.5582
1.3065
1.1246
0.83092
0.56072
0.32943
0.05715
-0.15942
-0.40905
-0.57953
-0.84945
-1.1951
-1.3725
-1.2859
-1.3829
-1.5323
-1.6772
-1.7756
-1.8257
-1.8532
-1.8608
-1.8657
-1.8177
-1.7522
-1.7418
-1.7114
-1.6781
-1.6359
-1.5999
-1.5524
-1.4887
-1.427
-1.3884
-1.3488
-1.2932
-1.256
-1.2234
-1.1877
-1.1461
-1.1238
-1.1068
-1.098
-1.0986
