402.78
446.26
450.76
451.17
451.34
451.43
451.49
451.52
451.54
451.59
451.66
451.72
451.78
451.85
452.02
452.14
452.5
454.6
435.96
415.01
830.21
932.36
931.75
931.19
930.89
930.89
929.83
928.79
927.87
927.07
925.78
924.4
923.17
922.12
920.88
919.58
918.51
917.71
917
916.32
915.93
915.84
915.98
916.19
916.64
917.33
918.22
919.12
920.14
921.28
922.54
923.62
924.74
925.89
927.05
927.89
928.7
929.48
930.22
930.59
930.88
931.12
931.32
931.19
930.92
930.64
930.34
929.78
929.06
928.34
927.65
926.8
925.76
924.76
923.8
922.8
921.58
920.44
919.38
918.33
917.1
915.95
914.91
913.94
912.81
911.79
910.88
910.06
909.13
908.29
907.55
906.88
906.13
905.42
904.75
904.12
903.41
902.66
901.91
901.16
900.32
899.43
898.52
897.63
896.72
895.82
894.99
894.23
893.57
893.09
892.76
892.58
892.55
892.8
893.7
894.35
893.47
883.49
866.62
872.37
877.36
875.55
875.24
875.21
875.16
875.14
875.12
875.09
875.06
875.03
874.98
874.92
874.83
874.72
874.54
874.1
872.94
864.7
864.95
856.77
852
840.55
821.87
836.56
830.16
788.53
774.14
800.21
786.6
724.75
743.05
776.23
750.55
658.66
717.02
761.21
715.47
615.58
684
742.54
704.76
610.31
605.85
690.04
724.58
623.23
444.9
560.35
663.8
647.98
519.39
459.76
530.23
618.4
599.48
457.56
320.23
472.37
595.25
630.47
527.37
322.65
271.08
418.79
542.95
579.06
468.68
284.86
169.13
225.16
392.04
499.8
509.53
416.27
271.35
132.89
100.57
201.36
293.19
427.03
501.86
386.27
181.51
175.42
188.99
70.235
75.215
99.984
158.18
287.69
354.61
337.29
270.43
183.71
66.893
-79.166
53.942
325.89
201.85
107.45
119.68
134.3
160.92
185.38
212.66
239.41
270.48
300.09
328.75
358.84
388.63
419.15
448.6
491.04
533.59
610.78
689.36
779.9
771.96
531.55
223.31
-136.91
-492.36
-845.37
323.08
1154.1
1189.6
761.54
-15.209
819.08
1613.9
1038.9
905.15
1069.3
980.67
1241.1
780.82
525.54
777.47
940.6
818.3
827.86
958.29
840.65
881.92
885.5
796.73
656.31
675.15
816.32
553.2
579.19
537.42
514.54
582.56
402.78
360.15
397.62
401.57
401.93
402.09
402.17
402.22
402.25
402.27
402.31
402.36
402.42
402.47
402.53
402.67
402.8
403.3
405.93
388.31
368.43
736.53
825.4
824.59
824.07
823.8
823.68
822.7
821.72
820.83
820.02
818.83
817.57
816.43
815.45
814.36
813.26
812.38
811.74
811.25
810.88
810.77
810.94
811.37
811.96
812.76
813.78
815
816.3
817.7
819.19
820.78
822.25
823.72
825.18
826.63
827.79
828.89
829.93
830.9
831.5
832
832.43
832.79
832.8
832.67
832.5
832.29
831.81
831.16
830.51
829.85
829.03
828.02
827.03
826.09
825.08
823.87
822.71
821.63
820.57
819.32
818.15
817.08
816.09
814.93
813.88
812.93
812.08
811.12
810.26
809.48
808.77
808
807.25
806.56
805.89
805.15
804.37
803.59
802.8
801.93
801
800.06
799.11
798.15
797.2
796.3
795.46
794.71
794.12
793.67
793.36
793.17
793.3
793.97
794.37
793.38
795.07
823.14
826.16
828.73
827.29
827.06
827.03
827
826.99
826.97
826.95
826.93
826.9
826.87
826.82
826.75
826.65
826.51
826.27
826.96
832.96
817.46
804.27
801.51
794.21
774.19
785.16
783
743.1
724.35
749.85
740.98
678.68
692.23
726.83
705.5
612.05
665.08
711.24
669.96
568.94
631.33
691.88
659.5
565.51
553.27
637.92
677.76
579.1
396.13
508.04
613.25
602.49
476.27
409.21
474.81
567.12
553.37
412.86
271.94
418.21
542.01
582.3
483.09
278.21
221.05
363.72
490.02
530.6
423.92
241.4
120.64
170.73
336.96
446.87
461.03
371.34
227.22
86.689
49.188
147.08
238.38
374.61
452.83
340.34
137.53
130.73
141.73
19.518
21.725
45.299
103.49
234.21
303.15
288.2
223.23
137.58
20.918
-125.86
5.9967
275.97
150.04
53.688
64.339
77.565
103.25
126.84
153.33
179.23
209.35
237.43
263.73
290.48
315.75
334.98
349.14
367.24
382.16
527.71
687.4
843.31
858.65
528.73
175.34
-186.18
-541.17
-892.87
284.03
1115.6
1143.8
709.88
-66.587
775.42
1569.3
988.84
856.92
1023.2
929.62
1193.3
733.01
474.63
731.26
889.8
771.37
777.57
911.42
792.17
834.84
837.94
748.5
607.53
625.29
769.11
506.5
529.34
491.26
464.38
524.2
360.15
