1.2697e-14
0.0056014
0.0006329
0.0024849
0.035695
0.040106
-0.065718
0.052801
-0.014381
0.090021
-0.015553
0.13208
-0.17613
0.19668
0.052612
-0.094558
0.24226
-0.54784
0.70853
0.16306
-0.73936
0.56848
-0.074713
0.068031
-0.016542
0.16189
-0.065748
-0.085374
0.36422
-0.27909
0.70868
-0.55638
-0.29468
1.0215
0.42785
-1.8812
0.32248
1.3121
-0.46781
0.21525
-0.36174
0.6
-1.1888
1.9906
-2.8271
2.0351
-0.31817
-0.42061
0.24845
0.099183
-0.099183
-0.24845
0.42061
0.31817
-2.0351
2.8271
-1.9906
1.1888
-0.6
0.36174
-0.21525
0.46781
-1.3121
-0.32248
1.8812
-0.42785
-1.0215
0.29468
0.55638
-0.70868
0.27909
-0.36422
0.085374
0.065748
-0.16189
0.016542
-0.068031
0.074713
-0.56848
0.73936
-0.16306
-0.70853
0.54784
-0.24226
0.094558
-0.052612
-0.19668
0.17613
-0.13208
0.015553
-0.090021
0.014381
-0.052801
0.065718
-0.040106
-0.035695
-0.0024849
-0.0006329
-0.0056014
1.2697e-14
