-1.1113e-14
0.049124
-0.065262
0.031616
0.0086576
0.10641
0.015038
0.15237
0.0035154
-0.12209
0.39579
-0.29232
0.17037
0.07075
0.027879
0.14489
-0.28415
0.77099
0.37529
-0.77796
0.022648
0.63396
0.043022
-0.056337
0.20181
0.15468
-0.12569
0.27209
0.0079416
-0.79067
1.7394
0.90283
-1.5474
-0.80001
1.4397
-0.58438
0.027525
0.66241
-0.31811
0.99055
-0.49967
-0.58199
1.5045
-2.0337
0.54668
0.52834
0.10777
-0.32098
0.18218
0.054038
-0.054038
-0.18218
0.32098
-0.10777
-0.52834
-0.54668
2.0337
-1.5045
0.58199
0.49967
-0.99055
0.31811
-0.66241
-0.027525
0.58438
-1.4397
0.80001
1.5474
-0.90283
-1.7394
0.79067
-0.0079416
-0.27209
0.12569
-0.15468
-0.20181
0.056337
-0.043022
-0.63396
-0.022648
0.77796
-0.37529
-0.77099
0.28415
-0.14489
-0.027879
-0.07075
-0.17037
0.29232
-0.39579
0.12209
-0.0035154
-0.15237
-0.015038
-0.10641
-0.0086576
-0.031616
0.065262
-0.049124
-1.1228e-14
