324.87
329.83
343.45
365.72
398.07
420.66
360.9
285.63
224.85
279.4
379.82
499.37
637.74
582.89
389.81
172.99
-65.068
-103.76
180.31
483.37
713.31
571.97
453.16
354.09
341.82
356.53
382.82
282.92
114.23
-65.947
-78.634
148.09
406.53
680.1
684.34
678.39
660.95
627.97
427.63
241.86
97.017
-8.2658
17.227
138.05
259.56
317.75
278.06
247.15
224.8
219.34
219.34
224.8
247.15
278.06
317.75
259.56
138.05
17.227
-8.2658
97.017
241.86
427.63
627.97
660.95
678.39
684.34
680.1
406.53
148.09
-78.634
-65.947
114.23
282.92
382.82
356.53
341.82
354.09
453.16
571.97
713.31
483.37
180.31
-103.76
-65.068
172.99
389.81
582.89
637.74
499.37
379.82
279.4
224.85
285.63
360.9
420.66
398.07
365.72
343.45
329.83
324.87
