-1.7653
-1.6449
-1.2917
-1.3386
-1.3432
-1.3053
-1.2017
-1.2467
-1.1729
-1.1624
-1.1603
-1.1503
-1.1494
-1.1461
-1.1643
-1.1197
-1.1064
-1.1336
-1.1214
-1.1277
-1.0988
-1.0428
-1.0443
-1.016
-0.98366
-0.96928
-0.97368
-0.96859
-0.94941
-0.9224
-0.89796
-0.88853
-0.8929
-0.89528
-0.89078
-0.87292
-0.83583
-0.79491
-0.78735
-0.81103
-0.83209
-0.72888
-0.6414
-0.62831
-0.66147
-0.63376
-0.50593
-0.45168
-0.1817
-0.71203
-0.5742
-0.27211
-0.1269
0.0781
0.50256
0.68927
0.80787
1.0226
0.40767
-0.33421
-0.62887
-0.69088
-0.71176
-0.76256
-0.76027
-0.84828
-0.84826
-0.85501
-0.84277
-0.84856
-0.86837
-0.86635
-0.86817
-0.87367
-0.87111
-0.85825
-0.8443
-0.85289
-0.88363
-0.89978
-0.88002
-0.85825
-0.88739
-0.91996
-0.91146
-0.90198
-0.90959
-0.90678
-0.93469
-0.95894
-0.93751
-0.91436
-0.91822
-0.93269
-0.93826
-0.94014
-0.95226
-0.97421
-1.007
-1.0283
-1.0508
-1.0914
-1.1098
-1.1378
-1.1948
-1.1902
-1.199
-1.1813
-1.594
-1.7805
-1.813
