0.0010285
-0.00023306
8.5157e-05
-4.344e-05
-8.3585e-05
3.033e-05
-1.5395e-05
-1.9257e-05
-4.9028e-05
-6.0182e-05
-2.1072e-05
-4.6038e-05
-2.3949e-05
-6.5192e-06
-1.4131e-05
-1.6733e-07
-2.0005e-05
-8.3492e-06
2.4669e-05
2.3434e-05
3.4107e-05
2.031e-05
6.1274e-06
-1.4394e-05
-1.286e-05
-7.6428e-06
-1.8678e-05
-2.1874e-05
-2.4938e-05
-2.1285e-05
-1.7376e-05
-1.2507e-05
-1.4442e-05
-1.4842e-05
-1.515e-05
-1.6061e-05
-1.4095e-05
-1.1828e-05
-1.9121e-05
-1.6548e-05
-9.6023e-06
-2.6366e-05
-1.2038e-05
-2.4673e-05
-1.812e-05
-4.1481e-05
-1.9188e-05
-6.0514e-05
-5.3029e-05
-0.0001045
-6.4924e-05
-6.5247e-05
-3.2943e-05
-5.1576e-05
-2.0561e-05
-3.6888e-05
-2.9884e-05
1.6375e-05
7.0643e-05
0.00010354
3.8459e-05
7.5405e-06
3.2674e-05
2.9426e-06
-1.198e-05
1.5283e-05
1.349e-06
5.2519e-06
2.6722e-06
-4.0079e-06
3.173e-06
3.8639e-06
7.3918e-06
8.7515e-06
7.8916e-06
7.1823e-06
4.2718e-06
8.8591e-06
8.9462e-06
-4.6221e-06
-6.6461e-06
-1.5946e-06
-4.1442e-06
-2.329e-05
-8.6493e-06
-4.2859e-06
-1.4834e-05
-1.9862e-06
8.5811e-06
2.7282e-06
-4.227e-07
1.1682e-05
1.8292e-05
2.9328e-05
3.1462e-05
3.6509e-05
4.3e-05
5.2358e-05
5.2281e-05
6.0799e-05
7.6576e-05
4.1221e-05
6.7588e-05
5.0932e-05
6.1637e-05
0.00011271
0.00017622
6.8578e-05
0.00023878
-0.00012737
-0.00065452
