-0.0003447
-0.0005589
-0.00086642
-0.00031841
-0.00030986
-0.00033595
-0.00013694
-0.0001207
-7.7782e-05
-0.00010424
-5.6778e-05
-3.5051e-05
-1.6833e-05
4.8796e-05
7.5179e-05
9.0032e-05
9.3252e-05
0.0001417
0.00020832
0.0002175
0.00020029
0.0001782
0.0001367
9.4188e-05
7.4258e-05
5.5033e-05
3.8504e-05
2.4614e-05
1.9175e-05
2.1052e-05
2.8871e-05
3.9741e-05
5.4776e-05
7.9605e-05
0.00010844
0.00012077
9.0937e-05
6.9013e-05
6.9408e-05
9.9695e-05
8.2157e-05
6.1872e-05
0.00011458
8.6081e-05
0.00011289
0.00010015
0.00013177
8.7797e-05
0.00028836
7.7763e-05
8.4679e-05
6.3924e-05
8.251e-05
3.7219e-05
8.1293e-05
3.4556e-05
6.5149e-05
5.1547e-05
0.00013992
9.5982e-05
5.971e-05
9.4819e-05
5.7061e-05
3.8391e-05
4.0747e-05
0.00011351
5.5656e-05
5.7097e-05
5.7378e-05
3.6611e-05
4.9752e-05
4.0652e-05
2.7802e-05
2.2648e-05
2.2022e-05
2.147e-05
2.2184e-05
2.6512e-05
3.9634e-05
5.345e-05
7.358e-05
8.7089e-05
9.5394e-05
8.8996e-05
0.00013765
0.00014214
0.00011888
0.00014428
0.0001476
0.00013126
0.00013677
0.0001206
8.4645e-05
7.3185e-05
5.7474e-05
3.5291e-05
-1.7264e-05
-7.1617e-05
-0.00011393
-0.00017399
-0.00033256
-0.00047696
-0.00031528
-0.00059964
-0.000386
-0.00079472
-0.00074102
-0.00035331
-8.8391e-05
0.00013016
-0.00025237
