1.6702e-15
-0.0017223
-0.0027628
-0.0024209
0.0014456
0.00050381
0.00018585
0.00036663
0.00090831
0.0017012
0.0027288
-0.0055442
-0.0025729
-0.00010406
0.0018529
0.0033157
0.0043107
0.0048708
0.0050706
-0.01249
-0.0073833
-0.002841
0.0011737
0.0046822
0.0077239
0.0081833
0.0020031
-0.0037307
-0.0083362
-0.01118
-0.011661
-0.0092353
0.018363
0.012329
0.0070736
0.0024718
-0.0015615
-0.0050229
-0.0079657
-0.010349
0.027552
0.0073123
-0.0057336
-0.011854
-0.011045
-0.0034752
0.010653
-0.0028054
-0.0059476
-0.0026855
0.0026855
0.0059476
0.0028054
-0.010653
0.0034752
0.011045
0.011854
0.0057336
-0.0073123
-0.027552
0.010349
0.0079657
0.0050229
0.0015615
-0.0024718
-0.0070736
-0.012329
-0.018363
0.0092353
0.011661
0.01118
0.0083362
0.0037307
-0.0020031
-0.0081833
-0.0077239
-0.0046822
-0.0011737
0.002841
0.0073833
0.01249
-0.0050706
-0.0048708
-0.0043107
-0.0033157
-0.0018529
0.00010406
0.0025729
0.0055442
-0.0027288
-0.0017012
-0.00090831
-0.00036663
-0.00018585
-0.00050381
-0.0014456
0.0024209
0.0027628
0.0017223
1.6755e-15
