219.61
221.18
229.58
238.43
251.6
243.39
224.55
213.66
219.97
234.64
210.73
206.2
247.26
275.72
284.48
318.36
316.69
222.54
121.25
155.21
260.72
283.24
251.08
227.92
211.09
198.96
182.32
169.63
150.11
140.95
348.55
528.94
351.35
152.85
71.566
69.345
128.18
199.81
256.74
242.09
214.27
186.28
99.003
-47.37
-71.388
-30.6
13.437
56.409
77.488
87.389
87.389
77.488
56.409
13.437
-30.6
-71.388
-47.37
99.003
186.28
214.27
242.09
256.74
199.81
128.18
69.345
71.566
152.85
351.35
528.94
348.55
140.95
150.11
169.63
182.32
198.96
211.09
227.92
251.08
283.24
260.72
155.21
121.25
222.54
316.69
318.36
284.48
275.72
247.26
206.2
210.73
234.64
219.97
213.66
224.55
243.39
251.6
238.43
229.58
221.18
219.61
