80.833
83.527
89.874
95.918
105.3
103.27
92.789
81.739
84.279
89.588
76.162
69.111
89.283
103.3
115.47
141.1
132.49
74.965
12.611
46.124
107.39
110.71
84.917
64.808
46.315
30.142
8.5808
-5.1951
1.7053
16.595
163.02
269.07
176.84
45.111
-9.962
30.503
54.301
131.91
144.31
147.93
149.34
157.57
124.04
35.218
13.641
55.982
100.49
154.2
182
194.46
194.46
182
154.2
100.49
55.982
13.641
35.218
124.04
157.57
149.34
147.93
144.31
131.91
54.301
30.503
-9.962
45.111
176.84
269.07
163.02
16.595
1.7053
-5.1951
8.5808
30.142
46.315
64.808
84.917
110.71
107.39
46.124
12.611
74.965
132.49
141.1
115.47
103.3
89.283
69.111
76.162
89.588
84.279
81.739
92.789
103.27
105.3
95.918
89.874
83.527
80.833
