-0.030514
0.23996
0.0040302
0.1298
0.18044
-0.016239
0.079393
0.19563
-0.059473
0.22281
0.11536
-0.25616
0.52397
0.024909
-0.31447
0.55616
-0.229
0.3285
-0.72078
0.54533
-0.040623
0.11543
-0.14907
0.07458
0.051672
-0.063861
0.40631
-0.57583
-0.28348
-0.0037917
2.72
-3.6733
1.7837
-0.08213
-1.5557
0.8356
0.014001
0.30224
0.015156
-1.1542
1.3152
-0.034411
-1.9169
0.65005
0.36208
-0.19116
-0.29915
0.092502
-0.19549
-0.065331
-0.065331
-0.19549
0.092502
-0.29915
-0.19116
0.36208
0.65005
-1.9169
-0.034411
1.3152
-1.1542
0.015156
0.30224
0.014001
0.8356
-1.5557
-0.08213
1.7837
-3.6733
2.72
-0.0037917
-0.28348
-0.57583
0.40631
-0.063861
0.051672
0.07458
-0.14907
0.11543
-0.040623
0.54533
-0.72078
0.3285
-0.229
0.55616
-0.31447
0.024909
0.52397
-0.25616
0.11536
0.22281
-0.059473
0.19563
0.079393
-0.016239
0.18044
0.1298
0.0040302
0.23996
-0.030514
