344.31
350.96
365.33
387.54
417.15
453.9
497.93
503.83
455.15
397.01
328.01
312.45
300.03
321.64
377.04
470.43
550.07
618.1
677.02
618.36
557.97
506.45
463.8
430.09
405.26
369.26
281.73
199.87
121.65
44.813
-32.598
-112.34
-107.52
-21.106
67.174
261.45
353.82
442.89
528.26
609.65
763.96
758.32
754.63
753.41
639.88
551.49
473.83
405.42
344.74
290.38
290.38
344.74
405.42
473.83
551.49
639.88
753.41
754.63
758.32
763.96
609.65
528.26
442.89
353.82
261.45
67.174
-21.106
-107.52
-112.34
-32.598
44.813
121.65
199.87
281.73
369.26
405.26
430.09
463.8
506.45
557.97
618.36
677.02
618.1
550.07
470.43
377.04
321.64
300.03
312.45
328.01
397.01
455.15
503.83
497.93
453.9
417.15
387.54
365.33
350.96
344.31
