-0.0024125
-0.0011695
-0.00020507
0.00090078
0.0025685
0.0051835
0.0090998
-0.0066523
-0.0058712
-0.0045245
-0.0025499
0.00011454
0.0035059
0.0076259
0.012456
-0.012337
-0.0068955
-0.0026759
0.00026495
0.0019247
0.0022571
0.0012688
0.0066958
0.0046183
-3.8363e-05
-0.004658
-0.0065737
-0.0031717
0.016058
0.00016397
-0.0093459
-0.012258
-0.0086029
0.0018733
0.019168
-0.00047514
-0.0015085
-0.0017196
-0.0011638
0.00018106
0.0023619
0.00541
0.0094359
0.014478
-0.020505
-0.017291
-0.011318
-0.0034046
0.0055967
0.014724
0.014724
0.0055967
-0.0034046
-0.011318
-0.017291
-0.020505
0.014478
0.0094359
0.00541
0.0023619
0.00018106
-0.0011638
-0.0017196
-0.0015085
-0.00047514
0.019168
0.0018733
-0.0086029
-0.012258
-0.0093459
0.00016397
0.016058
-0.0031717
-0.0065737
-0.004658
-3.8363e-05
0.0046183
0.0066958
0.0012688
0.0022571
0.0019247
0.00026495
-0.0026759
-0.0068955
-0.012337
0.012456
0.0076259
0.0035059
0.00011454
-0.0025499
-0.0045245
-0.0058712
-0.0066523
0.0090998
0.0051835
0.0025685
0.00090078
-0.00020507
-0.0011695
-0.0024125
