220
222.67
229.02
233.48
233.05
228.96
233.4
234.32
236.82
237.09
240.45
240.99
250.13
254.27
250.08
256.86
260.86
258.39
260.75
269.25
239.51
249.57
270.02
269.17
256.68
236.94
229.52
249.88
323.27
285.64
215.5
264.48
207.44
177.84
168.75
141.69
146.76
130.3
94.936
89.282
72.768
59.716
53.7
-11.917
43.394
-25.247
-96.974
-37.765
-13.476
1.0138
1.0138
-13.476
-37.765
-96.974
-25.247
43.394
-11.917
53.7
59.716
72.768
89.282
94.936
130.3
146.76
141.69
168.75
177.84
207.44
264.48
215.5
285.64
323.27
249.88
229.52
236.94
256.68
269.17
270.02
249.57
239.51
269.25
260.75
258.39
260.86
256.86
250.08
254.27
250.13
240.99
240.45
237.09
236.82
234.32
233.4
228.96
233.05
233.48
229.02
222.67
220
