32.547
33.328
36.578
39.225
42.164
39.909
38.141
46.029
46.563
44.988
39.307
42.24
43.95
47.491
46.885
50.085
70.532
87.839
67.557
6.8019
47.677
87.411
81.797
67.1
48.752
26.145
0.81672
-29.557
-6.2641
49.14
93.667
70.255
56.504
238.22
333.11
-72.122
-430.18
-144.35
99.413
59.997
-99.122
-169.13
-131.96
-129.33
-174.57
-223.83
-201.5
-155.74
-136.28
-126.48
-126.48
-136.28
-155.74
-201.5
-223.83
-174.57
-129.33
-131.96
-169.13
-99.122
59.997
99.413
-144.35
-430.18
-72.122
333.11
238.22
56.504
70.255
93.667
49.14
-6.2641
-29.557
0.81672
26.145
48.752
67.1
81.797
87.411
47.677
6.8019
67.557
87.839
70.532
50.085
46.885
47.491
43.95
42.24
39.307
44.988
46.563
46.029
38.141
39.909
42.164
39.225
36.578
33.328
32.547
