-13.537
-14.193
-14.288
-14.252
-14.192
-14.138
-14.092
-14.05
-14.021
-13.993
-13.969
-13.945
-13.923
-13.91
-13.901
-13.895
-13.955
-14.333
-13.001
-11.476
-24.606
-28.41
-28.542
-28.536
-28.498
-28.508
-28.529
-28.555
-28.585
-28.618
-28.673
-28.74
-28.81
-28.882
-28.964
-29.056
-29.15
-29.244
-29.338
-29.434
-29.531
-29.626
-29.715
-29.795
-29.875
-29.954
-30.026
-30.078
-30.131
-30.184
-30.235
-30.256
-30.281
-30.309
-30.338
-30.335
-30.337
-30.344
-30.353
-30.337
-30.322
-30.314
-30.31
-30.287
-30.262
-30.244
-30.231
-30.207
-30.177
-30.154
-30.137
-30.114
-30.081
-30.056
-30.037
-30.015
-29.983
-29.957
-29.936
-29.917
-29.885
-29.859
-29.837
-29.819
-29.788
-29.762
-29.74
-29.722
-29.693
-29.667
-29.645
-29.625
-29.598
-29.572
-29.549
-29.527
-29.502
-29.476
-29.452
-29.429
-29.403
-29.376
-29.35
-29.324
-29.296
-29.267
-29.237
-29.206
-29.173
-29.139
-29.101
-29.061
-29.019
-28.992
-28.941
-28.852
-28.706
-29.917
-34.959
-34.778
-34.614
-34.609
-34.614
-34.622
-34.628
-34.632
-34.645
-34.658
-34.67
-34.682
-34.695
-34.717
-34.737
-34.758
-34.782
-34.816
-35.064
-37.017
-35.532
-34.774
-34.842
-35.349
-35.195
-34.74
-35.251
-35.471
-34.954
-34.895
-35.485
-35.45
-34.886
-35.08
-35.638
-35.477
-34.834
-35.102
-35.696
-35.594
-34.845
-35.126
-35.857
-35.953
-34.982
-35.076
-35.806
-36.194
-35.644
-35.212
-35.478
-36.195
-36.579
-35.629
-35.043
-35.64
-36.395
-36.646
-36.216
-35.473
-35.664
-36.423
-37.037
-37.088
-36.377
-35.776
-36.126
-36.835
-37.42
-37.654
-37.072
-36.35
-36.263
-36.655
-37.415
-38.042
-38.184
-37.965
-37.375
-37.016
-36.986
-37.435
-38.077
-38.629
-38.974
-38.889
-38.493
-38.15
-37.894
-37.713
-37.771
-38.035
-38.467
-38.955
-39.335
-39.529
-39.547
-39.391
-39.17
-38.815
-38.673
-38.554
-38.309
-38.114
-38.02
-37.957
-37.935
-37.924
-37.926
-37.93
-37.924
-37.915
-37.885
-37.833
-37.752
-37.674
-37.548
-37.368
-37.144
-36.342
-35.27
-33.888
-32.576
-31.379
-31.209
-31.672
-32.549
-31.9
-29.095
-27.366
-26.723
-26.468
-26.04
-24.242
-23.179
-23.196
-22.226
-20.418
-20.566
-20.905
-19.522
-19.725
-18.459
-18.828
-17.769
-17.766
-17.131
-16.909
-16.766
-16.555
-16.744
-15.978
-15.437
-16.102
-14.981
-15.854
-19.115
-13.537
-13.537
-14.193
-14.288
-14.252
-14.192
-14.138
-14.092
-14.05
-14.02
-13.993
-13.969
-13.945
-13.923
-13.91
-13.901
-13.894
-13.955
-14.333
-13.001
-11.478
-24.61
-28.412
-28.544
-28.537
-28.5
-28.509
-28.53
-28.556
-28.586
-28.619
-28.674
-28.741
-28.811
-28.882
-28.965
-29.057
-29.151
-29.244
-29.339
-29.435
-29.531
-29.626
-29.716
-29.796
-29.876
-29.954
-30.027
-30.078
-30.131
-30.185
-30.236
-30.257
-30.282
-30.31
-30.338
-30.336
-30.337
-30.344
-30.353
-30.337
-30.323
-30.314
-30.31
-30.287
-30.262
-30.244
-30.232
-30.207
-30.177
-30.154
-30.137
-30.113
-30.081
-30.056
-30.037
-30.015
-29.983
-29.957
-29.936
-29.917
-29.885
-29.858
-29.837
-29.819
-29.788
-29.762
-29.74
-29.722
-29.692
-29.667
-29.644
-29.624
-29.597
-29.572
-29.549
-29.527
-29.502
-29.476
-29.451
-29.428
-29.403
-29.376
-29.35
-29.324
-29.296
-29.267
-29.237
-29.206
-29.173
-29.138
-29.1
-29.06
-29.019
-28.991
-28.94
-28.851
-28.705
-29.916
-34.959
-34.778
-34.615
-34.609
-34.614
-34.622
-34.628
-34.632
-34.645
-34.658
-34.67
-34.682
-34.695
-34.717
-34.737
-34.758
-34.782
-34.816
-35.064
-37.017
-35.532
-34.774
-34.842
-35.349
-35.195
-34.74
-35.251
-35.471
-34.954
-34.895
-35.485
-35.45
-34.886
-35.08
-35.638
-35.477
-34.834
-35.102
-35.696
-35.594
-34.845
-35.126
-35.857
-35.953
-34.982
-35.076
-35.806
-36.194
-35.644
-35.212
-35.478
-36.195
-36.579
-35.629
-35.043
-35.64
-36.395
-36.646
-36.216
-35.473
-35.664
-36.423
-37.037
-37.088
-36.377
-35.776
-36.126
-36.835
-37.42
-37.654
-37.072
-36.35
-36.263
-36.655
-37.415
-38.042
-38.184
-37.965
-37.375
-37.016
-36.986
-37.435
-38.077
-38.629
-38.974
-38.889
-38.493
-38.15
-37.894
-37.713
-37.771
-38.035
-38.467
-38.955
-39.335
-39.529
-39.547
-39.391
-39.169
-38.815
-38.673
-38.554
-38.309
-38.114
-38.02
-37.957
-37.935
-37.924
-37.926
-37.93
-37.924
-37.915
-37.885
-37.833
-37.752
-37.674
-37.548
-37.368
-37.144
-36.341
-35.27
-33.888
-32.576
-31.379
-31.209
-31.672
-32.549
-31.9
-29.095
-27.366
-26.723
-26.468
-26.04
-24.242
-23.179
-23.196
-22.226
-20.418
-20.566
-20.905
-19.522
-19.725
-18.459
-18.828
-17.769
-17.766
-17.131
-16.909
-16.766
-16.555
-16.744
-15.978
-15.437
-16.102
-14.981
-15.854
-19.115
-13.537
