0.0070262
-0.0047366
0.0051421
0.0024252
0.0027191
0.0029803
0.0027127
0.0023658
0.0027336
0.0028149
0.0028119
0.0027233
0.0023443
0.0027295
0.0029005
0.0027192
0.0025819
0.0042995
0.0028404
0.0010276
-0.0014788
-0.00052875
0.00081506
-3.7227e-06
-0.00012251
-4.5919e-05
4.1078e-05
2.9263e-05
1.2275e-05
1.4271e-05
1.8785e-05
1.9484e-05
2.4678e-05
3.5552e-05
3.9419e-05
3.4514e-05
3.1529e-05
4.3757e-05
5.2193e-05
5.0813e-05
3.4836e-05
4.2886e-05
5.6404e-05
6.1134e-05
3.2484e-05
3.2651e-05
5.2437e-05
6.4437e-05
2.7134e-05
1.7325e-05
4.383e-05
6.1708e-05
1.9145e-05
6.1861e-06
3.3399e-05
5.0188e-05
1.5751e-05
-4.5774e-07
2.1948e-05
3.6053e-05
1.5334e-05
-3.804e-06
1.1996e-05
2.3614e-05
1.4436e-05
-4.7377e-06
4.6228e-06
1.3739e-05
1.204e-05
-4.5866e-06
3.6659e-08
6.5488e-06
7.7236e-06
-4.4935e-06
-1.9056e-06
1.5054e-06
1.7646e-06
-4.968e-06
-1.6792e-06
-2.0502e-06
-4.8783e-06
-6.259e-06
4.5074e-07
-4.9505e-06
-1.1803e-05
-6.8188e-06
2.1083e-06
-7.6486e-06
-1.6361e-05
-7.5847e-06
1.696e-06
-9.0527e-06
-1.7555e-05
-1.059e-05
7.9816e-07
-9.0458e-06
-1.7417e-05
-1.4079e-05
-9.6405e-07
-7.8757e-06
-1.6135e-05
-1.7506e-05
-3.5094e-06
-6.0779e-06
-1.419e-05
-1.9433e-05
-4.5226e-06
-3.8334e-06
-1.5476e-05
-2.5182e-05
-2.886e-06
2.5222e-05
-2.4008e-05
-9.758e-05
-9.9949e-05
0.00041883
-0.00014169
-0.00090777
-0.00079693
-0.0015713
-0.0022274
-0.0018226
-0.0020081
-0.002143
-0.002035
-0.0016839
-0.0020242
-0.0020617
-0.0020589
-0.0020151
-0.0016666
-0.0020357
-0.0020922
-0.0020035
-0.0019027
-0.0017446
-0.002037
-0.002325
0.00037925
-0.00034591
-0.0014883
-0.00086703
-2.5101e-05
-0.0010687
-0.0009675
-0.00052291
4.2909e-06
-0.0014635
-0.00077972
-0.00019893
-0.00029664
-0.0014795
-0.0004172
-0.00025017
-0.00057636
-0.0012816
-0.00038064
0.00013181
-0.0012416
-0.00080072
7.8274e-05
-0.00084571
-0.00068697
0.00021251
-0.00059552
-0.0019181
0.0010385
-0.00033863
-0.0024628
0.00095891
-0.0010584
-0.00028357
-0.00057563
0.00094757
-0.0026625
0.00019082
0.00054512
-0.0020877
0.0011461
-0.00045421
-0.0016165
0.00043922
-0.00061942
-0.00047863
0.0013462
-0.0031684
0.00035278
0.00036342
-0.0010253
0.00057471
-0.0012753
-0.00032121
0.00089005
-0.0017613
0.00034195
0.00011028
-0.0011012
-0.00024088
-0.00022272
0.0010084
-0.0019243
-0.001108
0.0019124
-0.00054392
-0.001149
-0.00039779
0.00065169
-0.0010624
0.00061544
-0.0010901
-0.00019959
0.00038817
-0.0011033
0.00074954
-0.0014517
0.0007939
1.3551e-05
-0.00087478
-0.00099014
0.0017871
-0.0014292
0.00050478
-0.00088542
0.00047943
-0.00069246
6.9486e-05
-0.0004574
0.00030951
-0.00051005
-0.00041026
0.0003416
-0.00034284
-0.00012617
-0.00024461
0.00017832
-0.0018717
0.0028476
-0.0035391
0.0034285
-0.0018577
-0.0069295
0.0060064
0.022748
-0.040555
0.031634
-0.008499
-0.010747
0.028374
-0.024289
0.0046117
0.012106
-0.00053425
-0.010467
0.011645
0.0040246
-0.0062306
0.0078946
-0.0067254
0.0080981
-0.00043207
0.0017239
0.0020986
0.0013256
0.0024244
0.0016778
0.0014924
0.002957
0.0023786
0.00050877
0.0037081
0.0027123
0.00094796
0.0038588
0.0038801
-0.0057362
0.0070262
0.0070261
-0.0047366
0.0051421
0.0024252
0.0027191
0.0029802
0.0027127
0.0023658
0.0027333
0.0028157
0.0028119
0.0027217
0.0023461
0.0027282
0.0029014
0.0027201
0.0025795
0.0043015
0.0028404
0.0010257
-0.0014782
-0.0005281
0.000815
-3.8997e-06
-0.00012251
-4.5859e-05
4.1124e-05
2.926e-05
1.2263e-05
1.428e-05
1.8807e-05
1.9497e-05
2.4674e-05
3.5557e-05
3.9433e-05
3.4528e-05
3.1525e-05
4.3758e-05
5.2204e-05
5.0828e-05
3.4835e-05
4.2885e-05
5.6412e-05
6.1148e-05
3.2483e-05
3.2648e-05
5.2443e-05
6.445e-05
2.7134e-05
1.7321e-05
4.3834e-05
6.1719e-05
1.9146e-05
6.1826e-06
3.3401e-05
5.0195e-05
1.5752e-05
-4.5987e-07
2.1949e-05
3.6057e-05
1.5335e-05
-3.8047e-06
1.1997e-05
2.3615e-05
1.4437e-05
-4.7375e-06
4.623e-06
1.3739e-05
1.204e-05
-4.5859e-06
3.7292e-08
6.5483e-06
7.722e-06
-4.4927e-06
-1.904e-06
1.5048e-06
1.7614e-06
-4.9675e-06
-1.6761e-06
-2.0506e-06
-4.883e-06
-6.2592e-06
4.557e-07
-4.9507e-06
-1.1809e-05
-6.8192e-06
2.1145e-06
-7.6486e-06
-1.6367e-05
-7.5851e-06
1.7023e-06
-9.0521e-06
-1.756e-05
-1.0592e-05
8.0442e-07
-9.0442e-06
-1.742e-05
-1.4081e-05
-9.584e-07
-7.8728e-06
-1.6136e-05
-1.7509e-05
-3.5049e-06
-6.0738e-06
-1.419e-05
-1.9437e-05
-4.5194e-06
-3.8269e-06
-1.5474e-05
-2.5187e-05
-2.8904e-06
2.5229e-05
-2.399e-05
-9.7569e-05
-9.9995e-05
0.00041874
-0.00014152
-0.00090745
-0.00079704
-0.0015717
-0.0022281
-0.0018207
-0.0020095
-0.0021439
-0.0020336
-0.0016857
-0.0020227
-0.0020619
-0.0020598
-0.0020147
-0.0016667
-0.0020358
-0.0020923
-0.0020036
-0.0019027
-0.0017446
-0.002037
-0.0023251
0.00037922
-0.0003459
-0.0014883
-0.00086704
-2.5109e-05
-0.0010687
-0.00096752
-0.00052292
4.2873e-06
-0.0014636
-0.00077974
-0.00019894
-0.00029664
-0.0014795
-0.00041721
-0.00025017
-0.00057636
-0.0012816
-0.00038065
0.00013181
-0.0012416
-0.00080073
7.8273e-05
-0.00084571
-0.00068697
0.00021251
-0.00059552
-0.0019181
0.0010385
-0.00033862
-0.0024628
0.00095892
-0.0010584
-0.00028357
-0.00057562
0.00094758
-0.0026625
0.00019083
0.00054512
-0.0020877
0.0011461
-0.0004542
-0.0016165
0.00043923
-0.00061942
-0.00047861
0.0013462
-0.0031684
0.00035279
0.00036344
-0.0010253
0.00057473
-0.0012753
-0.00032119
0.00089008
-0.0017613
0.00034197
0.00011029
-0.0011012
-0.00024086
-0.0002227
0.0010084
-0.0019243
-0.001108
0.0019124
-0.00054391
-0.0011489
-0.00039779
0.00065171
-0.0010624
0.00061545
-0.0010901
-0.00019958
0.00038818
-0.0011033
0.00074955
-0.0014517
0.00079391
1.3555e-05
-0.00087477
-0.00099014
0.0017871
-0.0014292
0.00050479
-0.00088542
0.00047943
-0.00069246
6.949e-05
-0.00045739
0.00030951
-0.00051004
-0.00041026
0.0003416
-0.00034284
-0.00012617
-0.00024461
0.00017832
-0.0018717
0.0028476
-0.0035391
0.0034285
-0.0018577
-0.0069295
0.0060064
0.022748
-0.040555
0.031634
-0.008499
-0.010747
0.028374
-0.024289
0.0046117
0.012106
-0.00053427
-0.010467
0.011645
0.0040246
-0.0062306
0.0078946
-0.0067254
0.0080981
-0.00043208
0.0017239
0.0020986
0.0013256
0.0024244
0.0016778
0.0014923
0.002957
0.0023786
0.00050875
0.0037081
0.0027123
0.00094794
0.0038588
0.0038801
-0.0057362
0.0070261
