-0.0014181
7.7533e-05
-9.7114e-05
-0.00024152
0.00017537
-7.4615e-05
-8.1997e-06
-8.2448e-06
-2.3958e-05
-2.9045e-06
-2.4683e-05
-1.7571e-05
-1.8566e-05
-1.3782e-05
-5.5053e-07
-0.00026454
0.00026872
0.00041862
5.87e-05
-0.00030156
-0.0014125
-0.0017175
-0.0017646
-0.001695
-0.0015562
-0.0014083
-0.0016069
-0.0016975
-0.0016052
-0.0013522
-0.0014572
-0.0015596
-0.0014896
-0.0012554
-0.0012505
-0.0013318
-0.0012688
-0.0010681
-0.0009818
-0.0010362
-0.00097633
-0.00081076
-0.00068516
-0.00070841
-0.00064785
-0.00051784
-0.00039688
-0.00038539
-0.00031942
-0.00022308
-0.00014373
-9.4614e-05
-1.8936e-05
4.6747e-05
6.7108e-05
0.00015241
0.00023451
0.00027365
0.0002523
0.00034506
0.0004337
0.00045876
0.00041155
0.00048752
0.00058386
0.000604
0.00054448
0.00058439
0.00069098
0.00071322
0.00064942
0.00064458
0.00076141
0.00079019
0.00072847
0.0006725
0.00080122
0.00083856
0.00077939
0.00067588
0.00081548
0.00086339
0.00080678
0.00065968
0.00081334
0.00086354
0.00080497
0.00065081
0.00079065
0.00083624
0.00078437
0.00065359
0.00074721
0.00079447
0.00075781
0.00064592
0.0006957
0.00074635
0.00072306
0.00062957
0.00063971
0.00069549
0.00068381
0.00060604
0.00058088
0.00064309
0.000642
0.00057758
0.0005224
0.00058533
0.00059517
0.00054993
0.00048447
0.00051983
0.00048825
0.00049536
0.00069742
0.00010897
0.00015003
-4.2724e-05
-0.00023529
-0.00015126
0.00013655
-2.4988e-05
-3.0641e-05
4.3023e-06
1.4338e-05
-2.4459e-05
6.2492e-06
-1.706e-05
7.1754e-06
1.8308e-05
-5.9339e-05
2.8351e-05
0.00011551
-5.7134e-05
-0.00024424
0.00015341
0.0011286
0.0034665
9.0295e-05
0.00069166
0.0021171
0.00098823
0.001165
0.0011395
0.0017969
0.0011149
0.00083993
0.0016311
0.0013968
0.0011866
0.0008663
0.0017222
0.0010541
0.001245
0.00096634
0.0016834
0.0012778
0.0013617
0.00032162
0.0019798
0.0020136
0.00043366
0.0011511
0.0013813
0.0018965
0.00059722
0.001818
0.00018786
0.0013163
0.0023228
0.00096556
0.00086824
0.0017582
3.0995e-06
0.0020602
0.0021509
5.7434e-05
0.0022969
0.0003946
0.00070588
0.0024746
0.0020613
-0.00040784
0.0024811
-0.00043638
0.002082
0.0016828
0.0013274
0.00088502
0.0014209
0.0015717
0.00091194
0.0014864
0.0015326
0.00094554
0.0016792
0.0017999
0.00069024
0.0020783
0.00017774
0.0015403
0.0024365
0.0015782
-0.00012667
0.0021079
0.0024689
0.0010263
0.00099718
0.001897
0.001589
0.0013181
0.0012864
0.0021347
0.0011642
0.0019661
0.0024842
7.8461e-05
0.0020899
0.0024527
0.0013491
0.0019444
0.0017539
0.0019811
0.0018106
0.0019714
0.0019261
0.0019684
0.0019896
0.0020251
0.0020174
0.0020491
0.0020768
0.002063
0.0020853
0.0018992
0.0022493
0.00094221
0.0056608
-0.0013017
0.001703
0.002814
-0.0020681
0.014578
-0.0060078
0.0041221
-0.0014216
0.0026144
0.0088373
-0.0017083
-0.0060173
0.012991
0.00013481
-0.0035265
0.0031773
0.0063392
-0.0012921
0.0066359
-0.0028056
0.0050845
0.00022614
0.0028836
0.0014117
0.0024539
0.0026569
0.0014894
0.0013522
0.0036304
0.0013724
0.001065
0.0030574
0.0017425
0.0011472
0.006349
-0.0014181
0.0014181
-7.7532e-05
9.7117e-05
0.00024153
-0.00017537
7.4613e-05
8.2289e-06
8.2187e-06
2.3943e-05
3.0045e-06
2.4518e-05
1.7708e-05
1.8598e-05
1.367e-05
7.578e-07
0.00026431
-0.00026854
-0.00041827
-5.8486e-05
0.00030126
0.0014142
0.0017175
0.0017647
0.0016953
0.0015565
0.0014085
0.0016071
0.0016977
0.0016054
0.0013524
0.0014574
0.0015597
0.0014897
0.0012555
0.0012506
0.0013318
0.0012689
0.0010681
0.00098183
0.0010362
0.00097633
0.00081075
0.00068515
0.00070838
0.0006478
0.00051779
0.00039683
0.00038531
0.00031932
0.00022299
0.00014365
9.4503e-05
1.8808e-05
-4.6872e-05
-6.7208e-05
-0.00015254
-0.00023465
-0.00027379
-0.00025242
-0.0003452
-0.00043386
-0.00045891
-0.00041169
-0.00048766
-0.00058402
-0.00060416
-0.00054461
-0.00058453
-0.00069114
-0.00071338
-0.00064956
-0.00064472
-0.00076156
-0.00079035
-0.00072861
-0.00067262
-0.00080137
-0.00083871
-0.00077953
-0.000676
-0.00081562
-0.00086353
-0.00080691
-0.00065979
-0.00081347
-0.00086367
-0.0008051
-0.00065092
-0.00079078
-0.00083637
-0.00078449
-0.0006537
-0.00074734
-0.00079461
-0.00075794
-0.00064604
-0.00069583
-0.00074649
-0.0007232
-0.0006297
-0.00063984
-0.00069564
-0.00068396
-0.00060618
-0.00058101
-0.00064325
-0.00064216
-0.00057773
-0.00052255
-0.0005855
-0.00059534
-0.00055009
-0.00048461
-0.00052003
-0.00048844
-0.00049548
-0.00069742
-0.00010967
-0.00014993
4.2628e-05
0.00023521
0.00015119
-0.00013655
2.5128e-05
3.043e-05
-4.2833e-06
-1.4147e-05
2.4294e-05
-6.1821e-06
1.7066e-05
-7.1853e-06
-1.8291e-05
5.9346e-05
-2.8344e-05
-0.0001155
5.7144e-05
0.00024426
-0.00015337
-0.0011287
-0.0034666
-9.0313e-05
-0.00069168
-0.0021171
-0.00098824
-0.001165
-0.0011396
-0.001797
-0.0011149
-0.00083994
-0.0016311
-0.0013968
-0.0011866
-0.00086631
-0.0017222
-0.0010541
-0.001245
-0.00096634
-0.0016834
-0.0012778
-0.0013617
-0.00032161
-0.0019798
-0.0020136
-0.00043365
-0.0011511
-0.0013813
-0.0018965
-0.00059721
-0.001818
-0.00018784
-0.0013163
-0.0023228
-0.00096554
-0.00086822
-0.0017582
-3.0709e-06
-0.0020602
-0.0021509
-5.7404e-05
-0.0022969
-0.00039458
-0.00070585
-0.0024746
-0.0020613
0.00040788
-0.0024811
0.00043643
-0.0020819
-0.0016828
-0.0013273
-0.00088498
-0.0014208
-0.0015717
-0.0009119
-0.0014863
-0.0015325
-0.00094551
-0.0016792
-0.0017999
-0.0006902
-0.0020782
-0.00017769
-0.0015403
-0.0024365
-0.0015782
0.00012671
-0.0021079
-0.0024688
-0.0010262
-0.00099714
-0.001897
-0.001589
-0.0013181
-0.0012864
-0.0021347
-0.0011642
-0.001966
-0.0024842
-7.8433e-05
-0.0020899
-0.0024526
-0.0013491
-0.0019444
-0.0017539
-0.001981
-0.0018106
-0.0019714
-0.001926
-0.0019684
-0.0019896
-0.002025
-0.0020174
-0.0020491
-0.0020768
-0.002063
-0.0020853
-0.0018992
-0.0022493
-0.00094218
-0.0056608
0.0013018
-0.001703
-0.002814
0.0020682
-0.014578
0.0060079
-0.0041221
0.0014216
-0.0026144
-0.0088373
0.0017083
0.0060173
-0.012991
-0.00013479
0.0035265
-0.0031773
-0.0063392
0.0012921
-0.0066359
0.0028056
-0.0050845
-0.00022612
-0.0028836
-0.0014117
-0.0024538
-0.0026569
-0.0014894
-0.0013522
-0.0036304
-0.0013723
-0.001065
-0.0030574
-0.0017425
-0.0011471
-0.006349
0.0014181
