-6.1207e-19
-6.1207e-19
-6.1207e-19
-6.1207e-19
-6.1207e-19
-6.1207e-19
-6.1207e-19
-6.1207e-19
-6.1207e-19
-6.1207e-19
-6.1207e-19
-6.1207e-19
-6.1207e-19
-6.1207e-19
-6.1207e-19
-6.1207e-19
-6.1207e-19
-6.1207e-19
-6.1207e-19
-6.1207e-19
0.010101
0.020202
0.030303
0.040404
0.050505
0.060606
0.070707
0.080808
0.090909
0.10101
0.11111
0.12121
0.13131
0.14141
0.15152
0.16162
0.17172
0.18182
0.19192
0.20202
0.21212
0.22222
0.23232
0.24242
0.25253
0.26263
0.27273
0.28283
0.29293
0.30303
0.31313
0.32323
0.33333
0.34343
0.35354
0.36364
0.37374
0.38384
0.39394
0.40404
0.41414
0.42424
0.43434
0.44444
0.45455
0.46465
0.47475
0.48485
0.49495
0.50505
0.51515
0.52525
0.53535
0.54545
0.55556
0.56566
0.57576
0.58586
0.59596
0.60606
0.61616
0.62626
0.63636
0.64646
0.65657
0.66667
0.67677
0.68687
0.69697
0.70707
0.71717
0.72727
0.73737
0.74747
0.75758
0.76768
0.77778
0.78788
0.79798
0.80808
0.81818
0.82828
0.83838
0.84848
0.85859
0.86869
0.87879
0.88889
0.89899
0.90909
0.91919
0.92929
0.93939
0.94949
0.9596
0.9697
0.9798
0.9899
1
1
1
1
1
1
1
1
1
1
1
1
1
1
1
1
1
1
1
1
0.99293
0.98586
0.97879
0.97172
0.96465
0.95758
0.95051
0.94343
0.93636
0.92929
0.92222
0.91515
0.90808
0.90101
0.89394
0.88687
0.8798
0.87273
0.86566
0.85859
0.85152
0.84444
0.83737
0.8303
0.82323
0.81616
0.80909
0.80202
0.79495
0.78788
0.78081
0.77374
0.76667
0.7596
0.75253
0.74545
0.73838
0.73131
0.72424
0.71717
0.7101
0.70303
0.69596
0.68889
0.68182
0.67475
0.66768
0.66061
0.65354
0.64646
0.63939
0.63232
0.62525
0.61818
0.61111
0.60404
0.59697
0.5899
0.58283
0.57576
0.56869
0.56162
0.55455
0.54747
0.5404
0.53333
0.52626
0.51919
0.51212
0.50505
0.49798
0.49091
0.48384
0.47677
0.4697
0.46263
0.45556
0.44848
0.44141
0.43434
0.42727
0.4202
0.41313
0.40606
0.39899
0.39192
0.38485
0.37778
0.37071
0.36364
0.35657
0.34949
0.34242
0.33535
0.32828
0.32121
0.31414
0.30707
0.3
0.29231
0.28462
0.27692
0.26923
0.26154
0.25385
0.24615
0.23846
0.23077
0.22308
0.21538
0.20769
0.2
0.19231
0.18462
0.17692
0.16923
0.16154
0.15385
0.14615
0.13846
0.13077
0.12308
0.11538
0.10769
0.1
0.092308
0.084615
0.076923
0.069231
0.061538
0.053846
0.046154
0.038462
0.030769
0.023077
0.015385
0.0076923
-6.1207e-19
-6.1207e-19
-6.1207e-19
-6.1207e-19
-6.1207e-19
-6.1207e-19
-6.1207e-19
-6.1207e-19
-6.1207e-19
-6.1207e-19
-6.1207e-19
-6.1207e-19
-6.1207e-19
-6.1207e-19
-6.1207e-19
-6.1207e-19
-6.1207e-19
-6.1207e-19
-6.1207e-19
-6.1207e-19
-6.1207e-19
0.010101
0.020202
0.030303
0.040404
0.050505
0.060606
0.070707
0.080808
0.090909
0.10101
0.11111
0.12121
0.13131
0.14141
0.15152
0.16162
0.17172
0.18182
0.19192
0.20202
0.21212
0.22222
0.23232
0.24242
0.25253
0.26263
0.27273
0.28283
0.29293
0.30303
0.31313
0.32323
0.33333
0.34343
0.35354
0.36364
0.37374
0.38384
0.39394
0.40404
0.41414
0.42424
0.43434
0.44444
0.45455
0.46465
0.47475
0.48485
0.49495
0.50505
0.51515
0.52525
0.53535
0.54545
0.55556
0.56566
0.57576
0.58586
0.59596
0.60606
0.61616
0.62626
0.63636
0.64646
0.65657
0.66667
0.67677
0.68687
0.69697
0.70707
0.71717
0.72727
0.73737
0.74747
0.75758
0.76768
0.77778
0.78788
0.79798
0.80808
0.81818
0.82828
0.83838
0.84848
0.85859
0.86869
0.87879
0.88889
0.89899
0.90909
0.91919
0.92929
0.93939
0.94949
0.9596
0.9697
0.9798
0.9899
1
1
1
1
1
1
1
1
1
1
1
1
1
1
1
1
1
1
1
1
0.99293
0.98586
0.97879
0.97172
0.96465
0.95758
0.95051
0.94343
0.93636
0.92929
0.92222
0.91515
0.90808
0.90101
0.89394
0.88687
0.8798
0.87273
0.86566
0.85859
0.85152
0.84444
0.83737
0.8303
0.82323
0.81616
0.80909
0.80202
0.79495
0.78788
0.78081
0.77374
0.76667
0.7596
0.75253
0.74545
0.73838
0.73131
0.72424
0.71717
0.7101
0.70303
0.69596
0.68889
0.68182
0.67475
0.66768
0.66061
0.65354
0.64646
0.63939
0.63232
0.62525
0.61818
0.61111
0.60404
0.59697
0.5899
0.58283
0.57576
0.56869
0.56162
0.55455
0.54747
0.5404
0.53333
0.52626
0.51919
0.51212
0.50505
0.49798
0.49091
0.48384
0.47677
0.4697
0.46263
0.45556
0.44848
0.44141
0.43434
0.42727
0.4202
0.41313
0.40606
0.39899
0.39192
0.38485
0.37778
0.37071
0.36364
0.35657
0.34949
0.34242
0.33535
0.32828
0.32121
0.31414
0.30707
0.3
0.29231
0.28462
0.27692
0.26923
0.26154
0.25385
0.24615
0.23846
0.23077
0.22308
0.21538
0.20769
0.2
0.19231
0.18462
0.17692
0.16923
0.16154
0.15385
0.14615
0.13846
0.13077
0.12308
0.11538
0.10769
0.1
0.092308
0.084615
0.076923
0.069231
0.061538
0.053846
0.046154
0.038462
0.030769
0.023077
0.015385
0.0076923
-6.1207e-19
