1,0.99979,0.9994,0.99881,0.99805,0.99712,0.99604,0.99482,0.99349,0.99207,0.99057,0.98902,0.98745,0.98588,0.98434,0.98284,0.98142,0.98009,0.97888,0.97781,0.97689,0.97613,0.97555,0.97516,0.97496,0.97496,0.97516,0.97555,0.97613,0.97689,0.97781,0.97888,0.98009,0.98142,0.98284,0.98434,0.98588,0.98745,0.98902,0.99057,0.99207,0.99349,0.99482,0.99604,0.99712,0.99805,0.99881,0.9994,0.99979,1
0.98046,0.98026,0.97986,0.97927,0.9785,0.97757,0.97648,0.97525,0.97391,0.97247,0.97096,0.9694,0.96782,0.96623,0.96468,0.96317,0.96174,0.9604,0.95918,0.95809,0.95716,0.9564,0.95582,0.95543,0.95523,0.95523,0.95543,0.95582,0.9564,0.95716,0.95809,0.95918,0.9604,0.96174,0.96317,0.96468,0.96623,0.96782,0.9694,0.97096,0.97247,0.97391,0.97525,0.97648,0.97757,0.9785,0.97927,0.97986,0.98026,0.98046
0.96077,0.96056,0.96015,0.95955,0.95876,0.9578,0.95669,0.95543,0.95406,0.95258,0.95104,0.94944,0.94782,0.9462,0.94461,0.94306,0.94159,0.94023,0.93898,0.93787,0.93691,0.93613,0.93554,0.93513,0.93493,0.93493,0.93513,0.93554,0.93613,0.93691,0.93787,0.93898,0.94023,0.94159,0.94306,0.94461,0.9462,0.94782,0.94944,0.95104,0.95258,0.95406,0.95543,0.95669,0.9578,0.95876,0.95955,0.96015,0.96056,0.96077
0.94127,0.94106,0.94063,0.94001,0.93919,0.93819,0.93703,0.93573,0.9343,0.93277,0.93116,0.9295,0.92782,0.92613,0.92448,0.92288,0.92135,0.91993,0.91863,0.91748,0.91649,0.91568,0.91506,0.91464,0.91443,0.91443,0.91464,0.91506,0.91568,0.91649,0.91748,0.91863,0.91993,0.92135,0.92288,0.92448,0.92613,0.92782,0.9295,0.93116,0.93277,0.9343,0.93573,0.93703,0.93819,0.93919,0.94001,0.94063,0.94106,0.94127
0.92199,0.92176,0.92131,0.92065,0.91979,0.91874,0.91752,0.91615,0.91464,0.91303,0.91134,0.90959,0.90782,0.90604,0.9043,0.90261,0.901,0.89951,0.89814,0.89692,0.89588,0.89503,0.89438,0.89394,0.89371,0.89371,0.89394,0.89438,0.89503,0.89588,0.89692,0.89814,0.89951,0.901,0.90261,0.9043,0.90604,0.90782,0.90959,0.91134,0.91303,0.91464,0.91615,0.91752,0.91874,0.91979,0.92065,0.92131,0.92176,0.92199
0.90293,0.90268,0.90221,0.9015,0.90058,0.89946,0.89816,0.89669,0.89509,0.89337,0.89157,0.8897,0.88781,0.88592,0.88406,0.88226,0.88055,0.87895,0.87749,0.8762,0.87509,0.87418,0.87348,0.87301,0.87278,0.87278,0.87301,0.87348,0.87418,0.87509,0.8762,0.87749,0.87895,0.88055,0.88226,0.88406,0.88592,0.88781,0.8897,0.89157,0.89337,0.89509,0.89669,0.89816,0.89946,0.90058,0.9015,0.90221,0.90268,0.90293
0.8841,0.88384,0.88332,0.88256,0.88157,0.88037,0.87896,0.87738,0.87565,0.8738,0.87185,0.86985,0.86781,0.86577,0.86376,0.86182,0.85998,0.85825,0.85668,0.85529,0.85409,0.85311,0.85236,0.85186,0.8516,0.8516,0.85186,0.85236,0.85311,0.85409,0.85529,0.85668,0.85825,0.85998,0.86182,0.86376,0.86577,0.86781,0.86985,0.87185,0.8738,0.87565,0.87738,0.87896,0.88037,0.88157,0.88256,0.88332,0.88384,0.8841
0.86553,0.86524,0.86468,0.86386,0.86278,0.86146,0.85994,0.85822,0.85634,0.85432,0.8522,0.85002,0.8478,0.84558,0.8434,0.84129,0.83928,0.83741,0.8357,0.83418,0.83288,0.83181,0.831,0.83045,0.83017,0.83017,0.83044,0.831,0.83181,0.83288,0.83418,0.8357,0.83741,0.83928,0.84129,0.8434,0.84558,0.8478,0.85002,0.8522,0.85432,0.85634,0.85822,0.85994,0.86146,0.86278,0.86386,0.86468,0.86524,0.86553
0.84723,0.84692,0.84631,0.8454,0.84422,0.84278,0.8411,0.83921,0.83715,0.83494,0.83262,0.83022,0.82779,0.82536,0.82296,0.82065,0.81845,0.81639,0.81452,0.81286,0.81143,0.81026,0.80936,0.80876,0.80845,0.80845,0.80876,0.80936,0.81026,0.81143,0.81286,0.81452,0.81639,0.81845,0.82065,0.82296,0.82536,0.82779,0.83022,0.83262,0.83494,0.83715,0.83921,0.8411,0.84278,0.84422,0.8454,0.84631,0.84692,0.84723
0.82924,0.82889,0.82822,0.82722,0.82591,0.82432,0.82247,0.82039,0.81811,0.81567,0.81311,0.81046,0.80777,0.80509,0.80245,0.79989,0.79746,0.7952,0.79313,0.79129,0.78971,0.78842,0.78744,0.78677,0.78643,0.78643,0.78677,0.78744,0.78842,0.78971,0.79129,0.79313,0.7952,0.79746,0.79989,0.80245,0.80509,0.80777,0.81046,0.81311,0.81567,0.81811,0.82039,0.82247,0.82432,0.82591,0.82722,0.82822,0.82889,0.82924
0.81158,0.8112,0.81044,0.80933,0.80789,0.80612,0.80407,0.80176,0.79923,0.79652,0.79367,0.79074,0.78776,0.78478,0.78184,0.77901,0.77631,0.7738,0.7715,0.76946,0.76771,0.76628,0.76518,0.76445,0.76407,0.76407,0.76445,0.76518,0.76628,0.76771,0.76946,0.7715,0.77379,0.77631,0.77901,0.78184,0.78478,0.78776,0.79074,0.79367,0.79652,0.79923,0.80176,0.80407,0.80612,0.80789,0.80933,0.81044,0.8112,0.81158
0.79429,0.79386,0.79302,0.79179,0.79017,0.7882,0.78591,0.78334,0.78052,0.7775,0.77433,0.77105,0.76773,0.76441,0.76114,0.75798,0.75497,0.75217,0.74961,0.74734,0.74539,0.74379,0.74257,0.74175,0.74133,0.74133,0.74175,0.74257,0.74379,0.74539,0.74734,0.74961,0.75217,0.75497,0.75798,0.76114,0.76441,0.76773,0.77105,0.77433,0.7775,0.78052,0.78334,0.78591,0.7882,0.79017,0.79179,0.79302,0.79386,0.79429
0.77741,0.77693,0.77599,0.77461,0.7728,0.7706,0.76804,0.76516,0.762,0.75863,0.75508,0.75142,0.7477,0.74398,0.74033,0.73679,0.73343,0.73029,0.72743,0.72489,0.72271,0.72092,0.71955,0.71863,0.71817,0.71817,0.71863,0.71955,0.72092,0.72271,0.72489,0.72743,0.73029,0.73343,0.73679,0.74033,0.74398,0.7477,0.75142,0.75508,0.75863,0.762,0.76516,0.76804,0.7706,0.7728,0.77461,0.77599,0.77693,0.77741
0.76098,0.76045,0.75939,0.75784,0.75581,0.75334,0.75047,0.74724,0.7437,0.73991,0.73593,0.73183,0.72766,0.72349,0.71939,0.71542,0.71165,0.70813,0.70492,0.70207,0.69962,0.69761,0.69608,0.69505,0.69453,0.69453,0.69505,0.69608,0.69761,0.69962,0.70207,0.70492,0.70813,0.71165,0.71542,0.71939,0.72349,0.72766,0.73183,0.73593,0.73991,0.7437,0.74724,0.75047,0.75334,0.75581,0.75784,0.75939,0.76045,0.76098
0.74507,0.74447,0.74328,0.74154,0.73926,0.73648,0.73325,0.72962,0.72564,0.72138,0.71691,0.71229,0.7076,0.70291,0.6983,0.69384,0.6896,0.68564,0.68203,0.67883,0.67608,0.67382,0.6721,0.67094,0.67035,0.67035,0.67094,0.6721,0.67382,0.67608,0.67883,0.68203,0.68564,0.6896,0.69384,0.6983,0.70291,0.7076,0.71229,0.71691,0.72138,0.72564,0.72962,0.73325,0.73648,0.73926,0.74154,0.74328,0.74447,0.74507
0.72973,0.72905,0.72771,0.72575,0.72318,0.72006,0.71642,0.71233,0.70785,0.70305,0.69801,0.69281,0.68753,0.68225,0.67706,0.67203,0.66725,0.6628,0.65873,0.65512,0.65202,0.64948,0.64754,0.64623,0.64557,0.64557,0.64623,0.64754,0.64948,0.65202,0.65512,0.65873,0.6628,0.66725,0.67203,0.67706,0.68225,0.68753,0.69281,0.69801,0.70305,0.70785,0.71233,0.71642,0.72006,0.72318,0.72575,0.72771,0.72905,0.72973
0.71502,0.71426,0.71275,0.71054,0.70764,0.70412,0.70002,0.6954,0.69035,0.68494,0.67926,0.67339,0.66743,0.66148,0.65562,0.64995,0.64456,0.63954,0.63495,0.63088,0.62738,0.62452,0.62233,0.62085,0.62011,0.62011,0.62085,0.62233,0.62452,0.62738,0.63088,0.63495,0.63954,0.64456,0.64995,0.65562,0.66148,0.66743,0.67339,0.67926,0.68494,0.69035,0.6954,0.70002,0.70412,0.70764,0.71054,0.71275,0.71426,0.71502
0.70104,0.70017,0.69848,0.69598,0.69271,0.68873,0.6841,0.67889,0.67319,0.66708,0.66066,0.65404,0.64731,0.64059,0.63397,0.62757,0.62149,0.61581,0.61063,0.60603,0.60208,0.59885,0.59638,0.59471,0.59386,0.59386,0.59471,0.59638,0.59885,0.60208,0.60603,0.61063,0.61581,0.62149,0.62757,0.63397,0.64059,0.64731,0.65404,0.66066,0.66708,0.67319,0.67889,0.6841,0.68873,0.69271,0.69597,0.69848,0.70017,0.70104
0.68786,0.68688,0.68496,0.68214,0.67845,0.67395,0.66872,0.66284,0.6564,0.64949,0.64224,0.63476,0.62716,0.61956,0.61208,0.60485,0.59797,0.59155,0.58569,0.58049,0.57603,0.57237,0.56958,0.56769,0.56674,0.56674,0.56769,0.56958,0.57237,0.57603,0.58049,0.58569,0.59155,0.59797,0.60485,0.61208,0.61956,0.62716,0.63476,0.64224,0.64949,0.6564,0.66284,0.66872,0.67395,0.67845,0.68214,0.68496,0.68688,0.68786
0.67558,0.67448,0.67231,0.66912,0.66495,0.65987,0.65395,0.6473,0.64002,0.63221,0.62401,0.61555,0.60695,0.59836,0.5899,0.58172,0.57394,0.56668,0.56006,0.55418,0.54913,0.54499,0.54183,0.5397,0.53862,0.53862,0.5397,0.54183,0.54499,0.54913,0.55418,0.56006,0.56668,0.57394,0.58172,0.5899,0.59836,0.60695,0.61555,0.62401,0.63221,0.64002,0.6473,0.65395,0.65987,0.66495,0.66912,0.67231,0.67448,0.67558
0.66431,0.66307,0.66062,0.65701,0.65229,0.64655,0.63986,0.63234,0.6241,0.61527,0.60599,0.59642,0.58669,0.57696,0.5674,0.55814,0.54933,0.54111,0.53362,0.52696,0.52125,0.51657,0.51299,0.51057,0.50936,0.50936,0.51057,0.51299,0.51657,0.52125,0.52696,0.53362,0.54111,0.54933,0.55814,0.5674,0.57696,0.58669,0.59642,0.60599,0.61527,0.6241,0.63234,0.63986,0.64655,0.65229,0.65701,0.66062,0.66307,0.66431
0.65418,0.65278,0.65001,0.64592,0.64059,0.63409,0.62653,0.61801,0.60869,0.5987,0.5882,0.57736,0.56635,0.55534,0.54451,0.53402,0.52405,0.51475,0.50626,0.49872,0.49225,0.48695,0.4829,0.48017,0.47879,0.47879,0.48017,0.4829,0.48695,0.49225,0.49872,0.50626,0.51475,0.52405,0.53402,0.54451,0.55534,0.56635,0.57736,0.5882,0.5987,0.60869,0.61801,0.62652,0.63409,0.64059,0.64592,0.65001,0.65277,0.65418
0.64533,0.64373,0.6406,0.63598,0.62995,0.6226,0.61404,0.6044,0.59385,0.58254,0.57066,0.55838,0.54591,0.53345,0.52118,0.5093,0.49801,0.48747,0.47786,0.46932,0.46199,0.45598,0.4514,0.4483,0.44674,0.44674,0.4483,0.4514,0.45598,0.46199,0.46932,0.47786,0.48747,0.49801,0.5093,0.52118,0.53345,0.54591,0.55838,0.57066,0.58254,0.59385,0.6044,0.61403,0.6226,0.62995,0.63598,0.6406,0.64373,0.64533
0.63789,0.63609,0.63255,0.62732,0.6205,0.61217,0.60249,0.59158,0.57964,0.56683,0.55337,0.53947,0.52535,0.51123,0.49733,0.48387,0.47107,0.45914,0.44824,0.43857,0.43027,0.42346,0.41826,0.41475,0.41298,0.41298,0.41475,0.41826,0.42346,0.43027,0.43857,0.44824,0.45914,0.47107,0.48387,0.49733,0.51123,0.52535,0.53947,0.55337,0.56683,0.57964,0.59158,0.60249,0.61217,0.6205,0.62732,0.63255,0.63609,0.63789
0.63204,0.63,0.626,0.62009,0.61236,0.60295,0.59198,0.57964,0.56611,0.55162,0.53637,0.52063,0.50462,0.48862,0.47287,0.45762,0.44312,0.42959,0.41724,0.40628,0.39687,0.38916,0.38327,0.37929,0.37728,0.37728,0.37929,0.38327,0.38916,0.39687,0.40628,0.41724,0.42959,0.44312,0.45762,0.47287,0.48862,0.50462,0.52063,0.53637,0.55162,0.56611,0.57964,0.59198,0.60295,0.61236,0.62009,0.626,0.63,0.63204
0.62796,0.62566,0.62113,0.61444,0.6057,0.59505,0.58264,0.56867,0.55335,0.53693,0.51966,0.50182,0.48369,0.46555,0.4477,0.43042,0.41398,0.39864,0.38464,0.37222,0.36155,0.35281,0.34613,0.34162,0.33935,0.33935,0.34162,0.34613,0.35281,0.36155,0.37222,0.38464,0.39864,0.41398,0.43042,0.4477,0.46555,0.48369,0.50182,0.51966,0.53693,0.55335,0.56867,0.58264,0.59505,0.6057,0.61444,0.62113,0.62566,0.62796
0.62584,0.62324,0.61812,0.61056,0.60068,0.58862,0.57458,0.55876,0.54142,0.52282,0.50325,0.48304,0.46248,0.44193,0.42169,0.40209,0.38345,0.36606,0.3502,0.33611,0.32402,0.31411,0.30654,0.30143,0.29885,0.29885,0.30143,0.30654,0.31411,0.32402,0.33611,0.3502,0.36606,0.38345,0.40209,0.42169,0.44193,0.46248,0.48304,0.50325,0.52282,0.54142,0.55876,0.57458,0.58862,0.60068,0.61056,0.61812,0.62324,0.62584
0.62591,0.62296,0.61718,0.60863,0.59745,0.58382,0.56793,0.55002,0.53038,0.50931,0.48715,0.46423,0.44093,0.41763,0.39468,0.37246,0.35132,0.3316,0.31361,0.29764,0.28393,0.2727,0.26412,0.25832,0.2554,0.2554,0.25832,0.26412,0.2727,0.28393,0.29764,0.31361,0.3316,0.35132,0.37246,0.39468,0.41762,0.44093,0.46423,0.48715,0.50931,0.53038,0.55002,0.56793,0.58382,0.59745,0.60863,0.61718,0.62296,0.62591
0.62838,0.62505,0.61851,0.60886,0.59622,0.5808,0.56282,0.54256,0.52032,0.49645,0.47133,0.44535,0.41894,0.39251,0.36648,0.34128,0.3173,0.29494,0.27454,0.25643,0.24088,0.22815,0.21843,0.21186,0.20855,0.20855,0.21186,0.21843,0.22815,0.24088,0.25643,0.27454,0.29494,0.3173,0.34128,0.36648,0.39251,0.41894,0.44535,0.47133,0.49645,0.52032,0.54255,0.56282,0.5808,0.59622,0.60886,0.61851,0.62505,0.62838
0.63349,0.62974,0.62236,0.61145,0.59717,0.57974,0.5594,0.53647,0.51128,0.48425,0.45578,0.42633,0.39637,0.36639,0.33686,0.30827,0.28108,0.25572,0.23258,0.21204,0.19442,0.17999,0.16896,0.16152,0.15777,0.15777,0.16152,0.16896,0.17999,0.19442,0.21204,0.23258,0.25572,0.28108,0.30827,0.33686,0.36639,0.39637,0.42633,0.45578,0.48425,0.51128,0.53647,0.5594,0.57974,0.59717,0.61145,0.62236,0.62974,0.63349
0.6415,0.63727,0.62894,0.61663,0.60051,0.5808,0.55781,0.53185,0.50334,0.47271,0.44044,0.40704,0.37306,0.33904,0.30554,0.27311,0.24225,0.21348,0.18724,0.16396,0.14398,0.12762,0.11513,0.10669,0.10244,0.10244,0.10669,0.11513,0.12762,0.14398,0.16396,0.18724,0.21348,0.24225,0.27311,0.30554,0.33904,0.37306,0.40704,0.44044,0.47271,0.50334,0.53185,0.5578,0.5808,0.60051,0.61663,0.62894,0.63727,0.6415
0.65266,0.6479,0.63851,0.62462,0.60642,0.58417,0.55817,0.52881,0.49653,0.46182,0.42524,0.38736,0.3488,0.31019,0.27217,0.23536,0.20035,0.16771,0.13795,0.11155,0.088903,0.070364,0.056211,0.046657,0.041845,0.041845,0.046657,0.056211,0.070364,0.088903,0.11155,0.13795,0.16771,0.20035,0.23536,0.27217,0.31019,0.3488,0.38736,0.42524,0.46182,0.49653,0.52881,0.55817,0.58417,0.60642,0.62462,0.63851,0.6479,0.65266
0.66722,0.66186,0.65129,0.63564,0.61512,0.59,0.56063,0.52742,0.49088,0.45155,0.41005,0.36707,0.3233,0.27947,0.23631,0.19452,0.15479,0.11776,0.084016,0.054082,0.02842,0.007418,-0.0086105,-0.019428,-0.024877,-0.024877,-0.019428,-0.0086105,0.007418,0.02842,0.054082,0.084016,0.11776,0.15479,0.19452,0.23631,0.27947,0.3233,0.36707,0.41005,0.45154,0.49088,0.52742,0.56063,0.59,0.61512,0.63564,0.65129,0.66186,0.66722
0.68541,0.67939,0.6675,0.64989,0.62678,0.59845,0.56528,0.52774,0.48636,0.44178,0.39471,0.34592,0.29622,0.24644,0.19741,0.14996,0.10487,0.06286,0.024596,-0.0093292,-0.038399,-0.062181,-0.080324,-0.092566,-0.098731,-0.098731,-0.092566,-0.080324,-0.062181,-0.038399,-0.0093292,0.024596,0.06286,0.10487,0.14996,0.19741,0.24644,0.29622,0.34592,0.39471,0.44178,0.48636,0.52773,0.56528,0.59845,0.62678,0.64989,0.6675,0.67939,0.68541
0.70743,0.70069,0.68735,0.66756,0.64156,0.60964,0.57221,0.52977,0.48292,0.43239,0.37897,0.32355,0.26707,0.2105,0.1548,0.10091,0.049721,0.0020631,-0.041315,-0.079749,-0.11266,-0.13957,-0.1601,-0.17394,-0.18091,-0.18091,-0.17394,-0.1601,-0.13957,-0.11266,-0.079749,-0.041315,0.0020631,0.049721,0.10091,0.1548,0.2105,0.26707,0.32355,0.37897,0.43239,0.48292,0.52977,0.57221,0.60964,0.64156,0.66756,0.68734,0.70068,0.70743
0.73345,0.7259,0.71096,0.68878,0.65957,0.62365,0.58144,0.53348,0.48045,0.42313,0.36247,0.29947,0.23525,0.17092,0.1076,0.046375,-0.011733,-0.065787,-0.11494,-0.15846,-0.1957,-0.22613,-0.24932,-0.26496,-0.27283,-0.27283,-0.26496,-0.24932,-0.22613,-0.1957,-0.15846,-0.11494,-0.065787,-0.011733,0.046375,0.1076,0.17092,0.23525,0.29947,0.36247,0.42313,0.48045,0.53348,0.58144,0.62365,0.65957,0.68878,0.71096,0.7259,0.73345
0.76353,0.75512,0.73843,0.71361,0.68086,0.6405,0.59295,0.53878,0.47873,0.41369,0.34473,0.27305,0.19995,0.12673,0.05471,-0.014862,-0.080822,-0.14211,-0.19778,-0.24702,-0.28911,-0.32348,-0.34965,-0.3673,-0.37618,-0.37618,-0.3673,-0.34965,-0.32348,-0.28911,-0.24702,-0.19778,-0.14211,-0.080822,-0.014862,0.05471,0.12673,0.19995,0.27305,0.34473,0.41369,0.47873,0.53878,0.59295,0.6405,0.68086,0.71361,0.73843,0.75512,0.76353
0.79765,0.7883,0.76972,0.74203,0.70541,0.66013,0.60662,0.54546,0.47743,0.40356,0.32508,0.24342,0.1601,0.076687,-0.0052785,-0.084354,-0.15921,-0.22866,-0.29166,-0.3473,-0.39482,-0.43358,-0.46308,-0.48295,-0.49295,-0.49295,-0.48295,-0.46308,-0.43358,-0.39482,-0.3473,-0.29166,-0.22866,-0.15921,-0.084354,-0.0052784,0.076687,0.1601,0.24342,0.32508,0.40356,0.47743,0.54546,0.60662,0.66013,0.70541,0.74203,0.76972,0.7883,0.79765
0.83562,0.82527,0.80466,0.77387,0.73303,0.68236,0.62222,0.55319,0.47609,0.39208,0.30261,0.20939,0.11428,0.019144,-0.074197,-0.16408,-0.24899,-0.32763,-0.39882,-0.46161,-0.51515,-0.55879,-0.59197,-0.61431,-0.62555,-0.62555,-0.61431,-0.59197,-0.55879,-0.51515,-0.46161,-0.39882,-0.32763,-0.24899,-0.16408,-0.074197,0.019144,0.11428,0.20939,0.30261,0.39208,0.47609,0.55319,0.62222,0.68236,0.73303,0.77387,0.80466,0.82527,0.83562
0.87706,0.86566,0.84289,0.80879,0.7634,0.70684,0.63936,0.56147,0.47401,0.37829,0.27603,0.16936,0.060565,-0.048077,-0.15443,-0.25656,-0.3528,-0.4417,-0.52203,-0.59273,-0.65294,-0.70194,-0.73918,-0.76424,-0.77683,-0.77683,-0.76424,-0.73918,-0.70194,-0.65294,-0.59273,-0.52203,-0.4417,-0.3528,-0.25656,-0.15443,-0.048077,0.060565,0.16936,0.27603,0.37829,0.47401,0.56147,0.63936,0.70684,0.7634,0.80879,0.84289,0.86566,0.87706
0.92134,0.90883,0.8838,0.8462,0.79597,0.73304,0.65747,0.5696,0.47025,0.36087,0.24359,0.12111,-0.0036583,-0.1279,-0.24909,-0.36506,-0.47396,-0.57426,-0.66466,-0.74406,-0.81157,-0.86645,-0.90812,-0.93614,-0.95022,-0.95022,-0.93614,-0.90812,-0.86645,-0.81157,-0.74406,-0.66466,-0.57426,-0.47396,-0.36506,-0.24909,-0.1279,-0.0036581,0.12111,0.24359,0.36087,0.47025,0.5696,0.65747,0.73304,0.79597,0.8462,0.8838,0.90883,0.92134
0.96751,0.95385,0.92647,0.88523,0.82991,0.76017,0.67573,0.57663,0.46351,0.33797,0.20275,0.061471,-0.082039,-0.22428,-0.36232,-0.49377,-0.61668,-0.72949,-0.83088,-0.91975,-0.99519,-1.0564,-1.1029,-1.1341,-1.1498,-1.1498,-1.1341,-1.1029,-1.0564,-0.99519,-0.91975,-0.83088,-0.72949,-0.61668,-0.49377,-0.36232,-0.22428,-0.082039,0.061471,0.20275,0.33797,0.46351,0.57663,0.67573,0.76017,0.82991,0.88523,0.92646,0.95385,0.96751
1.0143,0.99944,0.9696,0.92463,0.86406,0.78715,0.69307,0.58127,0.45201,0.307,0.14986,-0.014133,-0.17975,-0.34266,-0.49959,-0.64809,-0.78626,-0.91258,-1.0258,-1.1248,-1.2087,-1.2768,-1.3284,-1.3631,-1.3805,-1.3805,-1.3631,-1.3284,-1.2768,-1.2087,-1.1248,-1.0258,-0.91258,-0.78626,-0.64809,-0.49959,-0.34266,-0.17975,-0.014132,0.14986,0.307,0.45201,0.58127,0.69307,0.78715,0.86406,0.92463,0.9696,0.99944,1.0143
1.0602,1.044,1.0115,0.96278,0.89694,0.81265,0.70819,0.582,0.43348,0.26423,0.079346,-0.11261,-0.30425,-0.49051,-0.66814,-0.83494,-0.9893,-1.1299,-1.2556,-1.3653,-1.4582,-1.5335,-1.5905,-1.6288,-1.6481,-1.6481,-1.6288,-1.5905,-1.5335,-1.4582,-1.3653,-1.2556,-1.1299,-0.9893,-0.83494,-0.66814,-0.49051,-0.30425,-0.11261,0.079347,0.26423,0.43348,0.582,0.70819,0.81265,0.89694,0.96278,1.0115,1.044,1.0602
1.1033,1.0855,1.0503,0.99778,0.92689,0.83526,0.71979,0.57719,0.40509,0.20427,-0.017826,-0.24482,-0.46654,-0.67815,-0.87742,-1.063,-1.2339,-1.3892,-1.5277,-1.6486,-1.7508,-1.8336,-1.8964,-1.9385,-1.9596,-1.9596,-1.9385,-1.8964,-1.8336,-1.7508,-1.6486,-1.5277,-1.3892,-1.2339,-1.063,-0.87742,-0.67815,-0.46654,-0.24482,-0.017825,0.20427,0.40509,0.57719,0.71979,0.83526,0.92689,0.99778,1.0503,1.0855,1.1033
1.1423,1.1224,1.0839,1.0279,0.95256,0.85408,0.72728,0.56599,0.36412,0.11942,-0.15756,-0.4284,-0.6826,-0.91935,-1.1394,-1.343,-1.53,-1.6996,-1.8511,-1.9832,-2.095,-2.1857,-2.2543,-2.3004,-2.3235,-2.3235,-2.3004,-2.2543,-2.1857,-2.095,-1.9832,-1.8511,-1.6996,-1.53,-1.343,-1.1394,-0.91935,-0.6826,-0.4284,-0.15756,0.11942,0.36413,0.56599,0.72728,0.85408,0.95256,1.0279,1.0839,1.1224,1.1423
1.1771,1.1537,1.111,1.0523,0.97401,0.87003,0.73252,0.55081,0.31083,-0.00027483,-0.37077,-0.69129,-0.97391,-1.2309,-1.4679,-1.6871,-1.8887,-2.0721,-2.2361,-2.3796,-2.5011,-2.5997,-2.6744,-2.7245,-2.7497,-2.7497,-2.7245,-2.6744,-2.5997,-2.5011,-2.3796,-2.2361,-2.0721,-1.8887,-1.6871,-1.4679,-1.2309,-0.97391,-0.69129,-0.37077,-0.00027462,0.31083,0.55081,0.73252,0.87003,0.97401,1.0523,1.111,1.1537,1.1771
1.2111,1.181,1.1319,1.0726,0.99426,0.88758,0.74249,0.54276,0.25871,-0.16073,-0.72085,-1.0666,-1.3599,-1.6282,-1.877,-2.1084,-2.3226,-2.5187,-2.695,-2.8497,-2.9811,-3.0878,-3.1686,-3.2229,-3.2502,-3.2502,-3.2229,-3.1686,-3.0878,-2.9811,-2.8497,-2.695,-2.5187,-2.3226,-2.1084,-1.877,-1.6282,-1.3599,-1.0666,-0.72085,-0.16073,0.25871,0.54276,0.74249,0.88758,0.99426,1.0726,1.1319,1.181,1.2111
1.2497,1.2035,1.1423,1.0887,1.0158,0.91099,0.76597,0.56244,0.25684,-0.30391,-1.325,-1.5324,-1.8252,-2.1101,-2.3739,-2.618,-2.8446,-3.0533,-3.2419,-3.408,-3.5494,-3.6643,-3.7514,-3.8099,-3.8392,-3.8392,-3.8099,-3.7514,-3.6643,-3.5494,-3.408,-3.2419,-3.0533,-2.8446,-2.618,-2.3739,-2.1101,-1.8252,-1.5324,-1.325,-0.30391,0.25684,0.56244,0.76597,0.91099,1.0158,1.0887,1.1423,1.2034,1.2497
0.96843,0.80461,0.73707,0.71108,0.65255,0.55567,0.4231,0.24072,0.0075062,-0.16982,-2.6523,-1.9058,-2.2964,-2.6493,-2.9528,-3.2216,-3.4664,-3.6906,-3.8931,-4.0715,-4.2233,-4.3466,-4.4399,-4.5025,-4.5338,-4.5338,-4.5025,-4.4399,-4.3466,-4.2233,-4.0715,-3.8931,-3.6906,-3.4664,-3.2216,-2.9528,-2.6493,-2.2964,-1.9058,-2.6523,-0.16982,0.0075062,0.24072,0.4231,0.55569,0.65253,0.7111,0.7371,0.80457,0.96842
-29.04,-35.265,-32.611,-32.636,-32.658,-32.658,-32.634,-32.591,-32.49,-32.279,-28.049,-4.1519,-2.8332,-3.2078,-3.5898,-3.9131,-4.1957,-4.4461,-4.6676,-4.8604,-5.0235,-5.1553,-5.2547,-5.3211,-5.3544,-5.3544,-5.3211,-5.2547,-5.1553,-5.0235,-4.8604,-4.6676,-4.4461,-4.1957,-3.9131,-3.5898,-3.2078,-2.8332,-4.1519,-28.049,-32.279,-32.49,-32.591,-32.634,-32.658,-32.658,-32.636,-32.611,-35.265,-29.04
-30.794,-35.231,-33.05,-33.042,-33.053,-33.052,-33.036,-33.007,-32.964,-32.938,-32.89,-24.265,-7.9073,-3.8626,-4.2462,-4.6687,-5.032,-5.3349,-5.5876,-5.7999,-5.9757,-6.1159,-6.2206,-6.2899,-6.3244,-6.3244,-6.2899,-6.2206,-6.1159,-5.9757,-5.7999,-5.5876,-5.3349,-5.032,-4.6687,-4.2462,-3.8626,-7.9073,-24.265,-32.89,-32.938,-32.964,-33.007,-33.036,-33.052,-33.053,-33.042,-33.05,-35.231,-30.794
-30.812,-35.212,-33.071,-33.058,-33.066,-33.067,-33.061,-33.049,-33.034,-33.032,-33.064,-32.872,-28.209,-10.458,-5.0385,-5.458,-5.9719,-6.3735,-6.6795,-6.9194,-7.1098,-7.2579,-7.3667,-7.4378,-7.473,-7.473,-7.4378,-7.3667,-7.2579,-7.1098,-6.9194,-6.6795,-6.3735,-5.9719,-5.458,-5.0385,-10.458,-28.209,-32.872,-33.064,-33.032,-33.034,-33.048,-33.061,-33.067,-33.066,-33.058,-33.071,-35.211,-30.813
-30.934,-35.134,-33.093,-33.081,-33.089,-33.094,-33.096,-33.096,-33.095,-33.098,-33.11,-33.116,-33.071,-29.351,-12.604,-6.4179,-7.0192,-7.5847,-7.9745,-8.2568,-8.4669,-8.621,-8.7286,-8.797,-8.8303,-8.8303,-8.797,-8.7286,-8.621,-8.4669,-8.2568,-7.9745,-7.5847,-7.0192,-6.4179,-12.604,-29.351,-33.071,-33.116,-33.11,-33.098,-33.095,-33.096,-33.096,-33.094,-33.089,-33.081,-33.093,-35.134,-30.934
-31.118,-35.018,-33.125,-33.115,-33.125,-33.134,-33.143,-33.151,-33.16,-33.168,-33.176,-33.181,-33.179,-33.043,-29.366,-13.487,-8.2638,-8.9895,-9.5032,-9.8488,-10.085,-10.244,-10.347,-10.408,-10.437,-10.437,-10.408,-10.347,-10.244,-10.085,-9.8488,-9.5032,-8.9895,-8.2638,-13.487,-29.366,-33.043,-33.179,-33.18,-33.176,-33.168,-33.16,-33.151,-33.143,-33.134,-33.125,-33.115,-33.125,-35.017,-31.118
-31.373,-34.859,-33.167,-33.16,-33.171,-33.184,-33.199,-33.216,-33.233,-33.249,-33.262,-33.269,-33.264,-33.233,-33.076,-28.276,-14.006,-10.58,-11.245,-11.752,-12.043,-12.192,-12.268,-12.306,-12.323,-12.323,-12.306,-12.268,-12.192,-12.043,-11.752,-11.245,-10.58,-14.006,-28.276,-33.076,-33.233,-33.264,-33.269,-33.262,-33.249,-33.233,-33.216,-33.199,-33.184,-33.171,-33.159,-33.167,-34.859,-31.373
-31.682,-34.666,-33.217,-33.211,-33.224,-33.24,-33.261,-33.285,-33.312,-33.337,-33.36,-33.375,-33.38,-33.372,-33.364,-33.276,-26.171,-13.819,-13.186,-13.971,-14.371,-14.517,-14.551,-14.547,-14.538,-14.538,-14.547,-14.551,-14.517,-14.371,-13.971,-13.186,-13.819,-26.171,-33.275,-33.364,-33.372,-33.38,-33.375,-33.36,-33.337,-33.312,-33.285,-33.261,-33.24,-33.224,-33.211,-33.217,-34.666,-31.683
-32.029,-34.448,-33.271,-33.267,-33.281,-33.3,-33.326,-33.357,-33.391,-33.426,-33.459,-33.483,-33.496,-33.492,-33.479,-33.492,-33.425,-22.375,-15.117,-16.915,-17.314,-17.316,-17.226,-17.142,-17.094,-17.094,-17.142,-17.226,-17.316,-17.314,-16.915,-15.117,-22.375,-33.425,-33.492,-33.479,-33.492,-33.496,-33.483,-33.459,-33.426,-33.391,-33.357,-33.326,-33.3,-33.281,-33.267,-33.271,-34.447,-32.03
-32.396,-34.214,-33.327,-33.325,-33.338,-33.36,-33.389,-33.425,-33.466,-33.509,-33.551,-33.585,-33.606,-33.604,-33.565,-33.441,-32.995,-30.438,-24.935,-20.607,-20.693,-20.618,-20.365,-20.138,-20.015,-20.015,-20.138,-20.365,-20.618,-20.693,-20.607,-24.935,-30.438,-32.995,-33.441,-33.565,-33.604,-33.606,-33.585,-33.551,-33.509,-33.466,-33.425,-33.389,-33.36,-33.338,-33.325,-33.327,-34.214,-32.396
-32.763,-33.976,-33.382,-33.38,-33.393,-33.415,-33.446,-33.486,-33.531,-33.58,-33.629,-33.673,-33.706,-33.723,-33.717,-33.683,-33.67,-33.981,-27.059,-22.149,-24.733,-24.492,-23.9,-23.469,-23.253,-23.253,-23.469,-23.9,-24.492,-24.733,-22.149,-27.059,-33.981,-33.67,-33.683,-33.717,-33.723,-33.706,-33.673,-33.629,-33.58,-33.531,-33.486,-33.446,-33.415,-33.393,-33.38,-33.381,-33.976,-32.763
-33.116,-33.743,-33.432,-33.431,-33.443,-33.464,-33.496,-33.536,-33.583,-33.635,-33.687,-33.737,-33.778,-33.805,-33.81,-33.776,-33.666,-33.27,-31.078,-31.867,-30.882,-29.013,-27.796,-27.076,-26.742,-26.742,-27.076,-27.796,-29.013,-30.882,-31.867,-31.078,-33.27,-33.666,-33.776,-33.81,-33.805,-33.778,-33.736,-33.687,-33.635,-33.583,-33.536,-33.496,-33.464,-33.443,-33.431,-33.432,-33.743,-33.117
-33.443,-33.523,-33.477,-33.477,-33.486,-33.506,-33.536,-33.575,-33.621,-33.672,-33.725,-33.775,-33.82,-33.854,-33.873,-33.877,-33.901,-34.164,-35.432,-35.969,-33.299,-32.498,-31.495,-30.73,-30.342,-30.342,-30.73,-31.495,-32.498,-33.299,-35.969,-35.432,-34.164,-33.901,-33.877,-33.873,-33.854,-33.82,-33.775,-33.725,-33.672,-33.621,-33.575,-33.536,-33.506,-33.486,-33.477,-33.477,-33.523,-33.443
-33.735,-33.322,-33.515,-33.516,-33.523,-33.54,-33.566,-33.602,-33.645,-33.693,-33.743,-33.792,-33.837,-33.872,-33.891,-33.884,-33.829,-33.709,-33.274,-31.146,-35.736,-35.769,-35.09,-34.365,-33.953,-33.953,-34.365,-35.09,-35.769,-35.736,-31.146,-33.274,-33.709,-33.829,-33.883,-33.891,-33.872,-33.837,-33.792,-33.743,-33.693,-33.645,-33.602,-33.566,-33.54,-33.523,-33.516,-33.515,-33.322,-33.735
-33.988,-33.144,-33.547,-33.548,-33.553,-33.566,-33.589,-33.621,-33.659,-33.702,-33.748,-33.793,-33.835,-33.872,-33.9,-33.911,-33.891,-33.787,-33.332,-32.5,-38.896,-39.489,-38.795,-37.97,-37.495,-37.495,-37.97,-38.795,-39.489,-38.896,-32.5,-33.332,-33.787,-33.891,-33.911,-33.9,-33.872,-33.835,-33.793,-33.747,-33.702,-33.659,-33.621,-33.589,-33.566,-33.553,-33.548,-33.547,-33.144,-33.989
-34.202,-32.99,-33.573,-33.575,-33.577,-33.587,-33.606,-33.632,-33.664,-33.702,-33.741,-33.782,-33.822,-33.859,-33.894,-33.928,-33.968,-34.031,-34.147,-34.546,-44.656,-44.031,-42.602,-41.448,-40.85,-40.85,-41.448,-42.602,-44.031,-44.656,-34.546,-34.147,-34.031,-33.968,-33.928,-33.894,-33.859,-33.822,-33.782,-33.741,-33.702,-33.664,-33.632,-33.606,-33.587,-33.577,-33.575,-33.573,-32.99,-34.202
-34.378,-32.861,-33.593,-33.596,-33.596,-33.603,-33.617,-33.638,-33.665,-33.696,-33.729,-33.764,-33.799,-33.834,-33.87,-33.91,-33.963,-34.051,-34.232,-34.947,-48.673,-47.562,-45.825,-44.495,-43.822,-43.822,-44.495,-45.825,-47.562,-48.673,-34.947,-34.232,-34.051,-33.963,-33.91,-33.87,-33.834,-33.799,-33.764,-33.729,-33.696,-33.665,-33.638,-33.617,-33.603,-33.596,-33.596,-33.593,-32.861,-34.378
-34.519,-32.755,-33.609,-33.613,-33.611,-33.615,-33.626,-33.642,-33.663,-33.687,-33.715,-33.743,-33.773,-33.803,-33.835,-33.87,-33.913,-33.971,-34.066,-34.734,-50.271,-49.578,-48.128,-46.899,-46.253,-46.253,-46.899,-48.128,-49.578,-50.271,-34.734,-34.066,-33.971,-33.913,-33.87,-33.835,-33.803,-33.773,-33.743,-33.715,-33.687,-33.663,-33.642,-33.626,-33.615,-33.611,-33.612,-33.609,-32.754,-34.519
-34.63,-32.669,-33.621,-33.626,-33.623,-33.625,-33.632,-33.644,-33.66,-33.679,-33.7,-33.723,-33.746,-33.771,-33.797,-33.826,-33.86,-33.899,-33.958,-35.11,-51.257,-50.807,-49.688,-48.663,-48.102,-48.102,-48.663,-49.688,-50.807,-51.257,-35.11,-33.958,-33.899,-33.86,-33.826,-33.797,-33.771,-33.746,-33.723,-33.7,-33.679,-33.66,-33.644,-33.632,-33.625,-33.623,-33.626,-33.621,-32.669,-34.63
-34.715,-32.603,-33.63,-33.636,-33.633,-33.633,-33.637,-33.646,-33.657,-33.671,-33.687,-33.705,-33.723,-33.742,-33.762,-33.786,-33.815,-33.848,-33.907,-35.952,-51.916,-51.579,-50.702,-49.876,-49.413,-49.413,-49.876,-50.702,-51.579,-51.916,-35.952,-33.907,-33.848,-33.815,-33.786,-33.762,-33.742,-33.723,-33.705,-33.687,-33.671,-33.657,-33.646,-33.637,-33.633,-33.633,-33.636,-33.63,-32.603,-34.716
-34.779,-32.552,-33.637,-33.644,-33.64,-33.64,-33.642,-33.648,-33.656,-33.666,-33.678,-33.69,-33.703,-33.717,-33.733,-33.752,-33.778,-33.814,-33.899,-37.19,-52.323,-52.008,-51.293,-50.632,-50.261,-50.261,-50.632,-51.293,-52.008,-52.323,-37.19,-33.899,-33.814,-33.778,-33.752,-33.733,-33.717,-33.703,-33.69,-33.677,-33.666,-33.656,-33.647,-33.642,-33.64,-33.64,-33.644,-33.637,-32.552,-34.779
-34.826,-32.515,-33.642,-33.65,-33.647,-33.645,-33.646,-33.65,-33.655,-33.662,-33.671,-33.68,-33.689,-33.698,-33.708,-33.722,-33.743,-33.781,-33.901,-38.684,-52.39,-52.095,-51.527,-51.016,-50.729,-50.729,-51.016,-51.527,-52.095,-52.39,-38.684,-33.901,-33.781,-33.743,-33.722,-33.708,-33.698,-33.689,-33.68,-33.671,-33.662,-33.655,-33.65,-33.646,-33.645,-33.647,-33.65,-33.642,-32.515,-34.826
-34.859,-32.489,-33.646,-33.655,-33.652,-33.65,-33.65,-33.652,-33.656,-33.661,-33.667,-33.673,-33.679,-33.684,-33.689,-33.695,-33.705,-33.732,-33.885,-40.423,-52.119,-51.897,-51.48,-51.11,-50.902,-50.902,-51.11,-51.48,-51.897,-52.119,-40.423,-33.884,-33.732,-33.705,-33.695,-33.689,-33.684,-33.679,-33.673,-33.667,-33.661,-33.656,-33.652,-33.65,-33.65,-33.652,-33.655,-33.646,-32.489,-34.859
-34.881,-32.472,-33.649,-33.659,-33.656,-33.655,-33.654,-33.655,-33.658,-33.661,-33.665,-33.67,-33.674,-33.677,-33.678,-33.675,-33.666,-33.649,-33.727,-42.189,-51.65,-51.485,-51.231,-50.998,-50.862,-50.862,-50.998,-51.231,-51.485,-51.65,-42.189,-33.727,-33.649,-33.666,-33.675,-33.678,-33.677,-33.674,-33.67,-33.665,-33.661,-33.657,-33.655,-33.654,-33.655,-33.656,-33.659,-33.649,-32.472,-34.881
-34.895,-32.462,-33.652,-33.663,-33.66,-33.658,-33.658,-33.658,-33.66,-33.662,-33.666,-33.669,-33.673,-33.675,-33.675,-33.67,-33.651,-33.598,-33.575,-43.572,-50.956,-50.996,-50.895,-50.77,-50.688,-50.688,-50.77,-50.895,-50.996,-50.956,-43.572,-33.575,-33.598,-33.651,-33.67,-33.675,-33.675,-33.672,-33.669,-33.666,-33.662,-33.66,-33.658,-33.658,-33.658,-33.66,-33.663,-33.652,-32.462,-34.896
-34.903,-32.458,-33.654,-33.666,-33.663,-33.662,-33.661,-33.661,-33.662,-33.665,-33.667,-33.671,-33.674,-33.678,-33.681,-33.683,-33.678,-33.647,-33.646,-46.356,-50.708,-50.665,-50.58,-50.494,-50.439,-50.439,-50.494,-50.58,-50.665,-50.708,-46.356,-33.645,-33.647,-33.678,-33.683,-33.681,-33.678,-33.674,-33.67,-33.667,-33.664,-33.662,-33.661,-33.661,-33.662,-33.663,-33.666,-33.654,-32.458,-34.903
-34.906,-32.458,-33.656,-33.668,-33.666,-33.665,-33.664,-33.664,-33.665,-33.667,-33.67,-33.673,-33.677,-33.682,-33.688,-33.701,-33.727,-33.796,-34.202,-48.567,-50.403,-50.353,-50.269,-50.191,-50.144,-50.144,-50.191,-50.269,-50.353,-50.403,-48.567,-34.202,-33.796,-33.727,-33.701,-33.688,-33.681,-33.677,-33.673,-33.67,-33.667,-33.665,-33.664,-33.664,-33.665,-33.666,-33.668,-33.656,-32.458,-34.906
-34.905,-32.462,-33.658,-33.671,-33.669,-33.668,-33.667,-33.667,-33.668,-33.67,-33.672,-33.675,-33.679,-33.684,-33.691,-33.703,-33.732,-33.825,-35.611,-49.896,-50.194,-50.081,-49.958,-49.864,-49.813,-49.813,-49.864,-49.958,-50.081,-50.194,-49.896,-35.611,-33.825,-33.732,-33.703,-33.691,-33.684,-33.679,-33.675,-33.672,-33.67,-33.668,-33.667,-33.667,-33.668,-33.669,-33.67,-33.658,-32.462,-34.905
-34.901,-32.468,-33.66,-33.672,-33.671,-33.67,-33.669,-33.67,-33.671,-33.672,-33.675,-33.678,-33.682,-33.686,-33.69,-33.693,-33.697,-33.773,-38.472,-50.083,-50.001,-49.781,-49.61,-49.498,-49.444,-49.444,-49.498,-49.61,-49.781,-50.001,-50.083,-38.472,-33.773,-33.697,-33.693,-33.69,-33.686,-33.682,-33.678,-33.675,-33.672,-33.671,-33.67,-33.669,-33.67,-33.671,-33.672,-33.66,-32.468,-34.901
-34.895,-32.477,-33.661,-33.674,-33.673,-33.672,-33.672,-33.672,-33.673,-33.675,-33.677,-33.681,-33.684,-33.689,-33.692,-33.689,-33.657,-33.6,-41.426,-49.675,-49.503,-49.318,-49.174,-49.08,-49.035,-49.035,-49.08,-49.174,-49.318,-49.503,-49.675,-41.426,-33.6,-33.657,-33.689,-33.692,-33.689,-33.684,-33.68,-33.677,-33.675,-33.673,-33.672,-33.672,-33.672,-33.673,-33.674,-33.661,-32.477,-34.895
-34.886,-32.488,-33.663,-33.676,-33.675,-33.674,-33.674,-33.674,-33.675,-33.677,-33.68,-33.683,-33.687,-33.693,-33.701,-33.716,-33.746,-33.937,-44.408,-48.777,-48.795,-48.744,-48.678,-48.625,-48.596,-48.596,-48.625,-48.678,-48.744,-48.795,-48.777,-44.408,-33.937,-33.746,-33.716,-33.701,-33.693,-33.687,-33.683,-33.68,-33.677,-33.675,-33.674,-33.674,-33.674,-33.675,-33.676,-33.663,-32.488,-34.886
-34.875,-32.501,-33.664,-33.677,-33.676,-33.675,-33.675,-33.676,-33.677,-33.679,-33.682,-33.685,-33.689,-33.695,-33.705,-33.727,-33.8,-34.584,-46.936,-48.181,-48.218,-48.212,-48.189,-48.164,-48.149,-48.149,-48.164,-48.189,-48.212,-48.218,-48.181,-46.936,-34.584,-33.8,-33.727,-33.704,-33.695,-33.689,-33.685,-33.681,-33.679,-33.677,-33.676,-33.675,-33.675,-33.676,-33.677,-33.664,-32.501,-34.875
-34.861,-32.516,-33.665,-33.678,-33.677,-33.677,-33.677,-33.677,-33.679,-33.681,-33.683,-33.686,-33.69,-33.694,-33.697,-33.697,-33.727,-36.951,-47.621,-47.825,-47.793,-47.758,-47.732,-47.716,-47.707,-47.707,-47.716,-47.732,-47.758,-47.793,-47.825,-47.621,-36.951,-33.727,-33.697,-33.697,-33.694,-33.69,-33.686,-33.683,-33.68,-33.679,-33.677,-33.677,-33.677,-33.677,-33.678,-33.665,-32.516,-34.861
-34.846,-32.532,-33.666,-33.678,-33.678,-33.678,-33.678,-33.678,-33.68,-33.682,-33.684,-33.688,-33.691,-33.696,-33.697,-33.683,-33.669,-40.657,-47.557,-47.472,-47.383,-47.327,-47.297,-47.284,-47.279,-47.279,-47.284,-47.297,-47.327,-47.383,-47.472,-47.557,-40.657,-33.669,-33.683,-33.697,-33.695,-33.691,-33.688,-33.684,-33.682,-33.68,-33.678,-33.678,-33.677,-33.678,-33.678,-33.666,-32.532,-34.846
-34.828,-32.549,-33.666,-33.679,-33.678,-33.678,-33.678,-33.679,-33.681,-33.682,-33.685,-33.688,-33.693,-33.7,-33.714,-33.76,-34.072,-43.965,-46.933,-46.943,-46.916,-46.89,-46.874,-46.869,-46.867,-46.867,-46.869,-46.874,-46.89,-46.916,-46.943,-46.933,-43.965,-34.072,-33.76,-33.714,-33.7,-33.693,-33.688,-33.685,-33.682,-33.68,-33.679,-33.678,-33.678,-33.678,-33.679,-33.666,-32.549,-34.828
-34.809,-32.568,-33.666,-33.679,-33.678,-33.678,-33.679,-33.68,-33.681,-33.683,-33.685,-33.689,-33.693,-33.697,-33.702,-33.73,-35.478,-45.876,-46.44,-46.48,-46.482,-46.476,-46.473,-46.475,-46.477,-46.477,-46.475,-46.473,-46.476,-46.482,-46.48,-46.44,-45.876,-35.478,-33.73,-33.702,-33.697,-33.692,-33.689,-33.685,-33.683,-33.681,-33.679,-33.679,-33.678,-33.678,-33.679,-33.666,-32.568,-34.809
-34.788,-32.588,-33.666,-33.678,-33.678,-33.678,-33.679,-33.68,-33.681,-33.683,-33.685,-33.688,-33.692,-33.695,-33.692,-33.71,-38.942,-46.063,-46.138,-46.125,-46.109,-46.102,-46.102,-46.107,-46.11,-46.11,-46.107,-46.102,-46.102,-46.109,-46.125,-46.138,-46.063,-38.942,-33.71,-33.692,-33.695,-33.692,-33.688,-33.685,-33.683,-33.681,-33.679,-33.679,-33.678,-33.678,-33.678,-33.666,-32.588,-34.788
-34.764,-32.609,-33.666,-33.678,-33.678,-33.678,-33.678,-33.679,-33.681,-33.682,-33.685,-33.688,-33.692,-33.701,-33.732,-34.02,-43.015,-45.795,-45.798,-45.781,-45.766,-45.759,-45.76,-45.766,-45.77,-45.77,-45.766,-45.76,-45.759,-45.766,-45.781,-45.798,-45.795,-43.015,-34.02,-33.732,-33.701,-33.692,-33.688,-33.685,-33.682,-33.681,-33.679,-33.678,-33.678,-33.678,-33.678,-33.666,-32.609,-34.764
-34.74,-32.632,-33.665,-33.677,-33.677,-33.677,-33.677,-33.678,-33.68,-33.682,-33.684,-33.686,-33.688,-33.687,-33.694,-35.521,-44.904,-45.419,-45.456,-45.456,-45.449,-45.444,-45.446,-45.451,-45.456,-45.456,-45.451,-45.446,-45.444,-45.449,-45.456,-45.456,-45.419,-44.904,-35.521,-33.694,-33.687,-33.688,-33.686,-33.684,-33.682,-33.68,-33.678,-33.677,-33.677,-33.677,-33.677,-33.665,-32.631,-34.74
-34.713,-32.655,-33.664,-33.675,-33.675,-33.676,-33.676,-33.677,-33.679,-33.681,-33.683,-33.685,-33.687,-33.693,-33.777,-39.567,-45.105,-45.179,-45.181,-45.173,-45.164,-45.159,-45.16,-45.164,-45.167,-45.167,-45.164,-45.16,-45.159,-45.164,-45.173,-45.181,-45.179,-45.105,-39.567,-33.777,-33.693,-33.687,-33.685,-33.683,-33.681,-33.679,-33.677,-33.676,-33.676,-33.675,-33.675,-33.664,-32.654,-34.713
-34.685,-32.678,-33.662,-33.674,-33.674,-33.674,-33.675,-33.676,-33.678,-33.68,-33.681,-33.683,-33.684,-33.697,-34.2,-43.269,-44.908,-44.925,-44.924,-44.916,-44.907,-44.9,-44.899,-44.901,-44.904,-44.904,-44.901,-44.899,-44.9,-44.907,-44.916,-44.924,-44.925,-44.908,-43.269,-34.2,-33.697,-33.684,-33.683,-33.681,-33.679,-33.678,-33.676,-33.675,-33.674,-33.674,-33.674,-33.662,-32.678,-34.685
-34.656,-32.703,-33.66,-33.671,-33.672,-33.672,-33.673,-33.675,-33.676,-33.678,-33.681,-33.682,-33.678,-33.676,-36.927,-44.327,-44.636,-44.687,-44.694,-44.687,-44.676,-44.668,-44.664,-44.663,-44.663,-44.663,-44.663,-44.664,-44.668,-44.676,-44.687,-44.694,-44.687,-44.636,-44.327,-36.927,-33.676,-33.678,-33.682,-33.681,-33.678,-33.676,-33.675,-33.673,-33.672,-33.672,-33.671,-33.66,-32.703,-34.656
-34.624,-32.729,-33.658,-33.669,-33.669,-33.67,-33.671,-33.673,-33.675,-33.677,-33.681,-33.688,-33.717,-34.006,-41.635,-44.506,-44.503,-44.505,-44.499,-44.486,-44.471,-44.458,-44.45,-44.446,-44.444,-44.444,-44.446,-44.45,-44.458,-44.471,-44.486,-44.499,-44.505,-44.503,-44.506,-41.635,-34.006,-33.717,-33.688,-33.681,-33.677,-33.675,-33.673,-33.671,-33.67,-33.669,-33.669,-33.658,-32.728,-34.624
-34.591,-32.755,-33.655,-33.666,-33.666,-33.667,-33.669,-33.671,-33.673,-33.675,-33.677,-33.675,-33.671,-35.717,-43.808,-44.282,-44.322,-44.329,-44.322,-44.305,-44.286,-44.269,-44.257,-44.249,-44.245,-44.245,-44.249,-44.257,-44.269,-44.286,-44.305,-44.322,-44.329,-44.322,-44.282,-43.808,-35.717,-33.671,-33.675,-33.677,-33.675,-33.673,-33.671,-33.669,-33.667,-33.666,-33.665,-33.655,-32.755,-34.591
-34.555,-32.782,-33.651,-33.662,-33.663,-33.664,-33.666,-33.668,-33.671,-33.674,-33.678,-33.696,-33.9,-40.289,-44.115,-44.164,-44.174,-44.174,-44.161,-44.141,-44.118,-44.097,-44.081,-44.069,-44.063,-44.063,-44.069,-44.081,-44.097,-44.119,-44.141,-44.161,-44.174,-44.174,-44.164,-44.115,-40.289,-33.9,-33.696,-33.678,-33.674,-33.671,-33.668,-33.666,-33.664,-33.663,-33.662,-33.651,-32.782,-34.555
-34.516,-32.811,-33.647,-33.657,-33.658,-33.66,-33.663,-33.666,-33.669,-33.67,-33.666,-33.65,-35.172,-43.366,-43.991,-44.023,-44.033,-44.03,-44.014,-43.991,-43.965,-43.94,-43.92,-43.905,-43.897,-43.897,-43.905,-43.92,-43.94,-43.965,-43.991,-44.014,-44.03,-44.033,-44.023,-43.991,-43.366,-35.172,-33.65,-33.666,-33.67,-33.669,-33.666,-33.663,-33.66,-33.658,-33.657,-33.647,-32.811,-34.516
-34.475,-32.84,-33.641,-33.651,-33.653,-33.656,-33.659,-33.663,-33.667,-33.673,-33.692,-33.886,-39.657,-43.787,-43.878,-43.899,-43.905,-43.897,-43.879,-43.853,-43.824,-43.796,-43.772,-43.754,-43.745,-43.745,-43.754,-43.772,-43.796,-43.824,-43.853,-43.879,-43.897,-43.905,-43.899,-43.878,-43.787,-39.657,-33.886,-33.692,-33.673,-33.667,-33.663,-33.659,-33.656,-33.653,-33.651,-33.641,-32.84,-34.475
-34.428,-32.872,-33.635,-33.645,-33.647,-33.651,-33.656,-33.661,-33.665,-33.662,-33.647,-35.19,-43.046,-43.732,-43.77,-43.785,-43.786,-43.775,-43.754,-43.726,-43.694,-43.663,-43.636,-43.617,-43.606,-43.606,-43.617,-43.636,-43.663,-43.694,-43.726,-43.754,-43.775,-43.786,-43.785,-43.77,-43.732,-43.046,-35.189,-33.647,-33.662,-33.665,-33.661,-33.655,-33.651,-33.647,-33.645,-33.635,-32.872,-34.428
-34.397,-32.899,-33.626,-33.637,-33.64,-33.645,-33.651,-33.659,-33.668,-33.688,-33.896,-39.819,-43.588,-43.663,-43.677,-43.681,-43.675,-43.66,-43.636,-43.606,-43.573,-43.541,-43.512,-43.491,-43.479,-43.479,-43.491,-43.512,-43.541,-43.573,-43.606,-43.636,-43.66,-43.675,-43.681,-43.677,-43.663,-43.588,-39.819,-33.896,-33.688,-33.668,-33.659,-33.651,-33.645,-33.64,-33.637,-33.626,-32.899,-34.397
-34.278,-32.958,-33.611,-33.628,-33.634,-33.64,-33.647,-33.656,-33.664,-33.652,-35.669,-43.084,-43.57,-43.588,-43.587,-43.58,-43.568,-43.55,-43.525,-43.495,-43.462,-43.428,-43.398,-43.376,-43.363,-43.363,-43.376,-43.398,-43.428,-43.462,-43.495,-43.525,-43.55,-43.568,-43.58,-43.587,-43.588,-43.57,-43.084,-35.669,-33.652,-33.664,-33.656,-33.647,-33.64,-33.634,-33.628,-33.611,-32.958,-34.278
-34.047,-33.188,-33.699,-33.727,-33.735,-33.741,-33.748,-33.763,-33.819,-34.224,-40.364,-43.612,-43.559,-43.521,-43.5,-43.483,-43.466,-43.446,-43.422,-43.392,-43.359,-43.326,-43.296,-43.272,-43.259,-43.259,-43.272,-43.296,-43.326,-43.359,-43.392,-43.422,-43.446,-43.466,-43.483,-43.5,-43.521,-43.559,-43.612,-40.364,-34.224,-33.819,-33.763,-33.748,-33.741,-33.735,-33.727,-33.699,-33.188,-34.047
-42.407,-42.395,-42.442,-42.458,-42.485,-42.525,-42.575,-42.629,-42.675,-42.825,-43.397,-43.533,-43.473,-43.434,-43.408,-43.389,-43.371,-43.352,-43.328,-43.3,-43.268,-43.235,-43.204,-43.18,-43.166,-43.166,-43.18,-43.204,-43.235,-43.268,-43.3,-43.328,-43.352,-43.371,-43.389,-43.408,-43.434,-43.473,-43.533,-43.397,-42.825,-42.675,-42.629,-42.575,-42.525,-42.485,-42.458,-42.442,-42.395,-42.407
-42.521,-42.53,-42.552,-42.575,-42.605,-42.646,-42.699,-42.765,-42.856,-43.016,-43.246,-43.339,-43.347,-43.335,-43.32,-43.304,-43.288,-43.27,-43.248,-43.221,-43.189,-43.155,-43.124,-43.099,-43.085,-43.085,-43.099,-43.124,-43.155,-43.189,-43.221,-43.248,-43.27,-43.288,-43.304,-43.32,-43.335,-43.347,-43.339,-43.246,-43.016,-42.856,-42.765,-42.699,-42.646,-42.605,-42.575,-42.552,-42.53,-42.521
-42.531,-42.54,-42.559,-42.583,-42.615,-42.657,-42.711,-42.78,-42.87,-42.991,-43.123,-43.204,-43.238,-43.247,-43.243,-43.234,-43.222,-43.205,-43.183,-43.155,-43.123,-43.088,-43.056,-43.029,-43.015,-43.015,-43.029,-43.056,-43.088,-43.123,-43.155,-43.183,-43.205,-43.222,-43.234,-43.243,-43.247,-43.238,-43.204,-43.123,-42.991,-42.87,-42.78,-42.711,-42.657,-42.615,-42.583,-42.559,-42.54,-42.531
-42.538,-42.547,-42.565,-42.589,-42.621,-42.663,-42.716,-42.781,-42.861,-42.954,-43.046,-43.115,-43.157,-43.177,-43.183,-43.181,-43.171,-43.155,-43.133,-43.104,-43.07,-43.033,-42.999,-42.971,-42.956,-42.956,-42.971,-42.999,-43.033,-43.07,-43.104,-43.133,-43.155,-43.171,-43.181,-43.183,-43.177,-43.157,-43.115,-43.046,-42.954,-42.861,-42.781,-42.716,-42.663,-42.621,-42.589,-42.565,-42.547,-42.538
-42.546,-42.554,-42.571,-42.594,-42.626,-42.667,-42.717,-42.778,-42.847,-42.923,-42.996,-43.056,-43.099,-43.126,-43.139,-43.142,-43.135,-43.119,-43.096,-43.065,-43.029,-42.99,-42.953,-42.923,-42.907,-42.907,-42.923,-42.953,-42.99,-43.029,-43.065,-43.096,-43.119,-43.135,-43.142,-43.139,-43.126,-43.1,-43.056,-42.996,-42.923,-42.847,-42.778,-42.717,-42.667,-42.626,-42.594,-42.571,-42.554,-42.546
-42.554,-42.562,-42.578,-42.601,-42.631,-42.67,-42.717,-42.773,-42.834,-42.899,-42.962,-43.017,-43.06,-43.091,-43.109,-43.115,-43.111,-43.096,-43.071,-43.038,-42.999,-42.957,-42.917,-42.885,-42.867,-42.867,-42.885,-42.917,-42.957,-42.999,-43.038,-43.071,-43.096,-43.111,-43.115,-43.109,-43.091,-43.06,-43.017,-42.962,-42.899,-42.834,-42.773,-42.717,-42.67,-42.631,-42.601,-42.578,-42.562,-42.554
-42.563,-42.571,-42.585,-42.607,-42.637,-42.673,-42.717,-42.768,-42.823,-42.881,-42.938,-42.989,-43.033,-43.066,-43.088,-43.098,-43.096,-43.081,-43.055,-43.02,-42.977,-42.932,-42.889,-42.855,-42.836,-42.836,-42.855,-42.889,-42.932,-42.977,-43.02,-43.055,-43.081,-43.096,-43.098,-43.088,-43.066,-43.033,-42.989,-42.938,-42.881,-42.823,-42.768,-42.717,-42.673,-42.637,-42.607,-42.585,-42.571,-42.563
-42.573,-42.58,-42.594,-42.615,-42.642,-42.677,-42.718,-42.764,-42.815,-42.868,-42.921,-42.971,-43.014,-43.05,-43.075,-43.088,-43.087,-43.073,-43.046,-43.008,-42.963,-42.914,-42.868,-42.832,-42.811,-42.811,-42.832,-42.868,-42.914,-42.963,-43.008,-43.046,-43.073,-43.087,-43.088,-43.075,-43.05,-43.014,-42.971,-42.921,-42.868,-42.815,-42.764,-42.718,-42.677,-42.642,-42.615,-42.594,-42.58,-42.573
-42.583,-42.59,-42.603,-42.622,-42.648,-42.68,-42.719,-42.762,-42.809,-42.859,-42.909,-42.958,-43.002,-43.04,-43.067,-43.082,-43.084,-43.07,-43.041,-43.001,-42.953,-42.902,-42.853,-42.814,-42.793,-42.793,-42.814,-42.853,-42.902,-42.953,-43.001,-43.041,-43.07,-43.084,-43.082,-43.067,-43.04,-43.002,-42.958,-42.909,-42.859,-42.809,-42.762,-42.719,-42.68,-42.648,-42.622,-42.603,-42.59,-42.583
-42.593,-42.6,-42.612,-42.63,-42.654,-42.685,-42.721,-42.761,-42.806,-42.853,-42.902,-42.95,-42.994,-43.033,-43.063,-43.08,-43.083,-43.069,-43.04,-42.998,-42.947,-42.893,-42.842,-42.802,-42.779,-42.779,-42.802,-42.842,-42.893,-42.947,-42.998,-43.04,-43.069,-43.083,-43.08,-43.063,-43.033,-42.994,-42.95,-42.902,-42.853,-42.806,-42.761,-42.721,-42.685,-42.654,-42.63,-42.612,-42.6,-42.593
-42.603,-42.609,-42.621,-42.638,-42.661,-42.69,-42.723,-42.762,-42.804,-42.85,-42.897,-42.944,-42.99,-43.03,-43.061,-43.08,-43.083,-43.07,-43.04,-42.997,-42.944,-42.888,-42.835,-42.792,-42.769,-42.769,-42.792,-42.835,-42.888,-42.944,-42.997,-43.04,-43.07,-43.083,-43.08,-43.061,-43.03,-42.99,-42.944,-42.897,-42.85,-42.804,-42.762,-42.723,-42.69,-42.661,-42.638,-42.621,-42.609,-42.603
-42.613,-42.619,-42.63,-42.646,-42.668,-42.695,-42.727,-42.763,-42.804,-42.848,-42.894,-42.942,-42.987,-43.028,-43.061,-43.081,-43.085,-43.072,-43.041,-42.997,-42.942,-42.884,-42.829,-42.786,-42.762,-42.762,-42.786,-42.829,-42.884,-42.942,-42.997,-43.041,-43.072,-43.085,-43.081,-43.061,-43.028,-42.987,-42.942,-42.894,-42.848,-42.804,-42.763,-42.727,-42.695,-42.668,-42.646,-42.63,-42.619,-42.613
-42.623,-42.628,-42.638,-42.654,-42.675,-42.7,-42.731,-42.766,-42.805,-42.848,-42.894,-42.941,-42.987,-43.028,-43.062,-43.083,-43.088,-43.074,-43.043,-42.997,-42.941,-42.882,-42.826,-42.781,-42.757,-42.757,-42.781,-42.826,-42.882,-42.941,-42.997,-43.043,-43.074,-43.088,-43.083,-43.062,-43.028,-42.987,-42.941,-42.894,-42.848,-42.805,-42.766,-42.731,-42.7,-42.675,-42.654,-42.638,-42.628,-42.623
-42.632,-42.637,-42.647,-42.662,-42.681,-42.706,-42.735,-42.769,-42.807,-42.849,-42.894,-42.941,-42.987,-43.03,-43.064,-43.086,-43.091,-43.077,-43.045,-42.998,-42.941,-42.88,-42.823,-42.778,-42.753,-42.753,-42.778,-42.823,-42.88,-42.941,-42.998,-43.045,-43.077,-43.091,-43.086,-43.064,-43.03,-42.987,-42.941,-42.894,-42.849,-42.807,-42.769,-42.735,-42.706,-42.681,-42.662,-42.647,-42.637,-42.632
-42.641,-42.646,-42.655,-42.669,-42.688,-42.712,-42.74,-42.773,-42.81,-42.851,-42.896,-42.942,-42.989,-43.032,-43.066,-43.088,-43.093,-43.079,-43.046,-42.999,-42.941,-42.879,-42.821,-42.775,-42.75,-42.75,-42.775,-42.821,-42.879,-42.941,-42.999,-43.046,-43.079,-43.093,-43.088,-43.066,-43.032,-42.989,-42.942,-42.896,-42.851,-42.81,-42.773,-42.74,-42.712,-42.688,-42.669,-42.655,-42.646,-42.641
-42.649,-42.654,-42.663,-42.677,-42.695,-42.718,-42.745,-42.777,-42.813,-42.854,-42.898,-42.944,-42.991,-43.034,-43.069,-43.091,-43.096,-43.081,-43.048,-42.999,-42.94,-42.878,-42.82,-42.774,-42.748,-42.748,-42.774,-42.82,-42.878,-42.94,-42.999,-43.048,-43.081,-43.096,-43.091,-43.069,-43.034,-42.991,-42.944,-42.898,-42.854,-42.813,-42.777,-42.745,-42.718,-42.695,-42.677,-42.663,-42.654,-42.649
-42.657,-42.662,-42.671,-42.684,-42.701,-42.724,-42.75,-42.781,-42.817,-42.857,-42.901,-42.947,-42.993,-43.037,-43.072,-43.093,-43.098,-43.082,-43.048,-42.999,-42.94,-42.877,-42.818,-42.772,-42.746,-42.746,-42.772,-42.818,-42.877,-42.94,-42.999,-43.048,-43.082,-43.098,-43.093,-43.072,-43.037,-42.993,-42.947,-42.901,-42.857,-42.817,-42.781,-42.75,-42.724,-42.701,-42.684,-42.671,-42.662,-42.657
-42.665,-42.669,-42.678,-42.691,-42.708,-42.729,-42.755,-42.786,-42.821,-42.86,-42.904,-42.95,-42.996,-43.04,-43.074,-43.096,-43.1,-43.083,-43.049,-42.998,-42.939,-42.875,-42.817,-42.77,-42.745,-42.745,-42.77,-42.817,-42.875,-42.939,-42.998,-43.049,-43.083,-43.1,-43.096,-43.074,-43.04,-42.996,-42.95,-42.904,-42.86,-42.821,-42.786,-42.755,-42.729,-42.708,-42.691,-42.678,-42.669,-42.665
-42.672,-42.676,-42.685,-42.697,-42.714,-42.735,-42.76,-42.79,-42.824,-42.864,-42.907,-42.953,-42.999,-43.042,-43.077,-43.098,-43.101,-43.084,-43.048,-42.998,-42.937,-42.874,-42.815,-42.769,-42.743,-42.743,-42.769,-42.815,-42.874,-42.937,-42.998,-43.048,-43.084,-43.101,-43.098,-43.077,-43.042,-42.999,-42.953,-42.907,-42.864,-42.824,-42.79,-42.76,-42.735,-42.714,-42.697,-42.685,-42.676,-42.672
-42.679,-42.683,-42.691,-42.703,-42.719,-42.74,-42.765,-42.794,-42.828,-42.867,-42.91,-42.956,-43.003,-43.045,-43.08,-43.1,-43.102,-43.084,-43.048,-42.996,-42.935,-42.872,-42.813,-42.767,-42.742,-42.742,-42.767,-42.813,-42.872,-42.935,-42.996,-43.048,-43.084,-43.102,-43.1,-43.08,-43.045,-43.003,-42.956,-42.91,-42.867,-42.828,-42.794,-42.765,-42.74,-42.719,-42.703,-42.691,-42.683,-42.679
-42.685,-42.689,-42.697,-42.709,-42.724,-42.745,-42.769,-42.798,-42.832,-42.871,-42.914,-42.959,-43.006,-43.048,-43.082,-43.101,-43.102,-43.084,-43.046,-42.994,-42.933,-42.87,-42.811,-42.766,-42.741,-42.741,-42.766,-42.811,-42.87,-42.933,-42.994,-43.046,-43.084,-43.102,-43.101,-43.082,-43.048,-43.006,-42.959,-42.914,-42.871,-42.832,-42.798,-42.769,-42.745,-42.724,-42.709,-42.697,-42.689,-42.685
-42.691,-42.694,-42.702,-42.714,-42.729,-42.749,-42.773,-42.802,-42.836,-42.874,-42.917,-42.963,-43.009,-43.051,-43.084,-43.103,-43.103,-43.083,-43.044,-42.992,-42.931,-42.868,-42.809,-42.764,-42.739,-42.739,-42.764,-42.809,-42.868,-42.931,-42.992,-43.044,-43.083,-43.103,-43.103,-43.084,-43.051,-43.009,-42.963,-42.917,-42.874,-42.836,-42.802,-42.773,-42.749,-42.729,-42.714,-42.702,-42.694,-42.691
-42.696,-42.7,-42.707,-42.718,-42.734,-42.753,-42.777,-42.806,-42.839,-42.878,-42.92,-42.966,-43.012,-43.054,-43.086,-43.103,-43.102,-43.081,-43.042,-42.989,-42.928,-42.865,-42.807,-42.762,-42.737,-42.737,-42.762,-42.807,-42.865,-42.928,-42.989,-43.042,-43.081,-43.102,-43.103,-43.086,-43.054,-43.012,-42.966,-42.92,-42.878,-42.839,-42.806,-42.777,-42.753,-42.734,-42.718,-42.707,-42.7,-42.696
-42.7,-42.704,-42.712,-42.723,-42.738,-42.757,-42.781,-42.809,-42.843,-42.881,-42.924,-42.969,-43.015,-43.056,-43.088,-43.104,-43.102,-43.08,-43.04,-42.986,-42.925,-42.862,-42.805,-42.76,-42.736,-42.736,-42.76,-42.805,-42.862,-42.925,-42.986,-43.04,-43.08,-43.102,-43.104,-43.088,-43.056,-43.015,-42.969,-42.924,-42.881,-42.843,-42.809,-42.781,-42.757,-42.738,-42.723,-42.712,-42.704,-42.7
-42.705,-42.708,-42.716,-42.727,-42.742,-42.761,-42.784,-42.813,-42.846,-42.884,-42.927,-42.973,-43.018,-43.059,-43.089,-43.104,-43.101,-43.078,-43.037,-42.983,-42.922,-42.859,-42.802,-42.758,-42.734,-42.734,-42.758,-42.802,-42.859,-42.922,-42.983,-43.037,-43.078,-43.101,-43.104,-43.089,-43.059,-43.018,-42.973,-42.927,-42.884,-42.846,-42.813,-42.784,-42.761,-42.742,-42.727,-42.716,-42.708,-42.705
-42.708,-42.712,-42.719,-42.73,-42.745,-42.764,-42.788,-42.816,-42.849,-42.888,-42.93,-42.976,-43.021,-43.061,-43.091,-43.105,-43.1,-43.075,-43.034,-42.979,-42.918,-42.856,-42.799,-42.756,-42.732,-42.732,-42.756,-42.799,-42.856,-42.918,-42.979,-43.034,-43.075,-43.1,-43.105,-43.091,-43.061,-43.021,-42.976,-42.93,-42.888,-42.849,-42.816,-42.788,-42.764,-42.745,-42.73,-42.719,-42.712,-42.708
-42.712,-42.715,-42.723,-42.733,-42.748,-42.767,-42.791,-42.819,-42.852,-42.891,-42.934,-42.979,-43.024,-43.063,-43.092,-43.104,-43.098,-43.073,-43.03,-42.976,-42.914,-42.852,-42.797,-42.754,-42.73,-42.73,-42.754,-42.797,-42.852,-42.914,-42.976,-43.03,-43.073,-43.098,-43.104,-43.092,-43.063,-43.024,-42.979,-42.934,-42.891,-42.852,-42.819,-42.791,-42.767,-42.748,-42.733,-42.723,-42.715,-42.712
-42.715,-42.718,-42.725,-42.736,-42.751,-42.77,-42.794,-42.822,-42.855,-42.894,-42.937,-42.982,-43.027,-43.065,-43.093,-43.104,-43.096,-43.07,-43.027,-42.972,-42.91,-42.849,-42.794,-42.751,-42.728,-42.728,-42.751,-42.794,-42.849,-42.91,-42.972,-43.027,-43.07,-43.096,-43.104,-43.093,-43.065,-43.027,-42.982,-42.937,-42.894,-42.855,-42.822,-42.794,-42.77,-42.751,-42.736,-42.725,-42.718,-42.715
-42.717,-42.721,-42.728,-42.739,-42.754,-42.773,-42.796,-42.825,-42.858,-42.897,-42.94,-42.986,-43.03,-43.067,-43.094,-43.103,-43.094,-43.066,-43.023,-42.967,-42.906,-42.846,-42.791,-42.749,-42.726,-42.726,-42.749,-42.791,-42.846,-42.906,-42.967,-43.023,-43.066,-43.094,-43.103,-43.094,-43.067,-43.03,-42.986,-42.94,-42.897,-42.858,-42.825,-42.796,-42.773,-42.754,-42.739,-42.728,-42.721,-42.717
-42.72,-42.723,-42.73,-42.741,-42.756,-42.775,-42.799,-42.827,-42.861,-42.9,-42.944,-42.989,-43.033,-43.069,-43.094,-43.103,-43.092,-43.063,-43.019,-42.963,-42.903,-42.842,-42.788,-42.747,-42.724,-42.724,-42.747,-42.788,-42.842,-42.903,-42.963,-43.019,-43.063,-43.092,-43.103,-43.094,-43.069,-43.033,-42.989,-42.944,-42.9,-42.861,-42.827,-42.799,-42.775,-42.756,-42.741,-42.73,-42.723,-42.72
-42.722,-42.725,-42.732,-42.743,-42.758,-42.777,-42.801,-42.83,-42.864,-42.904,-42.947,-42.992,-43.035,-43.071,-43.095,-43.102,-43.09,-43.06,-43.015,-42.959,-42.899,-42.839,-42.785,-42.745,-42.723,-42.723,-42.745,-42.785,-42.839,-42.899,-42.959,-43.015,-43.06,-43.09,-43.102,-43.095,-43.071,-43.035,-42.992,-42.947,-42.904,-42.864,-42.83,-42.801,-42.777,-42.758,-42.743,-42.732,-42.725,-42.722
-42.724,-42.727,-42.734,-42.745,-42.76,-42.78,-42.804,-42.833,-42.867,-42.907,-42.951,-42.996,-43.038,-43.073,-43.095,-43.101,-43.087,-43.056,-43.011,-42.955,-42.895,-42.835,-42.782,-42.742,-42.721,-42.721,-42.742,-42.782,-42.835,-42.895,-42.955,-43.011,-43.056,-43.087,-43.101,-43.095,-43.073,-43.038,-42.996,-42.951,-42.907,-42.867,-42.833,-42.804,-42.78,-42.76,-42.745,-42.734,-42.727,-42.724
-42.725,-42.729,-42.736,-42.747,-42.762,-42.782,-42.806,-42.836,-42.871,-42.911,-42.954,-42.999,-43.041,-43.075,-43.095,-43.099,-43.085,-43.053,-43.006,-42.951,-42.891,-42.832,-42.78,-42.74,-42.719,-42.719,-42.74,-42.78,-42.832,-42.891,-42.951,-43.006,-43.053,-43.085,-43.099,-43.095,-43.075,-43.041,-42.999,-42.954,-42.911,-42.871,-42.836,-42.806,-42.782,-42.762,-42.747,-42.736,-42.729,-42.725
-42.726,-42.73,-42.737,-42.749,-42.764,-42.784,-42.808,-42.838,-42.874,-42.914,-42.958,-43.003,-43.044,-43.076,-43.096,-43.098,-43.082,-43.049,-43.002,-42.946,-42.887,-42.828,-42.777,-42.738,-42.717,-42.717,-42.738,-42.777,-42.828,-42.887,-42.946,-43.002,-43.049,-43.082,-43.098,-43.096,-43.076,-43.044,-43.003,-42.958,-42.914,-42.874,-42.838,-42.808,-42.784,-42.764,-42.749,-42.737,-42.73,-42.726
-42.728,-42.731,-42.739,-42.75,-42.766,-42.786,-42.811,-42.841,-42.877,-42.918,-42.962,-43.006,-43.047,-43.078,-43.096,-43.097,-43.079,-43.045,-42.998,-42.942,-42.883,-42.825,-42.774,-42.736,-42.716,-42.716,-42.736,-42.774,-42.825,-42.883,-42.942,-42.998,-43.045,-43.079,-43.097,-43.096,-43.078,-43.047,-43.006,-42.962,-42.918,-42.877,-42.841,-42.811,-42.786,-42.766,-42.75,-42.739,-42.731,-42.728
-42.729,-42.732,-42.74,-42.752,-42.767,-42.788,-42.813,-42.844,-42.88,-42.921,-42.966,-43.01,-43.049,-43.08,-43.096,-43.095,-43.077,-43.042,-42.994,-42.938,-42.879,-42.822,-42.772,-42.734,-42.714,-42.714,-42.734,-42.772,-42.822,-42.879,-42.938,-42.994,-43.042,-43.077,-43.095,-43.096,-43.08,-43.049,-43.01,-42.966,-42.921,-42.88,-42.844,-42.813,-42.788,-42.767,-42.752,-42.74,-42.732,-42.729
-42.73,-42.733,-42.741,-42.753,-42.769,-42.79,-42.816,-42.847,-42.884,-42.925,-42.969,-43.013,-43.052,-43.081,-43.096,-43.094,-43.074,-43.038,-42.99,-42.934,-42.875,-42.819,-42.77,-42.733,-42.713,-42.713,-42.733,-42.77,-42.819,-42.875,-42.934,-42.99,-43.038,-43.074,-43.094,-43.096,-43.081,-43.052,-43.013,-42.969,-42.925,-42.884,-42.847,-42.816,-42.79,-42.769,-42.753,-42.741,-42.733,-42.73
-42.73,-42.734,-42.742,-42.754,-42.771,-42.792,-42.818,-42.85,-42.887,-42.929,-42.973,-43.017,-43.055,-43.082,-43.096,-43.092,-43.071,-43.034,-42.986,-42.93,-42.872,-42.816,-42.767,-42.731,-42.711,-42.711,-42.731,-42.767,-42.816,-42.872,-42.93,-42.986,-43.034,-43.071,-43.092,-43.096,-43.082,-43.055,-43.017,-42.973,-42.929,-42.887,-42.85,-42.818,-42.792,-42.771,-42.754,-42.742,-42.734,-42.73
-42.731,-42.735,-42.743,-42.755,-42.772,-42.794,-42.821,-42.853,-42.891,-42.933,-42.977,-43.02,-43.057,-43.084,-43.095,-43.09,-43.068,-43.031,-42.982,-42.926,-42.868,-42.813,-42.765,-42.729,-42.71,-42.71,-42.729,-42.765,-42.813,-42.868,-42.926,-42.982,-43.031,-43.068,-43.09,-43.095,-43.084,-43.057,-43.02,-42.977,-42.933,-42.891,-42.853,-42.821,-42.794,-42.772,-42.755,-42.743,-42.735,-42.731
-42.732,-42.736,-42.744,-42.756,-42.774,-42.796,-42.823,-42.856,-42.894,-42.937,-42.981,-43.024,-43.06,-43.085,-43.095,-43.088,-43.065,-43.027,-42.978,-42.922,-42.865,-42.81,-42.762,-42.727,-42.708,-42.708,-42.727,-42.762,-42.81,-42.865,-42.922,-42.978,-43.027,-43.065,-43.088,-43.095,-43.085,-43.06,-43.024,-42.981,-42.937,-42.894,-42.856,-42.823,-42.796,-42.774,-42.756,-42.744,-42.736,-42.732
-42.732,-42.736,-42.745,-42.757,-42.775,-42.798,-42.826,-42.859,-42.898,-42.941,-42.985,-43.027,-43.062,-43.086,-43.094,-43.086,-43.062,-43.023,-42.974,-42.919,-42.861,-42.807,-42.76,-42.725,-42.706,-42.706,-42.725,-42.76,-42.807,-42.861,-42.919,-42.974,-43.023,-43.062,-43.087,-43.094,-43.086,-43.062,-43.027,-42.985,-42.941,-42.898,-42.859,-42.826,-42.798,-42.775,-42.757,-42.745,-42.736,-42.732
-42.732,-42.737,-42.745,-42.758,-42.776,-42.799,-42.828,-42.862,-42.902,-42.945,-42.989,-43.03,-43.064,-43.086,-43.094,-43.084,-43.059,-43.02,-42.97,-42.915,-42.858,-42.804,-42.758,-42.723,-42.705,-42.705,-42.723,-42.758,-42.804,-42.858,-42.915,-42.97,-43.02,-43.059,-43.084,-43.094,-43.086,-43.064,-43.03,-42.989,-42.945,-42.902,-42.862,-42.828,-42.799,-42.776,-42.758,-42.745,-42.737,-42.732
-42.733,-42.737,-42.746,-42.759,-42.777,-42.801,-42.83,-42.865,-42.905,-42.948,-42.992,-43.033,-43.066,-43.087,-43.093,-43.082,-43.056,-43.016,-42.966,-42.911,-42.854,-42.801,-42.755,-42.721,-42.703,-42.703,-42.721,-42.755,-42.801,-42.854,-42.911,-42.966,-43.016,-43.056,-43.082,-43.093,-43.087,-43.066,-43.033,-42.992,-42.948,-42.905,-42.865,-42.83,-42.801,-42.777,-42.759,-42.746,-42.737,-42.733
-42.732,-42.737,-42.746,-42.76,-42.779,-42.803,-42.833,-42.868,-42.908,-42.952,-42.995,-43.035,-43.067,-43.087,-43.091,-43.079,-43.052,-43.012,-42.962,-42.907,-42.85,-42.798,-42.752,-42.719,-42.701,-42.701,-42.719,-42.752,-42.798,-42.85,-42.907,-42.962,-43.012,-43.052,-43.079,-43.091,-43.087,-43.067,-43.035,-42.995,-42.952,-42.908,-42.868,-42.833,-42.803,-42.779,-42.76,-42.746,-42.737,-42.732
-42.732,-42.737,-42.746,-42.76,-42.779,-42.804,-42.835,-42.871,-42.911,-42.955,-42.998,-43.037,-43.068,-43.087,-43.09,-43.077,-43.048,-43.007,-42.957,-42.902,-42.847,-42.794,-42.749,-42.716,-42.698,-42.698,-42.716,-42.749,-42.794,-42.847,-42.902,-42.957,-43.007,-43.048,-43.077,-43.09,-43.087,-43.068,-43.037,-42.998,-42.955,-42.911,-42.871,-42.835,-42.804,-42.779,-42.76,-42.746,-42.737,-42.732
-42.731,-42.736,-42.746,-42.76,-42.78,-42.805,-42.836,-42.873,-42.914,-42.958,-43.001,-43.039,-43.069,-43.086,-43.088,-43.073,-43.044,-43.003,-42.953,-42.898,-42.842,-42.79,-42.746,-42.713,-42.696,-42.696,-42.713,-42.746,-42.79,-42.842,-42.898,-42.953,-43.003,-43.044,-43.073,-43.088,-43.086,-43.069,-43.039,-43.001,-42.958,-42.914,-42.873,-42.836,-42.805,-42.78,-42.76,-42.746,-42.736,-42.731
-42.73,-42.735,-42.745,-42.76,-42.78,-42.806,-42.838,-42.875,-42.916,-42.96,-43.003,-43.04,-43.069,-43.085,-43.085,-43.07,-43.04,-42.998,-42.948,-42.893,-42.838,-42.786,-42.742,-42.71,-42.693,-42.693,-42.71,-42.742,-42.786,-42.838,-42.893,-42.948,-42.998,-43.04,-43.07,-43.085,-43.085,-43.069,-43.04,-43.003,-42.96,-42.916,-42.875,-42.838,-42.806,-42.78,-42.76,-42.745,-42.735,-42.73
-42.729,-42.734,-42.744,-42.759,-42.78,-42.807,-42.839,-42.876,-42.918,-42.962,-43.004,-43.041,-43.068,-43.083,-43.082,-43.066,-43.035,-42.993,-42.942,-42.888,-42.833,-42.782,-42.738,-42.706,-42.689,-42.689,-42.706,-42.738,-42.782,-42.833,-42.888,-42.942,-42.993,-43.035,-43.066,-43.082,-43.083,-43.068,-43.041,-43.004,-42.962,-42.918,-42.876,-42.839,-42.807,-42.78,-42.759,-42.744,-42.734,-42.729
-42.727,-42.732,-42.742,-42.758,-42.779,-42.806,-42.839,-42.877,-42.919,-42.963,-43.005,-43.041,-43.067,-43.08,-43.078,-43.061,-43.03,-42.987,-42.937,-42.882,-42.828,-42.777,-42.734,-42.702,-42.685,-42.685,-42.702,-42.734,-42.777,-42.828,-42.882,-42.937,-42.987,-43.03,-43.061,-43.078,-43.08,-43.067,-43.041,-43.005,-42.963,-42.919,-42.877,-42.839,-42.806,-42.779,-42.758,-42.742,-42.732,-42.727
-42.725,-42.73,-42.74,-42.756,-42.778,-42.806,-42.839,-42.878,-42.92,-42.964,-43.005,-43.04,-43.065,-43.077,-43.074,-43.056,-43.024,-42.981,-42.93,-42.876,-42.822,-42.771,-42.729,-42.697,-42.68,-42.68,-42.697,-42.729,-42.771,-42.822,-42.876,-42.93,-42.981,-43.024,-43.056,-43.074,-43.077,-43.065,-43.04,-43.005,-42.964,-42.92,-42.878,-42.839,-42.806,-42.778,-42.756,-42.74,-42.73,-42.725
-42.722,-42.727,-42.738,-42.754,-42.776,-42.805,-42.839,-42.877,-42.92,-42.963,-43.004,-43.038,-43.062,-43.073,-43.069,-43.049,-43.017,-42.974,-42.923,-42.869,-42.815,-42.765,-42.723,-42.692,-42.675,-42.675,-42.692,-42.723,-42.765,-42.815,-42.869,-42.923,-42.974,-43.017,-43.049,-43.069,-43.073,-43.062,-43.038,-43.004,-42.963,-42.92,-42.878,-42.839,-42.805,-42.776,-42.754,-42.738,-42.727,-42.722
-42.718,-42.723,-42.734,-42.751,-42.774,-42.803,-42.837,-42.876,-42.919,-42.962,-43.002,-43.036,-43.059,-43.068,-43.063,-43.043,-43.01,-42.966,-42.916,-42.862,-42.808,-42.758,-42.716,-42.685,-42.669,-42.669,-42.685,-42.716,-42.758,-42.808,-42.862,-42.916,-42.966,-43.01,-43.043,-43.063,-43.068,-43.059,-43.036,-43.002,-42.962,-42.919,-42.876,-42.837,-42.803,-42.774,-42.751,-42.734,-42.723,-42.718
-42.713,-42.719,-42.73,-42.747,-42.77,-42.8,-42.835,-42.874,-42.917,-42.96,-42.999,-43.032,-43.054,-43.062,-43.056,-43.035,-43.001,-42.958,-42.907,-42.853,-42.8,-42.751,-42.709,-42.678,-42.662,-42.662,-42.678,-42.709,-42.751,-42.8,-42.853,-42.907,-42.958,-43.001,-43.035,-43.056,-43.062,-43.054,-43.032,-42.999,-42.96,-42.917,-42.874,-42.835,-42.8,-42.77,-42.747,-42.73,-42.719,-42.713
-42.708,-42.713,-42.725,-42.742,-42.766,-42.796,-42.831,-42.871,-42.914,-42.956,-42.995,-43.027,-43.048,-43.055,-43.048,-43.026,-42.992,-42.948,-42.898,-42.844,-42.791,-42.742,-42.7,-42.67,-42.654,-42.654,-42.67,-42.7,-42.742,-42.791,-42.844,-42.898,-42.948,-42.992,-43.026,-43.048,-43.055,-43.048,-43.027,-42.995,-42.956,-42.914,-42.871,-42.831,-42.796,-42.766,-42.742,-42.725,-42.713,-42.708
-42.701,-42.707,-42.719,-42.737,-42.761,-42.791,-42.827,-42.867,-42.909,-42.952,-42.99,-43.021,-43.04,-43.047,-43.038,-43.016,-42.982,-42.938,-42.887,-42.834,-42.781,-42.732,-42.691,-42.661,-42.645,-42.645,-42.661,-42.691,-42.732,-42.781,-42.834,-42.887,-42.938,-42.982,-43.016,-43.038,-43.047,-43.041,-43.021,-42.99,-42.952,-42.909,-42.867,-42.827,-42.791,-42.761,-42.737,-42.719,-42.707,-42.701
-42.694,-42.7,-42.712,-42.73,-42.754,-42.785,-42.821,-42.861,-42.904,-42.946,-42.984,-43.013,-43.032,-43.037,-43.028,-43.005,-42.97,-42.926,-42.876,-42.822,-42.77,-42.721,-42.68,-42.65,-42.635,-42.635,-42.65,-42.68,-42.721,-42.77,-42.822,-42.876,-42.926,-42.97,-43.005,-43.028,-43.037,-43.032,-43.013,-42.984,-42.946,-42.904,-42.861,-42.821,-42.785,-42.754,-42.73,-42.712,-42.7,-42.694
-42.685,-42.691,-42.703,-42.722,-42.746,-42.777,-42.814,-42.854,-42.897,-42.938,-42.975,-43.004,-43.022,-43.026,-43.016,-42.993,-42.958,-42.913,-42.863,-42.81,-42.758,-42.709,-42.669,-42.639,-42.623,-42.623,-42.639,-42.669,-42.709,-42.758,-42.81,-42.863,-42.913,-42.958,-42.993,-43.016,-43.026,-43.022,-43.004,-42.975,-42.938,-42.897,-42.854,-42.814,-42.777,-42.746,-42.722,-42.703,-42.691,-42.685
-42.675,-42.681,-42.693,-42.712,-42.737,-42.769,-42.805,-42.846,-42.888,-42.929,-42.966,-42.994,-43.01,-43.014,-43.003,-42.979,-42.944,-42.899,-42.849,-42.796,-42.744,-42.696,-42.656,-42.626,-42.611,-42.611,-42.626,-42.656,-42.696,-42.744,-42.796,-42.849,-42.899,-42.944,-42.979,-43.003,-43.014,-43.01,-42.994,-42.966,-42.929,-42.888,-42.846,-42.805,-42.769,-42.737,-42.712,-42.693,-42.681,-42.675
-42.663,-42.669,-42.682,-42.701,-42.727,-42.758,-42.795,-42.836,-42.878,-42.919,-42.954,-42.982,-42.997,-43,-42.988,-42.964,-42.928,-42.884,-42.834,-42.781,-42.729,-42.681,-42.641,-42.612,-42.597,-42.597,-42.612,-42.641,-42.681,-42.729,-42.781,-42.834,-42.884,-42.928,-42.964,-42.988,-43,-42.997,-42.982,-42.954,-42.919,-42.878,-42.836,-42.795,-42.758,-42.727,-42.701,-42.682,-42.669,-42.663
-42.65,-42.657,-42.669,-42.689,-42.715,-42.746,-42.783,-42.824,-42.866,-42.906,-42.941,-42.968,-42.982,-42.984,-42.972,-42.947,-42.911,-42.867,-42.817,-42.764,-42.713,-42.665,-42.625,-42.596,-42.581,-42.581,-42.596,-42.625,-42.665,-42.713,-42.764,-42.817,-42.867,-42.911,-42.947,-42.972,-42.984,-42.982,-42.968,-42.941,-42.906,-42.866,-42.824,-42.783,-42.746,-42.715,-42.689,-42.669,-42.657,-42.65
-42.636,-42.642,-42.655,-42.675,-42.701,-42.733,-42.77,-42.811,-42.852,-42.892,-42.926,-42.952,-42.966,-42.967,-42.954,-42.929,-42.893,-42.848,-42.798,-42.746,-42.695,-42.648,-42.608,-42.579,-42.564,-42.564,-42.579,-42.608,-42.648,-42.695,-42.746,-42.798,-42.848,-42.893,-42.929,-42.954,-42.967,-42.966,-42.952,-42.926,-42.892,-42.852,-42.811,-42.77,-42.733,-42.701,-42.675,-42.655,-42.642,-42.636
-42.619,-42.626,-42.639,-42.659,-42.685,-42.717,-42.755,-42.795,-42.837,-42.876,-42.909,-42.934,-42.947,-42.947,-42.934,-42.909,-42.872,-42.828,-42.778,-42.726,-42.675,-42.629,-42.589,-42.561,-42.546,-42.546,-42.561,-42.589,-42.629,-42.675,-42.726,-42.778,-42.828,-42.872,-42.909,-42.934,-42.947,-42.947,-42.934,-42.909,-42.876,-42.837,-42.795,-42.755,-42.717,-42.685,-42.659,-42.639,-42.626,-42.619
-42.601,-42.608,-42.621,-42.641,-42.668,-42.7,-42.738,-42.778,-42.819,-42.858,-42.891,-42.914,-42.927,-42.926,-42.913,-42.887,-42.85,-42.806,-42.757,-42.705,-42.654,-42.608,-42.569,-42.54,-42.526,-42.526,-42.54,-42.569,-42.608,-42.654,-42.705,-42.757,-42.806,-42.85,-42.887,-42.913,-42.926,-42.927,-42.914,-42.891,-42.858,-42.819,-42.778,-42.738,-42.7,-42.668,-42.641,-42.621,-42.608,-42.601
-42.582,-42.588,-42.602,-42.622,-42.649,-42.681,-42.718,-42.759,-42.799,-42.837,-42.87,-42.893,-42.904,-42.903,-42.889,-42.863,-42.826,-42.782,-42.733,-42.682,-42.632,-42.585,-42.547,-42.519,-42.504,-42.504,-42.519,-42.547,-42.585,-42.632,-42.682,-42.733,-42.782,-42.826,-42.863,-42.889,-42.903,-42.904,-42.893,-42.87,-42.837,-42.799,-42.759,-42.718,-42.681,-42.649,-42.622,-42.602,-42.588,-42.582
-42.56,-42.567,-42.58,-42.601,-42.627,-42.66,-42.697,-42.737,-42.777,-42.815,-42.846,-42.869,-42.879,-42.878,-42.863,-42.837,-42.801,-42.757,-42.708,-42.657,-42.607,-42.561,-42.523,-42.495,-42.48,-42.48,-42.495,-42.523,-42.561,-42.607,-42.657,-42.708,-42.757,-42.801,-42.837,-42.863,-42.878,-42.879,-42.869,-42.846,-42.815,-42.777,-42.737,-42.697,-42.66,-42.627,-42.601,-42.58,-42.567,-42.56
-42.536,-42.543,-42.557,-42.577,-42.604,-42.637,-42.674,-42.713,-42.753,-42.79,-42.821,-42.842,-42.853,-42.85,-42.836,-42.809,-42.773,-42.729,-42.681,-42.63,-42.581,-42.535,-42.497,-42.47,-42.455,-42.455,-42.47,-42.497,-42.535,-42.581,-42.63,-42.681,-42.729,-42.773,-42.809,-42.836,-42.85,-42.853,-42.842,-42.821,-42.79,-42.753,-42.713,-42.674,-42.637,-42.604,-42.577,-42.557,-42.543,-42.536
-42.511,-42.518,-42.531,-42.552,-42.578,-42.611,-42.648,-42.688,-42.727,-42.763,-42.793,-42.814,-42.824,-42.821,-42.806,-42.779,-42.743,-42.7,-42.652,-42.602,-42.553,-42.508,-42.47,-42.443,-42.429,-42.429,-42.443,-42.47,-42.508,-42.553,-42.602,-42.652,-42.7,-42.743,-42.779,-42.806,-42.821,-42.824,-42.814,-42.793,-42.763,-42.727,-42.688,-42.648,-42.611,-42.578,-42.552,-42.531,-42.518,-42.511
-42.483,-42.49,-42.504,-42.524,-42.551,-42.583,-42.62,-42.659,-42.698,-42.734,-42.763,-42.783,-42.792,-42.789,-42.774,-42.747,-42.712,-42.669,-42.621,-42.571,-42.523,-42.478,-42.441,-42.414,-42.4,-42.4,-42.414,-42.441,-42.478,-42.523,-42.571,-42.621,-42.669,-42.712,-42.747,-42.774,-42.789,-42.792,-42.783,-42.763,-42.734,-42.698,-42.659,-42.62,-42.583,-42.551,-42.524,-42.504,-42.49,-42.483
-42.453,-42.46,-42.474,-42.494,-42.521,-42.553,-42.59,-42.629,-42.667,-42.702,-42.731,-42.75,-42.759,-42.755,-42.74,-42.713,-42.678,-42.635,-42.588,-42.539,-42.491,-42.447,-42.411,-42.384,-42.37,-42.37,-42.384,-42.411,-42.447,-42.491,-42.539,-42.588,-42.635,-42.678,-42.713,-42.74,-42.755,-42.759,-42.75,-42.731,-42.702,-42.667,-42.629,-42.59,-42.553,-42.521,-42.494,-42.474,-42.46,-42.453
-42.421,-42.428,-42.442,-42.463,-42.489,-42.521,-42.558,-42.596,-42.634,-42.668,-42.696,-42.715,-42.723,-42.719,-42.704,-42.677,-42.642,-42.6,-42.553,-42.505,-42.458,-42.415,-42.378,-42.352,-42.338,-42.338,-42.352,-42.378,-42.415,-42.458,-42.505,-42.553,-42.6,-42.642,-42.677,-42.704,-42.719,-42.723,-42.715,-42.696,-42.668,-42.634,-42.596,-42.558,-42.521,-42.489,-42.463,-42.442,-42.428,-42.421
-42.388,-42.395,-42.408,-42.429,-42.455,-42.487,-42.523,-42.561,-42.598,-42.632,-42.659,-42.677,-42.685,-42.681,-42.665,-42.639,-42.604,-42.563,-42.517,-42.469,-42.423,-42.38,-42.344,-42.319,-42.305,-42.305,-42.319,-42.344,-42.38,-42.423,-42.469,-42.517,-42.563,-42.604,-42.639,-42.665,-42.681,-42.685,-42.677,-42.659,-42.632,-42.598,-42.561,-42.523,-42.487,-42.455,-42.429,-42.408,-42.395,-42.388
-42.352,-42.359,-42.372,-42.392,-42.419,-42.45,-42.486,-42.523,-42.56,-42.593,-42.619,-42.637,-42.644,-42.64,-42.624,-42.599,-42.564,-42.524,-42.479,-42.432,-42.386,-42.344,-42.309,-42.284,-42.27,-42.27,-42.284,-42.309,-42.344,-42.386,-42.432,-42.479,-42.524,-42.564,-42.599,-42.624,-42.64,-42.644,-42.637,-42.619,-42.593,-42.56,-42.523,-42.486,-42.45,-42.419,-42.392,-42.372,-42.359,-42.352
-42.314,-42.321,-42.334,-42.354,-42.38,-42.411,-42.446,-42.483,-42.519,-42.551,-42.577,-42.594,-42.601,-42.597,-42.582,-42.556,-42.523,-42.483,-42.438,-42.392,-42.348,-42.306,-42.272,-42.247,-42.234,-42.234,-42.247,-42.272,-42.306,-42.347,-42.392,-42.438,-42.483,-42.523,-42.556,-42.582,-42.597,-42.601,-42.594,-42.577,-42.551,-42.519,-42.483,-42.446,-42.411,-42.38,-42.354,-42.334,-42.321,-42.314
-42.274,-42.281,-42.294,-42.314,-42.34,-42.37,-42.405,-42.441,-42.476,-42.508,-42.533,-42.55,-42.556,-42.552,-42.537,-42.512,-42.479,-42.44,-42.396,-42.352,-42.308,-42.267,-42.234,-42.21,-42.197,-42.197,-42.21,-42.234,-42.267,-42.308,-42.352,-42.396,-42.44,-42.479,-42.512,-42.537,-42.552,-42.556,-42.55,-42.533,-42.508,-42.476,-42.441,-42.405,-42.37,-42.34,-42.314,-42.294,-42.281,-42.274
-42.233,-42.239,-42.252,-42.272,-42.297,-42.327,-42.361,-42.397,-42.431,-42.462,-42.487,-42.503,-42.509,-42.505,-42.49,-42.466,-42.434,-42.395,-42.353,-42.309,-42.266,-42.227,-42.195,-42.171,-42.159,-42.159,-42.171,-42.195,-42.227,-42.266,-42.309,-42.353,-42.395,-42.434,-42.466,-42.49,-42.505,-42.509,-42.503,-42.487,-42.462,-42.431,-42.397,-42.361,-42.327,-42.297,-42.272,-42.252,-42.239,-42.233
-42.189,-42.196,-42.209,-42.228,-42.253,-42.282,-42.315,-42.35,-42.384,-42.414,-42.438,-42.454,-42.46,-42.455,-42.441,-42.418,-42.386,-42.349,-42.308,-42.265,-42.224,-42.186,-42.154,-42.131,-42.119,-42.119,-42.131,-42.154,-42.186,-42.224,-42.265,-42.308,-42.349,-42.386,-42.418,-42.441,-42.455,-42.46,-42.454,-42.438,-42.414,-42.384,-42.35,-42.315,-42.282,-42.253,-42.228,-42.209,-42.196,-42.189
-42.145,-42.151,-42.163,-42.182,-42.206,-42.235,-42.268,-42.302,-42.334,-42.364,-42.387,-42.402,-42.408,-42.404,-42.39,-42.368,-42.337,-42.301,-42.262,-42.221,-42.18,-42.144,-42.113,-42.091,-42.079,-42.079,-42.091,-42.113,-42.144,-42.18,-42.221,-42.262,-42.301,-42.337,-42.368,-42.39,-42.404,-42.408,-42.402,-42.387,-42.364,-42.334,-42.302,-42.268,-42.235,-42.206,-42.182,-42.163,-42.151,-42.145
-42.098,-42.105,-42.117,-42.135,-42.158,-42.187,-42.218,-42.251,-42.283,-42.311,-42.334,-42.349,-42.355,-42.351,-42.338,-42.316,-42.287,-42.252,-42.214,-42.175,-42.136,-42.101,-42.071,-42.05,-42.039,-42.039,-42.05,-42.071,-42.101,-42.136,-42.175,-42.214,-42.252,-42.287,-42.316,-42.338,-42.351,-42.355,-42.349,-42.334,-42.311,-42.283,-42.251,-42.218,-42.187,-42.158,-42.135,-42.117,-42.105,-42.098
-42.051,-42.057,-42.069,-42.086,-42.109,-42.136,-42.167,-42.199,-42.23,-42.257,-42.279,-42.294,-42.3,-42.296,-42.284,-42.263,-42.235,-42.202,-42.166,-42.128,-42.091,-42.057,-42.029,-42.009,-41.998,-41.998,-42.009,-42.029,-42.057,-42.091,-42.128,-42.166,-42.202,-42.235,-42.263,-42.284,-42.296,-42.3,-42.294,-42.279,-42.257,-42.23,-42.199,-42.167,-42.136,-42.109,-42.086,-42.069,-42.057,-42.051
-42.003,-42.008,-42.02,-42.036,-42.058,-42.085,-42.114,-42.145,-42.175,-42.201,-42.223,-42.237,-42.243,-42.24,-42.228,-42.209,-42.182,-42.151,-42.117,-42.081,-42.045,-42.013,-41.987,-41.967,-41.957,-41.957,-41.967,-41.987,-42.013,-42.045,-42.081,-42.117,-42.151,-42.182,-42.209,-42.228,-42.24,-42.243,-42.237,-42.223,-42.201,-42.175,-42.145,-42.114,-42.085,-42.058,-42.036,-42.02,-42.008,-42.003
-41.954,-41.959,-41.97,-41.986,-42.007,-42.032,-42.06,-42.089,-42.118,-42.144,-42.165,-42.178,-42.184,-42.182,-42.171,-42.153,-42.129,-42.099,-42.067,-42.033,-42,-41.97,-41.945,-41.926,-41.917,-41.917,-41.926,-41.945,-41.97,-42,-42.033,-42.067,-42.099,-42.129,-42.153,-42.171,-42.182,-42.184,-42.178,-42.165,-42.144,-42.118,-42.089,-42.06,-42.032,-42.007,-41.986,-41.97,-41.959,-41.954
-41.904,-41.909,-41.919,-41.934,-41.954,-41.978,-42.005,-42.033,-42.06,-42.085,-42.105,-42.119,-42.125,-42.123,-42.113,-42.097,-42.074,-42.047,-42.017,-41.985,-41.955,-41.927,-41.903,-41.886,-41.877,-41.877,-41.886,-41.903,-41.926,-41.955,-41.985,-42.017,-42.047,-42.074,-42.097,-42.113,-42.123,-42.125,-42.119,-42.105,-42.085,-42.06,-42.033,-42.005,-41.978,-41.954,-41.934,-41.919,-41.909,-41.904
-41.854,-41.859,-41.869,-41.883,-41.901,-41.923,-41.949,-41.975,-42.002,-42.025,-42.044,-42.058,-42.064,-42.063,-42.055,-42.04,-42.019,-41.994,-41.967,-41.938,-41.91,-41.884,-41.863,-41.847,-41.839,-41.839,-41.847,-41.863,-41.884,-41.91,-41.938,-41.967,-41.994,-42.019,-42.04,-42.055,-42.063,-42.064,-42.058,-42.044,-42.025,-42.002,-41.975,-41.949,-41.923,-41.901,-41.883,-41.869,-41.859,-41.854
-41.805,-41.809,-41.818,-41.831,-41.848,-41.869,-41.892,-41.917,-41.942,-41.964,-41.983,-41.996,-42.002,-42.002,-41.995,-41.982,-41.964,-41.942,-41.917,-41.892,-41.866,-41.843,-41.824,-41.81,-41.802,-41.802,-41.81,-41.824,-41.843,-41.866,-41.892,-41.917,-41.942,-41.964,-41.982,-41.995,-42.002,-42.002,-41.996,-41.983,-41.964,-41.942,-41.917,-41.892,-41.869,-41.848,-41.831,-41.818,-41.809,-41.805
-41.756,-41.76,-41.768,-41.779,-41.795,-41.814,-41.836,-41.859,-41.882,-41.903,-41.921,-41.934,-41.941,-41.941,-41.936,-41.925,-41.91,-41.89,-41.869,-41.846,-41.824,-41.803,-41.786,-41.774,-41.768,-41.768,-41.774,-41.786,-41.803,-41.824,-41.846,-41.869,-41.89,-41.91,-41.925,-41.936,-41.941,-41.941,-41.934,-41.921,-41.903,-41.882,-41.859,-41.836,-41.814,-41.795,-41.779,-41.768,-41.76,-41.756
-41.708,-41.711,-41.718,-41.729,-41.742,-41.759,-41.779,-41.8,-41.822,-41.842,-41.858,-41.871,-41.878,-41.88,-41.877,-41.868,-41.856,-41.84,-41.822,-41.802,-41.783,-41.766,-41.751,-41.741,-41.736,-41.736,-41.741,-41.751,-41.766,-41.783,-41.802,-41.822,-41.84,-41.856,-41.868,-41.877,-41.88,-41.878,-41.871,-41.858,-41.842,-41.822,-41.8,-41.779,-41.759,-41.742,-41.729,-41.718,-41.711,-41.708
-41.661,-41.664,-41.67,-41.679,-41.691,-41.706,-41.723,-41.742,-41.762,-41.78,-41.796,-41.809,-41.817,-41.82,-41.818,-41.812,-41.803,-41.79,-41.776,-41.761,-41.745,-41.731,-41.72,-41.711,-41.707,-41.707,-41.711,-41.72,-41.731,-41.745,-41.761,-41.776,-41.79,-41.803,-41.812,-41.818,-41.82,-41.817,-41.809,-41.796,-41.78,-41.762,-41.742,-41.723,-41.706,-41.691,-41.679,-41.67,-41.664,-41.661
-41.615,-41.618,-41.623,-41.63,-41.64,-41.653,-41.668,-41.685,-41.703,-41.719,-41.735,-41.747,-41.755,-41.76,-41.761,-41.758,-41.752,-41.743,-41.733,-41.722,-41.71,-41.7,-41.691,-41.685,-41.681,-41.681,-41.685,-41.691,-41.7,-41.71,-41.721,-41.733,-41.743,-41.752,-41.758,-41.761,-41.76,-41.755,-41.747,-41.735,-41.719,-41.702,-41.685,-41.668,-41.653,-41.64,-41.63,-41.623,-41.618,-41.615
-41.571,-41.573,-41.577,-41.583,-41.591,-41.602,-41.615,-41.629,-41.644,-41.66,-41.674,-41.686,-41.695,-41.701,-41.705,-41.705,-41.702,-41.698,-41.692,-41.686,-41.679,-41.672,-41.667,-41.663,-41.66,-41.66,-41.663,-41.667,-41.672,-41.679,-41.686,-41.692,-41.698,-41.702,-41.705,-41.705,-41.701,-41.695,-41.686,-41.674,-41.66,-41.644,-41.629,-41.615,-41.602,-41.591,-41.583,-41.577,-41.573,-41.571
-41.529,-41.53,-41.533,-41.538,-41.544,-41.553,-41.563,-41.575,-41.588,-41.602,-41.615,-41.627,-41.637,-41.645,-41.651,-41.654,-41.656,-41.656,-41.655,-41.653,-41.651,-41.649,-41.647,-41.645,-41.644,-41.644,-41.645,-41.647,-41.649,-41.651,-41.653,-41.655,-41.656,-41.656,-41.654,-41.651,-41.645,-41.637,-41.627,-41.615,-41.602,-41.588,-41.575,-41.563,-41.553,-41.544,-41.538,-41.533,-41.53,-41.529
-41.489,-41.49,-41.492,-41.495,-41.499,-41.505,-41.513,-41.523,-41.534,-41.546,-41.558,-41.57,-41.581,-41.591,-41.599,-41.606,-41.613,-41.618,-41.622,-41.626,-41.629,-41.631,-41.633,-41.634,-41.634,-41.634,-41.634,-41.633,-41.631,-41.629,-41.626,-41.622,-41.618,-41.613,-41.606,-41.599,-41.591,-41.581,-41.57,-41.558,-41.546,-41.534,-41.523,-41.513,-41.505,-41.499,-41.495,-41.492,-41.49,-41.489
-41.45,-41.451,-41.452,-41.454,-41.456,-41.461,-41.466,-41.473,-41.482,-41.492,-41.504,-41.516,-41.528,-41.54,-41.551,-41.562,-41.573,-41.584,-41.594,-41.603,-41.612,-41.619,-41.625,-41.629,-41.631,-41.631,-41.629,-41.625,-41.619,-41.612,-41.603,-41.594,-41.584,-41.573,-41.562,-41.551,-41.54,-41.528,-41.516,-41.504,-41.492,-41.482,-41.473,-41.466,-41.461,-41.456,-41.454,-41.452,-41.451,-41.45
-41.414,-41.414,-41.414,-41.415,-41.416,-41.418,-41.422,-41.427,-41.434,-41.442,-41.453,-41.465,-41.478,-41.492,-41.507,-41.523,-41.539,-41.555,-41.571,-41.587,-41.601,-41.614,-41.624,-41.631,-41.634,-41.634,-41.631,-41.624,-41.614,-41.601,-41.587,-41.571,-41.555,-41.539,-41.523,-41.507,-41.492,-41.478,-41.465,-41.453,-41.442,-41.434,-41.427,-41.422,-41.418,-41.416,-41.415,-41.414,-41.414,-41.414
-41.379,-41.379,-41.378,-41.378,-41.379,-41.379,-41.381,-41.384,-41.389,-41.396,-41.406,-41.418,-41.433,-41.449,-41.468,-41.489,-41.51,-41.533,-41.555,-41.577,-41.598,-41.616,-41.63,-41.641,-41.646,-41.646,-41.641,-41.63,-41.616,-41.598,-41.577,-41.555,-41.533,-41.51,-41.489,-41.468,-41.449,-41.433,-41.418,-41.406,-41.396,-41.389,-41.384,-41.381,-41.379,-41.379,-41.378,-41.378,-41.379,-41.379
-41.345,-41.345,-41.345,-41.344,-41.343,-41.343,-41.343,-41.345,-41.349,-41.355,-41.364,-41.377,-41.393,-41.412,-41.435,-41.46,-41.488,-41.517,-41.546,-41.575,-41.603,-41.627,-41.646,-41.66,-41.667,-41.667,-41.66,-41.646,-41.627,-41.603,-41.575,-41.546,-41.517,-41.488,-41.46,-41.435,-41.412,-41.393,-41.376,-41.364,-41.355,-41.349,-41.345,-41.343,-41.343,-41.343,-41.344,-41.345,-41.345,-41.345
-41.314,-41.313,-41.312,-41.312,-41.311,-41.31,-41.309,-41.31,-41.313,-41.318,-41.327,-41.341,-41.359,-41.381,-41.408,-41.439,-41.473,-41.509,-41.546,-41.582,-41.617,-41.647,-41.672,-41.689,-41.698,-41.698,-41.689,-41.672,-41.647,-41.617,-41.582,-41.546,-41.509,-41.473,-41.439,-41.408,-41.381,-41.359,-41.341,-41.327,-41.318,-41.313,-41.31,-41.309,-41.31,-41.311,-41.312,-41.312,-41.313,-41.314
-41.283,-41.282,-41.282,-41.281,-41.28,-41.279,-41.279,-41.28,-41.282,-41.288,-41.297,-41.312,-41.332,-41.358,-41.39,-41.426,-41.467,-41.51,-41.555,-41.599,-41.641,-41.678,-41.708,-41.729,-41.741,-41.741,-41.729,-41.708,-41.678,-41.641,-41.599,-41.555,-41.51,-41.467,-41.426,-41.39,-41.358,-41.332,-41.312,-41.297,-41.288,-41.282,-41.28,-41.279,-41.279,-41.28,-41.281,-41.282,-41.282,-41.283
-41.253,-41.252,-41.252,-41.252,-41.251,-41.251,-41.251,-41.253,-41.257,-41.263,-41.274,-41.291,-41.314,-41.344,-41.38,-41.423,-41.471,-41.522,-41.575,-41.627,-41.677,-41.721,-41.757,-41.783,-41.796,-41.796,-41.783,-41.757,-41.721,-41.677,-41.627,-41.575,-41.522,-41.471,-41.423,-41.38,-41.344,-41.314,-41.291,-41.274,-41.263,-41.257,-41.253,-41.251,-41.251,-41.251,-41.252,-41.252,-41.252,-41.253
-41.223,-41.223,-41.223,-41.223,-41.224,-41.225,-41.227,-41.23,-41.236,-41.245,-41.258,-41.278,-41.305,-41.339,-41.382,-41.431,-41.487,-41.546,-41.607,-41.667,-41.725,-41.777,-41.819,-41.85,-41.866,-41.866,-41.85,-41.819,-41.777,-41.725,-41.667,-41.607,-41.546,-41.487,-41.431,-41.382,-41.339,-41.305,-41.278,-41.258,-41.245,-41.236,-41.23,-41.227,-41.225,-41.224,-41.223,-41.223,-41.223,-41.223
-41.194,-41.194,-41.195,-41.196,-41.197,-41.199,-41.203,-41.209,-41.218,-41.231,-41.248,-41.273,-41.305,-41.347,-41.396,-41.454,-41.517,-41.584,-41.654,-41.724,-41.79,-41.85,-41.9,-41.935,-41.954,-41.954,-41.935,-41.9,-41.85,-41.79,-41.723,-41.654,-41.584,-41.517,-41.454,-41.396,-41.347,-41.305,-41.273,-41.248,-41.231,-41.218,-41.209,-41.203,-41.199,-41.197,-41.196,-41.195,-41.194,-41.194
