-15.788
-16.225
-16.234
-16.236
-16.201
-16.166
-16.129
-16.095
-16.067
-16.04
-16.014
-15.991
-15.97
-15.954
-15.94
-16.447
-17.128
-15.801
-14.121
-12.439
-25.942
-27.279
-28.577
-28.595
-28.619
-28.73
-28.846
-29.015
-29.19
-29.423
-29.661
-29.945
-30.232
-30.55
-30.871
-31.208
-31.544
-31.883
-32.219
-32.546
-32.867
-33.17
-33.466
-33.738
-34.001
-34.238
-34.465
-34.666
-34.856
-35.022
-35.178
-35.312
-35.437
-35.542
-35.639
-35.721
-35.795
-35.856
-35.91
-35.955
-35.994
-36.026
-36.053
-36.074
-36.092
-36.105
-36.116
-36.123
-36.127
-36.129
-36.13
-36.128
-36.125
-36.12
-36.114
-36.107
-36.098
-36.089
-36.078
-36.066
-36.053
-36.039
-36.024
-36.008
-35.991
-35.974
-35.955
-35.935
-35.915
-35.893
-35.871
-35.848
-35.824
-35.8
-35.774
-35.749
-35.722
-35.694
-35.666
-35.637
-35.608
-35.577
-35.546
-35.514
-35.48
-35.446
-35.41
-35.373
-35.335
-35.296
-35.253
-35.21
-35.178
-35.147
-35.046
-34.941
-34.712
-34.479
-38.444
-38.215
-37.986
-37.814
-37.96
-38.073
-38.085
-38.096
-38.105
-38.115
-38.127
-38.141
-38.156
-38.173
-38.191
-38.216
-38.243
-38.371
-38.517
-40.202
-39.216
-38.864
-38.274
-38.133
-38.594
-38.951
-39.091
-38.559
-38.206
-38.396
-38.903
-39.126
-38.98
-38.407
-38.277
-38.699
-39.175
-39.422
-39.134
-38.51
-38.337
-38.829
-39.367
-39.842
-39.506
-38.755
-38.376
-38.714
-39.207
-39.759
-39.919
-39.747
-39.236
-38.888
-38.889
-39.367
-39.942
-40.464
-40.473
-40.063
-39.441
-39.263
-39.341
-39.688
-40.253
-40.754
-41.107
-41.099
-40.86
-40.379
-40.017
-39.898
-40.164
-40.614
-41.145
-41.625
-41.951
-42.145
-42.077
-41.838
-41.457
-41.183
-41.069
-41.098
-41.231
-41.471
-41.854
-42.293
-42.7
-43.024
-43.227
-43.337
-43.248
-43.014
-42.679
-42.69
-42.627
-42.536
-42.389
-42.28
-42.214
-42.17
-42.157
-42.174
-42.209
-42.245
-42.289
-42.323
-42.338
-42.374
-42.376
-42.359
-42.344
-42.284
-42.189
-42.065
-41.897
-41.473
-40.706
-39.788
-38.31
-36.595
-34.947
-33.817
-32.708
-32.642
-33.96
-35.769
-34.451
-32.757
-30.686
-28.267
-26.624
-26.39
-26.767
-26.785
-24.717
-23.051
-22.197
-22.153
-22.538
-21.758
-20.821
-21.397
-20.341
-19.471
-20.268
-18.766
-19.115
-19.181
-17.591
-19.166
-17.644
-17.501
-17.588
-19.47
-24.991
-15.788
-15.788
-16.225
-16.234
-16.236
-16.201
-16.166
-16.129
-16.095
-16.067
-16.04
-16.014
-15.991
-15.97
-15.954
-15.94
-16.447
-17.128
-15.801
-14.12
-12.438
-25.94
-27.278
-28.576
-28.595
-28.618
-28.73
-28.846
-29.015
-29.189
-29.422
-29.661
-29.944
-30.232
-30.55
-30.871
-31.207
-31.544
-31.882
-32.219
-32.545
-32.867
-33.17
-33.465
-33.737
-34.001
-34.238
-34.465
-34.666
-34.856
-35.022
-35.178
-35.312
-35.436
-35.542
-35.639
-35.72
-35.794
-35.855
-35.91
-35.955
-35.994
-36.026
-36.053
-36.074
-36.092
-36.105
-36.115
-36.122
-36.127
-36.129
-36.13
-36.128
-36.125
-36.12
-36.114
-36.107
-36.098
-36.089
-36.078
-36.066
-36.053
-36.039
-36.024
-36.008
-35.991
-35.974
-35.955
-35.935
-35.914
-35.893
-35.871
-35.848
-35.824
-35.8
-35.774
-35.749
-35.722
-35.694
-35.666
-35.637
-35.608
-35.577
-35.546
-35.514
-35.48
-35.446
-35.41
-35.373
-35.335
-35.296
-35.253
-35.21
-35.178
-35.148
-35.046
-34.941
-34.712
-34.479
-38.445
-38.215
-37.986
-37.814
-37.96
-38.073
-38.085
-38.096
-38.105
-38.115
-38.127
-38.141
-38.156
-38.173
-38.191
-38.216
-38.243
-38.371
-38.517
-40.202
-39.217
-38.864
-38.274
-38.133
-38.594
-38.951
-39.091
-38.559
-38.206
-38.396
-38.903
-39.126
-38.98
-38.407
-38.277
-38.699
-39.175
-39.422
-39.134
-38.51
-38.337
-38.829
-39.367
-39.842
-39.506
-38.755
-38.376
-38.714
-39.207
-39.759
-39.919
-39.747
-39.236
-38.888
-38.889
-39.367
-39.942
-40.464
-40.473
-40.063
-39.441
-39.263
-39.341
-39.688
-40.253
-40.754
-41.107
-41.099
-40.86
-40.379
-40.017
-39.898
-40.164
-40.614
-41.145
-41.625
-41.951
-42.145
-42.077
-41.838
-41.457
-41.183
-41.069
-41.098
-41.231
-41.471
-41.854
-42.293
-42.7
-43.024
-43.227
-43.337
-43.248
-43.014
-42.679
-42.69
-42.627
-42.537
-42.389
-42.28
-42.214
-42.17
-42.157
-42.174
-42.209
-42.245
-42.289
-42.323
-42.338
-42.374
-42.376
-42.359
-42.344
-42.284
-42.189
-42.065
-41.897
-41.473
-40.706
-39.788
-38.31
-36.595
-34.947
-33.817
-32.708
-32.642
-33.96
-35.769
-34.451
-32.757
-30.686
-28.267
-26.624
-26.39
-26.767
-26.785
-24.717
-23.052
-22.197
-22.153
-22.538
-21.758
-20.821
-21.397
-20.341
-19.472
-20.268
-18.766
-19.115
-19.181
-17.591
-19.166
-17.644
-17.501
-17.588
-19.47
-24.991
-15.788
