0.99995,0.99995,0.99995,0.99996,0.99996,0.99996,0.99997,0.99997,0.99998,0.99998,0.99999,0.99999,1,1,1,1,1,1,1,1,1,1,1,1,1,1,1,1,1,1,1,1,1,1,1,1,1,1,0.99999,0.99999,0.99998,0.99998,0.99997,0.99997,0.99996,0.99996,0.99996,0.99995,0.99995,0.99995
0.99981,0.99981,0.99982,0.99983,0.99984,0.99985,0.99987,0.99989,0.99991,0.99993,0.99995,0.99998,1,1,1,1.0001,1.0001,1.0001,1.0001,1.0001,1.0002,1.0002,1.0002,1.0002,1.0002,1.0002,1.0002,1.0002,1.0002,1.0002,1.0001,1.0001,1.0001,1.0001,1.0001,1,1,1,0.99998,0.99995,0.99993,0.99991,0.99989,0.99987,0.99985,0.99984,0.99983,0.99982,0.99981,0.99981
0.99956,0.99958,0.99959,0.99961,0.99964,0.99967,0.99971,0.99975,0.99979,0.99984,0.99989,0.99995,1,1.0001,1.0001,1.0002,1.0002,1.0003,1.0003,1.0003,1.0004,1.0004,1.0004,1.0004,1.0004,1.0004,1.0004,1.0004,1.0004,1.0004,1.0003,1.0003,1.0003,1.0002,1.0002,1.0001,1.0001,1,0.99995,0.99989,0.99984,0.99979,0.99975,0.99971,0.99967,0.99964,0.99961,0.99959,0.99958,0.99956
0.99922,0.99924,0.99927,0.99931,0.99935,0.99941,0.99948,0.99955,0.99963,0.99972,0.99981,0.99991,1,1.0001,1.0002,1.0003,1.0004,1.0005,1.0005,1.0006,1.0006,1.0007,1.0007,1.0007,1.0008,1.0008,1.0007,1.0007,1.0007,1.0006,1.0006,1.0005,1.0005,1.0004,1.0003,1.0002,1.0001,1,0.99991,0.99981,0.99972,0.99963,0.99955,0.99948,0.99941,0.99935,0.99931,0.99927,0.99924,0.99922
0.99878,0.99881,0.99885,0.99891,0.99898,0.99907,0.99918,0.99929,0.99942,0.99956,0.9997,0.99985,1,1.0002,1.0003,1.0004,1.0006,1.0007,1.0008,1.0009,1.001,1.0011,1.0011,1.0012,1.0012,1.0012,1.0012,1.0011,1.0011,1.001,1.0009,1.0008,1.0007,1.0006,1.0004,1.0003,1.0002,1,0.99985,0.9997,0.99956,0.99942,0.99929,0.99918,0.99907,0.99898,0.99891,0.99885,0.99881,0.99878
0.99822,0.99827,0.99833,0.99841,0.99852,0.99865,0.9988,0.99897,0.99916,0.99936,0.99957,0.99979,1,1.0002,1.0004,1.0006,1.0008,1.001,1.0012,1.0014,1.0015,1.0016,1.0017,1.0017,1.0017,1.0017,1.0017,1.0017,1.0016,1.0015,1.0014,1.0012,1.001,1.0008,1.0006,1.0004,1.0002,1,0.99979,0.99957,0.99936,0.99916,0.99897,0.9988,0.99865,0.99852,0.99841,0.99833,0.99827,0.99822
0.99755,0.99761,0.99769,0.99781,0.99796,0.99814,0.99835,0.99858,0.99884,0.99912,0.99941,0.9997,1,1.0003,1.0006,1.0009,1.0012,1.0014,1.0017,1.0019,1.002,1.0022,1.0023,1.0024,1.0024,1.0024,1.0024,1.0023,1.0022,1.002,1.0019,1.0017,1.0014,1.0012,1.0009,1.0006,1.0003,1,0.9997,0.99941,0.99912,0.99884,0.99858,0.99835,0.99814,0.99796,0.99781,0.99769,0.99761,0.99755
0.99675,0.99682,0.99693,0.99709,0.99729,0.99753,0.99781,0.99812,0.99846,0.99883,0.99921,0.99961,1,1.0004,1.0008,1.0012,1.0016,1.0019,1.0022,1.0025,1.0027,1.0029,1.0031,1.0032,1.0032,1.0032,1.0032,1.0031,1.0029,1.0027,1.0025,1.0022,1.0019,1.0016,1.0012,1.0008,1.0004,1,0.99961,0.99921,0.99883,0.99846,0.99812,0.99781,0.99753,0.99729,0.99709,0.99693,0.99682,0.99675
0.99581,0.9959,0.99605,0.99625,0.9965,0.99681,0.99717,0.99757,0.99801,0.99849,0.99898,0.99949,1,1.0005,1.001,1.0015,1.002,1.0024,1.0028,1.0032,1.0035,1.0037,1.0039,1.0041,1.0041,1.0041,1.0041,1.0039,1.0037,1.0035,1.0032,1.0028,1.0024,1.002,1.0015,1.001,1.0005,1,0.99949,0.99898,0.99849,0.99801,0.99757,0.99717,0.99681,0.9965,0.99625,0.99605,0.9959,0.99581
0.99471,0.99483,0.99501,0.99526,0.99559,0.99598,0.99643,0.99694,0.99749,0.99809,0.99871,0.99936,1,1.0007,1.0013,1.0019,1.0025,1.0031,1.0036,1.004,1.0044,1.0047,1.005,1.0051,1.0052,1.0052,1.0051,1.005,1.0047,1.0044,1.004,1.0036,1.0031,1.0025,1.0019,1.0013,1.0007,1,0.99936,0.99871,0.99809,0.99749,0.99694,0.99643,0.99598,0.99559,0.99526,0.99501,0.99483,0.99471
0.99345,0.99359,0.99381,0.99413,0.99453,0.99501,0.99557,0.9962,0.99689,0.99763,0.99841,0.99921,1,1.0008,1.0016,1.0024,1.0031,1.0038,1.0044,1.005,1.0055,1.0059,1.0062,1.0064,1.0065,1.0065,1.0064,1.0062,1.0059,1.0055,1.005,1.0044,1.0038,1.0031,1.0024,1.0016,1.0008,1,0.99921,0.99841,0.99763,0.99689,0.9962,0.99557,0.99501,0.99453,0.99413,0.99381,0.99359,0.99345
0.99199,0.99216,0.99244,0.99282,0.99331,0.9939,0.99459,0.99536,0.9962,0.9971,0.99805,0.99903,1,1.001,1.002,1.0029,1.0038,1.0047,1.0054,1.0061,1.0067,1.0072,1.0075,1.0078,1.0079,1.0079,1.0078,1.0075,1.0072,1.0067,1.0061,1.0054,1.0047,1.0038,1.0029,1.002,1.001,1,0.99903,0.99805,0.9971,0.9962,0.99536,0.99459,0.9939,0.99331,0.99282,0.99244,0.99216,0.99199
0.99033,0.99053,0.99086,0.99132,0.99191,0.99263,0.99346,0.99439,0.99541,0.9965,0.99764,0.99883,1,1.0012,1.0024,1.0035,1.0046,1.0056,1.0066,1.0074,1.0081,1.0087,1.0091,1.0094,1.0095,1.0095,1.0094,1.0091,1.0087,1.0081,1.0074,1.0066,1.0056,1.0046,1.0035,1.0024,1.0012,1,0.99883,0.99764,0.9965,0.99541,0.99439,0.99346,0.99263,0.99191,0.99132,0.99086,0.99053,0.99033
0.98842,0.98866,0.98906,0.98961,0.99032,0.99118,0.99217,0.99328,0.9945,0.99581,0.99718,0.99859,1,1.0015,1.0029,1.0042,1.0055,1.0068,1.0079,1.0088,1.0097,1.0104,1.0109,1.0113,1.0114,1.0114,1.0113,1.0109,1.0104,1.0097,1.0088,1.0079,1.0068,1.0055,1.0042,1.0029,1.0015,1,0.99859,0.99718,0.99581,0.9945,0.99328,0.99217,0.99118,0.99032,0.98961,0.98906,0.98866,0.98842
0.98625,0.98654,0.987,0.98766,0.9885,0.98952,0.9907,0.99202,0.99347,0.99502,0.99665,0.99833,1,1.0017,1.0034,1.005,1.0066,1.008,1.0093,1.0105,1.0115,1.0123,1.0129,1.0134,1.0136,1.0136,1.0134,1.0129,1.0123,1.0115,1.0105,1.0093,1.008,1.0066,1.005,1.0034,1.0017,1,0.99833,0.99665,0.99502,0.99347,0.99202,0.9907,0.98952,0.9885,0.98766,0.987,0.98654,0.98625
0.98378,0.98411,0.98467,0.98544,0.98643,0.98763,0.98902,0.99059,0.99229,0.99412,0.99604,0.99803,1,1.002,1.004,1.0059,1.0078,1.0095,1.011,1.0124,1.0136,1.0145,1.0153,1.0158,1.016,1.016,1.0158,1.0153,1.0145,1.0136,1.0124,1.011,1.0095,1.0078,1.0059,1.004,1.002,1,0.99803,0.99604,0.99412,0.99229,0.99059,0.98902,0.98763,0.98643,0.98544,0.98467,0.98411,0.98378
0.98098,0.98136,0.98201,0.98292,0.98408,0.98549,0.98712,0.98895,0.99096,0.9931,0.99536,0.99768,1,1.0024,1.0047,1.007,1.0091,1.0111,1.0129,1.0145,1.0159,1.0171,1.0179,1.0185,1.0188,1.0188,1.0185,1.0179,1.0171,1.0159,1.0145,1.0129,1.0111,1.0091,1.007,1.0047,1.0024,1,0.99768,0.99536,0.9931,0.99096,0.98895,0.98712,0.98549,0.98408,0.98292,0.98201,0.98136,0.98098
0.97779,0.97824,0.97899,0.98005,0.98141,0.98305,0.98496,0.9871,0.98944,0.99194,0.99457,0.99729,1,1.0028,1.0055,1.0081,1.0106,1.013,1.0151,1.017,1.0186,1.0199,1.0209,1.0216,1.022,1.022,1.0216,1.0209,1.0199,1.0186,1.017,1.0151,1.013,1.0106,1.0081,1.0055,1.0028,1,0.99729,0.99457,0.99194,0.98944,0.9871,0.98496,0.98305,0.98141,0.98005,0.97899,0.97824,0.97779
0.97417,0.97469,0.97557,0.9768,0.97838,0.98029,0.9825,0.98499,0.98771,0.99062,0.99368,0.99684,1.0001,1.0033,1.0064,1.0095,1.0124,1.0151,1.0175,1.0197,1.0216,1.0232,1.0243,1.0251,1.0255,1.0255,1.0251,1.0243,1.0232,1.0216,1.0197,1.0175,1.0151,1.0124,1.0095,1.0064,1.0033,1.0001,0.99684,0.99368,0.99062,0.98771,0.98499,0.9825,0.98029,0.97838,0.9768,0.97557,0.97469,0.97417
0.97007,0.97067,0.97168,0.97311,0.97494,0.97715,0.97972,0.9826,0.98575,0.98913,0.99268,0.99634,1.0001,1.0038,1.0074,1.011,1.0143,1.0175,1.0203,1.0229,1.0251,1.0269,1.0282,1.0291,1.0296,1.0296,1.0291,1.0282,1.0269,1.0251,1.0229,1.0203,1.0175,1.0143,1.011,1.0074,1.0038,1.0001,0.99634,0.99268,0.98913,0.98575,0.9826,0.97972,0.97715,0.97494,0.97311,0.97168,0.97067,0.97007
0.96542,0.96611,0.96727,0.96892,0.97103,0.97359,0.97656,0.97988,0.98353,0.98743,0.99153,0.99576,1.0001,1.0044,1.0086,1.0127,1.0166,1.0202,1.0235,1.0265,1.029,1.031,1.0326,1.0337,1.0342,1.0342,1.0337,1.0326,1.031,1.029,1.0265,1.0235,1.0202,1.0166,1.0127,1.0086,1.0044,1.0001,0.99576,0.99153,0.98743,0.98353,0.97988,0.97656,0.97359,0.97103,0.96892,0.96727,0.96611,0.96542
0.96014,0.96093,0.96228,0.96417,0.96661,0.96955,0.97297,0.97681,0.98101,0.9855,0.99023,0.99511,1.0001,1.005,1.0099,1.0146,1.0191,1.0233,1.0271,1.0305,1.0334,1.0358,1.0376,1.0388,1.0395,1.0395,1.0388,1.0376,1.0358,1.0334,1.0305,1.0271,1.0233,1.0191,1.0146,1.0099,1.005,1.0001,0.99511,0.99023,0.9855,0.98101,0.97681,0.97297,0.96955,0.96661,0.96417,0.96228,0.96093,0.96014
0.95417,0.95507,0.95662,0.95879,0.96159,0.96498,0.9689,0.97332,0.97814,0.98331,0.98875,0.99436,1.0001,1.0058,1.0114,1.0168,1.022,1.0268,1.0312,1.0351,1.0384,1.0412,1.0433,1.0447,1.0454,1.0454,1.0447,1.0433,1.0412,1.0384,1.0351,1.0312,1.0268,1.022,1.0168,1.0114,1.0058,1.0001,0.99436,0.98875,0.98331,0.97814,0.97332,0.9689,0.96498,0.96159,0.95879,0.95662,0.95507,0.95417
0.9474,0.94844,0.9502,0.9527,0.95591,0.95979,0.96429,0.96936,0.9749,0.98083,0.98707,0.99351,1.0001,1.0066,1.013,1.0193,1.0252,1.0308,1.0358,1.0403,1.0441,1.0473,1.0497,1.0513,1.0521,1.0521,1.0513,1.0497,1.0473,1.0441,1.0403,1.0358,1.0308,1.0252,1.0193,1.013,1.0066,1.0001,0.99351,0.98707,0.98083,0.9749,0.96936,0.96429,0.95979,0.95591,0.9527,0.9502,0.94844,0.9474
0.93973,0.94091,0.94293,0.94579,0.94946,0.95391,0.95907,0.96486,0.97121,0.97801,0.98516,0.99255,1.0001,1.0076,1.0149,1.0221,1.0289,1.0352,1.041,1.0462,1.0506,1.0542,1.057,1.0588,1.0598,1.0598,1.0588,1.057,1.0542,1.0506,1.0462,1.041,1.0352,1.0289,1.0221,1.0149,1.0076,1.0001,0.99255,0.98516,0.97801,0.97121,0.96486,0.95907,0.95391,0.94946,0.94579,0.94293,0.94091,0.93973
0.93105,0.9324,0.9347,0.93797,0.94216,0.94724,0.95314,0.95977,0.96703,0.97481,0.98299,0.99145,1,1.0086,1.0171,1.0253,1.0331,1.0403,1.047,1.0529,1.0579,1.0621,1.0652,1.0674,1.0684,1.0684,1.0674,1.0652,1.0621,1.0579,1.0529,1.047,1.0403,1.0331,1.0253,1.0171,1.0086,1,0.99145,0.98299,0.97481,0.96703,0.95977,0.95314,0.94724,0.94216,0.93797,0.9347,0.9324,0.93105
0.92122,0.92275,0.92538,0.9291,0.93389,0.93969,0.94642,0.95399,0.96228,0.97118,0.98053,0.99019,1,1.0099,1.0195,1.0289,1.0378,1.0461,1.0537,1.0604,1.0662,1.071,1.0746,1.077,1.0782,1.0782,1.077,1.0746,1.071,1.0662,1.0604,1.0537,1.0461,1.0378,1.0289,1.0195,1.0099,1,0.99019,0.98053,0.97118,0.96228,0.95399,0.94642,0.93969,0.93389,0.9291,0.92538,0.92275,0.92122
0.91009,0.91183,0.91482,0.91906,0.92452,0.93112,0.9388,0.94743,0.95689,0.96704,0.97772,0.98877,0.99999,1.0112,1.0223,1.033,1.0432,1.0527,1.0613,1.069,1.0756,1.081,1.0852,1.088,1.0894,1.0894,1.088,1.0852,1.081,1.0756,1.069,1.0613,1.0527,1.0432,1.033,1.0223,1.0112,0.99999,0.98877,0.97772,0.96704,0.95689,0.94743,0.9388,0.93112,0.92452,0.91906,0.91482,0.91183,0.91009
0.8975,0.89947,0.90287,0.90769,0.91389,0.92141,0.93015,0.93999,0.95077,0.96235,0.97453,0.98713,0.99995,1.0128,1.0254,1.0376,1.0493,1.0601,1.07,1.0788,1.0863,1.0925,1.0972,1.1004,1.102,1.102,1.1004,1.0972,1.0925,1.0863,1.0788,1.07,1.0601,1.0493,1.0376,1.0254,1.0128,0.99995,0.98713,0.97453,0.96235,0.95077,0.93999,0.93015,0.92141,0.91389,0.90769,0.90287,0.89947,0.8975
0.88326,0.88549,0.88934,0.89481,0.90186,0.91041,0.92034,0.93154,0.94382,0.95701,0.9709,0.98527,0.99989,1.0145,1.0289,1.0429,1.0562,1.0685,1.0798,1.0898,1.0984,1.1054,1.1108,1.1144,1.1163,1.1163,1.1144,1.1108,1.1054,1.0984,1.0898,1.0798,1.0685,1.0562,1.0429,1.0289,1.0145,0.99989,0.98527,0.9709,0.95701,0.94382,0.93154,0.92034,0.91041,0.90186,0.89481,0.88934,0.88549,0.88326
0.86714,0.86967,0.87403,0.88023,0.88822,0.89792,0.90921,0.92194,0.93591,0.95093,0.96675,0.98314,0.99981,1.0165,1.0329,1.0489,1.064,1.0781,1.091,1.1024,1.1121,1.1202,1.1263,1.1304,1.1325,1.1325,1.1304,1.1263,1.1202,1.1121,1.1024,1.091,1.0781,1.064,1.0489,1.0329,1.0165,0.99981,0.98314,0.96675,0.95093,0.93591,0.92194,0.90921,0.89792,0.88822,0.88023,0.87403,0.86967,0.86714
0.84893,0.85178,0.8567,0.86372,0.87277,0.88377,0.89658,0.91103,0.92692,0.944,0.96203,0.98069,0.9997,1.0187,1.0375,1.0556,1.0729,1.0889,1.1036,1.1166,1.1277,1.1368,1.1438,1.1485,1.1508,1.1508,1.1485,1.1438,1.1368,1.1277,1.1166,1.1036,1.0889,1.0729,1.0556,1.0375,1.0187,0.9997,0.98069,0.96203,0.944,0.92692,0.91103,0.89658,0.88377,0.87277,0.86372,0.8567,0.85178,0.84893
0.82836,0.83156,0.83711,0.84503,0.85527,0.86771,0.88222,0.89862,0.91667,0.9361,0.95662,0.97789,0.99955,1.0212,1.0426,1.0633,1.0829,1.1013,1.1179,1.1327,1.1454,1.1557,1.1636,1.169,1.1716,1.1716,1.169,1.1636,1.1557,1.1454,1.1327,1.1179,1.1013,1.0829,1.0633,1.0426,1.0212,0.99955,0.97789,0.95662,0.9361,0.91667,0.89862,0.88222,0.86771,0.85527,0.84504,0.83711,0.83156,0.82836
0.80513,0.80872,0.81497,0.82389,0.83543,0.84949,0.86591,0.88449,0.90498,0.92708,0.95043,0.97466,0.99935,1.0241,1.0484,1.072,1.0944,1.1152,1.1342,1.151,1.1654,1.1772,1.1861,1.1922,1.1952,1.1952,1.1922,1.1861,1.1772,1.1654,1.151,1.1342,1.1152,1.0944,1.072,1.0484,1.0241,0.99935,0.97466,0.95043,0.92708,0.90498,0.88449,0.86591,0.84949,0.83543,0.82389,0.81497,0.80872,0.80513
0.77894,0.78294,0.78995,0.79997,0.81296,0.8288,0.84735,0.86839,0.89164,0.91675,0.94334,0.97094,0.9991,1.0273,1.0551,1.0819,1.1074,1.1311,1.1527,1.1718,1.1881,1.2015,1.2116,1.2185,1.2219,1.2219,1.2185,1.2116,1.2015,1.1881,1.1718,1.1527,1.1311,1.1074,1.0819,1.0551,1.0273,0.9991,0.97094,0.94334,0.91675,0.89164,0.86839,0.84735,0.8288,0.81296,0.79997,0.78995,0.78294,0.77894
0.74942,0.75388,0.76171,0.77292,0.78749,0.80531,0.82623,0.85001,0.87637,0.90491,0.93518,0.96665,0.99877,1.031,1.0626,1.0932,1.1223,1.1492,1.1737,1.1954,1.2139,1.229,1.2405,1.2483,1.2522,1.2522,1.2483,1.2405,1.229,1.2139,1.1954,1.1737,1.1492,1.1223,1.0932,1.0626,1.031,0.99877,0.96665,0.93518,0.90491,0.87637,0.85001,0.82623,0.80531,0.78749,0.77292,0.76171,0.75388,0.74942
0.71622,0.72115,0.72985,0.74235,0.75863,0.7786,0.80214,0.82899,0.85886,0.89129,0.92577,0.96168,0.99836,1.0351,1.0712,1.1061,1.1392,1.1698,1.1976,1.2222,1.2431,1.2602,1.2732,1.282,1.2864,1.2864,1.282,1.2732,1.2602,1.2431,1.2222,1.1976,1.1698,1.1392,1.1061,1.0712,1.0351,0.99836,0.96168,0.92577,0.89129,0.85886,0.82899,0.80214,0.7786,0.75863,0.74235,0.72985,0.72115,0.71622
0.67892,0.68435,0.69397,0.70782,0.72592,0.74823,0.77462,0.80489,0.8387,0.87557,0.91489,0.95592,0.99785,1.0398,1.0811,1.1209,1.1585,1.1933,1.2248,1.2526,1.2763,1.2956,1.3103,1.3201,1.3251,1.3251,1.3201,1.3103,1.2956,1.2763,1.2526,1.2248,1.1933,1.1585,1.1209,1.0811,1.0398,0.99785,0.95592,0.91489,0.87557,0.8387,0.80489,0.77462,0.74823,0.72592,0.70782,0.69397,0.68435,0.67892
0.63713,0.64305,0.6536,0.66885,0.68886,0.71364,0.74313,0.77716,0.81541,0.85735,0.90225,0.94921,0.99724,1.0453,1.0925,1.1378,1.1806,1.2201,1.2558,1.2872,1.3139,1.3357,1.3522,1.3633,1.3689,1.3689,1.3633,1.3522,1.3357,1.3139,1.2872,1.2558,1.2201,1.1806,1.1378,1.0925,1.0453,0.99724,0.94921,0.90225,0.85735,0.81541,0.77716,0.74313,0.71364,0.68886,0.66885,0.6536,0.64305,0.63713
0.59043,0.59683,0.60829,0.62494,0.64687,0.6742,0.70698,0.74512,0.78835,0.8361,0.8875,0.9414,0.99655,1.0517,1.1056,1.1573,1.2059,1.2507,1.2911,1.3265,1.3566,1.3811,1.3996,1.4121,1.4184,1.4184,1.4121,1.3996,1.3811,1.3566,1.3265,1.2911,1.2507,1.2059,1.1573,1.1056,1.0517,0.99655,0.9414,0.8875,0.8361,0.78835,0.74512,0.70698,0.6742,0.64687,0.62494,0.60829,0.59683,0.59043
0.53841,0.54525,0.55757,0.57553,0.59932,0.62918,0.66534,0.70789,0.75668,0.81113,0.87016,0.9323,0.99586,1.0592,1.121,1.1799,1.2351,1.2858,1.3313,1.3712,1.405,1.4324,1.4532,1.4672,1.4742,1.4742,1.4672,1.4532,1.4324,1.405,1.3712,1.3313,1.2858,1.2351,1.1799,1.121,1.0592,0.99586,0.9323,0.87016,0.81113,0.75668,0.70789,0.66534,0.62918,0.59932,0.57553,0.55757,0.54525,0.53841
0.48073,0.48793,0.501,0.5201,0.54553,0.57771,0.61716,0.6643,0.71923,0.78147,0.84966,0.92171,0.9953,1.0683,1.1391,1.2063,1.2688,1.326,1.3772,1.422,1.4598,1.4905,1.5137,1.5293,1.5371,1.5371,1.5293,1.5137,1.4905,1.4598,1.422,1.3772,1.326,1.2688,1.2063,1.1391,1.0683,0.9953,0.92171,0.84966,0.78147,0.71923,0.6643,0.61716,0.57771,0.54553,0.5201,0.501,0.48793,0.48073
0.41714,0.42463,0.43827,0.45821,0.48482,0.51882,0.56112,0.61272,0.67431,0.74569,0.82517,0.90948,0.99523,1.0797,1.1608,1.2372,1.308,1.3723,1.4297,1.4797,1.5219,1.5561,1.5819,1.5992,1.6079,1.6079,1.5992,1.5819,1.5561,1.5219,1.4797,1.4297,1.3723,1.308,1.2372,1.1608,1.0797,0.99523,0.90948,0.82517,0.74569,0.67431,0.61272,0.56112,0.51882,0.48482,0.45821,0.43827,0.42463,0.41714
0.34766,0.35534,0.36935,0.38965,0.41667,0.45145,0.49554,0.55085,0.61924,0.70146,0.79554,0.89558,0.99631,1.0942,1.1871,1.2738,1.3535,1.4255,1.4896,1.5452,1.5922,1.6301,1.6587,1.6779,1.6876,1.6876,1.6779,1.6587,1.6301,1.5922,1.5452,1.4896,1.4255,1.3535,1.2738,1.1871,1.0942,0.99631,0.89558,0.79554,0.70146,0.61924,0.55085,0.49554,0.45145,0.41667,0.38965,0.36935,0.35534,0.34766
0.27286,0.28069,0.29489,0.31486,0.34099,0.37474,0.41844,0.47537,0.54954,0.64443,0.75901,0.88023,0.99974,1.1135,1.2196,1.3174,1.4065,1.4867,1.5578,1.6195,1.6715,1.7134,1.7451,1.7663,1.777,1.777,1.7663,1.7451,1.7134,1.6715,1.6195,1.5578,1.4867,1.4065,1.3174,1.2196,1.1135,0.99974,0.88023,0.75901,0.64443,0.54954,0.47537,0.41844,0.37474,0.34099,0.31486,0.29489,0.28069,0.27286
0.19454,0.20254,0.21691,0.23558,0.25889,0.28874,0.32823,0.38206,0.45775,0.56552,0.71286,0.86389,1.0071,1.1392,1.2598,1.3694,1.4684,1.5571,1.6356,1.7036,1.7608,1.8071,1.842,1.8654,1.8771,1.8771,1.8654,1.842,1.8071,1.7608,1.7036,1.6356,1.5571,1.4684,1.3694,1.2598,1.1392,1.0071,0.86389,0.71286,0.56552,0.45774,0.38206,0.32823,0.28874,0.25889,0.23558,0.21691,0.20254,0.19454
0.11679,0.1249,0.13994,0.15596,0.17383,0.19609,0.22583,0.26804,0.33345,0.44506,0.65427,0.84573,1.0184,1.1724,1.3092,1.431,1.5401,1.6376,1.7237,1.7984,1.8613,1.9121,1.9505,1.9762,1.9891,1.9891,1.9762,1.9505,1.9121,1.8613,1.7984,1.7237,1.6376,1.5401,1.431,1.3092,1.1724,1.0184,0.84573,0.65427,0.44506,0.33345,0.26804,0.22583,0.19609,0.17383,0.15596,0.13994,0.1249,0.11679
0.047741,0.055151,0.072348,0.083536,0.09328,0.10484,0.11969,0.13947,0.17177,0.24693,0.58745,0.81347,1.0219,1.2064,1.365,1.502,1.6224,1.7291,1.8232,1.905,1.9739,2.0296,2.0717,2.1,2.1142,2.1142,2.1,2.0717,2.0296,1.9739,1.905,1.8232,1.7291,1.6224,1.502,1.365,1.2064,1.0219,0.81347,0.58745,0.24693,0.17177,0.13947,0.11969,0.10483,0.09328,0.083535,0.072347,0.055153,0.047743
0.0020558,0.00586,0.025955,0.028965,0.030083,0.031779,0.032752,0.027993,0.0099194,-0.039119,0.52377,0.69842,0.96561,1.2091,1.4105,1.5749,1.7125,1.8311,1.9346,2.0242,2.0998,2.1609,2.207,2.2379,2.2533,2.2533,2.2379,2.207,2.1609,2.0998,2.0242,1.9346,1.8311,1.7125,1.5749,1.4105,1.2091,0.96561,0.69842,0.52377,-0.039119,0.0099193,0.027993,0.032752,0.031779,0.030083,0.028964,0.025954,0.0058628,0.0020569
0.0023365,0.0051887,0.0032095,0.0037978,0.00366,0.0035856,0.003996,0.0026689,0.0074281,-0.012803,0.052404,0.34864,0.76379,1.1181,1.4047,1.6277,1.8013,1.941,2.0578,2.1569,2.2399,2.3069,2.3576,2.3916,2.4086,2.4086,2.3916,2.3576,2.3069,2.2399,2.1569,2.0578,1.941,1.8013,1.6277,1.4047,1.1181,0.76379,0.34864,0.052404,-0.012803,0.0074281,0.0026688,0.0039964,0.0035844,0.003662,0.0037965,0.0032087,0.0051901,0.0023365
0.0019842,0.0056528,0.02631,0.028863,0.030106,0.031769,0.032725,0.028036,0.0094706,-0.037787,-0.13279,0.035937,0.28881,0.83021,1.2712,1.6117,1.8632,2.0483,2.1901,2.3038,2.3964,2.4699,2.5248,2.5615,2.5799,2.5799,2.5615,2.5248,2.4699,2.3964,2.3038,2.1901,2.0483,1.8632,1.6117,1.2712,0.83021,0.28881,0.035937,-0.13279,-0.037787,0.0094705,0.028036,0.032725,0.031768,0.030107,0.028861,0.026309,0.0056554,0.0019853
0.0019179,0.0057979,0.044685,0.063743,0.072806,0.075949,0.072247,0.056231,0.019746,-0.044345,-0.13549,-0.1959,-0.0035099,0.31015,0.94715,1.4736,1.8634,2.1345,2.3237,2.4616,2.5673,2.6498,2.7113,2.7519,2.7719,2.7719,2.7519,2.7113,2.6498,2.5673,2.4616,2.3237,2.1345,1.8634,1.4736,0.94715,0.31015,-0.0035099,-0.1959,-0.13549,-0.044346,0.019746,0.056231,0.072247,0.075949,0.072806,0.063743,0.044685,0.0058,0.0019186
0.0020824,0.0062689,0.066877,0.10378,0.12279,0.12837,0.12062,0.095724,0.048653,-0.022647,-0.11217,-0.19852,-0.30993,-0.041055,0.359,1.1446,1.7615,2.1778,2.4498,2.6322,2.7596,2.8507,2.9154,2.9584,2.9802,2.9802,2.9584,2.9154,2.8507,2.7596,2.6322,2.4498,2.1778,1.7615,1.1446,0.359,-0.041055,-0.30993,-0.19852,-0.11217,-0.022648,0.048653,0.095723,0.12061,0.12837,0.12279,0.10378,0.066877,0.0062712,0.0020832
0.0022549,0.0067358,0.092543,0.14706,0.17641,0.18568,0.17636,0.14676,0.094395,0.018978,-0.075705,-0.18298,-0.30622,-0.42264,-0.056334,0.46459,1.4601,2.1354,2.5475,2.798,2.9601,3.072,3.148,3.1946,3.2164,3.2164,3.1946,3.148,3.072,2.9601,2.798,2.5475,2.1354,1.4601,0.46459,-0.056334,-0.42264,-0.30622,-0.18298,-0.075705,0.018978,0.094395,0.14676,0.17636,0.18568,0.17641,0.14706,0.092544,0.0067381,0.0022556
0.0023678,0.0071254,0.11929,0.19103,0.23075,0.24486,0.23635,0.20533,0.15092,0.073143,-0.026221,-0.14445,-0.27948,-0.42074,-0.55097,-0.04504,0.74037,1.9015,2.5913,2.9753,3.1883,3.3115,3.39,3.4409,3.4665,3.4665,3.4409,3.39,3.3115,3.1883,2.9753,2.5913,1.9015,0.74037,-0.04504,-0.55097,-0.42074,-0.27948,-0.14445,-0.026221,0.073142,0.15092,0.20533,0.23635,0.24486,0.23075,0.19103,0.11929,0.0071277,0.0023685
0.0025194,0.0075553,0.14447,0.23257,0.28257,0.30235,0.29632,0.26604,0.21168,0.13345,0.032399,-0.089361,-0.22797,-0.37549,-0.52697,-0.72469,0.087409,1.2354,2.4544,3.0836,3.4138,3.591,3.6844,3.7313,3.7513,3.7513,3.7313,3.6844,3.591,3.4138,3.0836,2.4544,1.2354,0.087409,-0.72469,-0.52697,-0.37549,-0.22797,-0.089362,0.032398,0.13345,0.21167,0.26604,0.29632,0.30235,0.28257,0.23258,0.14448,0.0075576,0.0025201
0.0026562,0.0079598,0.16598,0.26875,0.32855,0.35439,0.35181,0.3235,0.27043,0.19303,0.091749,-0.032754,-0.17943,-0.34559,-0.52328,-0.68267,-0.70354,0.36206,2.1006,3.142,3.6291,3.8487,3.9595,4.0198,4.0466,4.0466,4.0198,3.9595,3.8487,3.6291,3.142,2.1006,0.36206,-0.70354,-0.68267,-0.52328,-0.34559,-0.17943,-0.032755,0.091749,0.19303,0.27043,0.3235,0.35181,0.35439,0.32855,0.26875,0.16598,0.0079621,0.002657
0.0027861,0.0083422,0.18214,0.29707,0.36573,0.39758,0.39889,0.37326,0.3225,0.24765,0.14949,0.028451,-0.116,-0.28623,-0.48562,-0.70701,-0.87403,-0.43597,0.92035,3.0648,3.8804,4.207,4.3226,4.3612,4.3745,4.3745,4.3612,4.3226,4.207,3.8804,3.0648,0.92035,-0.43597,-0.87403,-0.70701,-0.48563,-0.28623,-0.116,0.02845,0.14949,0.24765,0.3225,0.37326,0.39889,0.39758,0.36573,0.29707,0.18214,0.0083445,0.0027869
0.0029059,0.0086937,0.19195,0.31581,0.39192,0.42934,0.43459,0.41191,0.36398,0.29279,0.20022,0.088192,-0.041622,-0.18826,-0.35163,-0.53357,-0.75995,-1.2944,0.14554,2.5153,3.9179,4.4359,4.6251,4.6896,4.7078,4.7078,4.6896,4.6251,4.4359,3.9179,2.5153,0.14554,-1.2944,-0.75995,-0.53357,-0.35163,-0.18826,-0.041623,0.088191,0.20022,0.29279,0.36398,0.41191,0.43459,0.42934,0.39192,0.31581,0.19195,0.0086959,0.0029066
0.0030109,0.0090046,0.19516,0.32426,0.40594,0.44814,0.45707,0.43727,0.39205,0.32416,0.23625,0.1308,0.0093222,-0.12963,-0.29395,-0.50309,-0.78583,-1.0974,-0.76012,1.1567,4.072,4.8423,5.0199,5.0519,5.0549,5.0549,5.0519,5.0199,4.8423,4.072,1.1567,-0.76012,-1.0974,-0.78583,-0.50309,-0.29395,-0.12963,0.0093213,0.1308,0.23625,0.32416,0.39205,0.43726,0.45707,0.44814,0.40594,0.32426,0.19516,0.0090069,0.0030116
0.0030998,0.0092705,0.19215,0.32264,0.40775,0.45368,0.46586,0.44874,0.406,0.34093,0.25678,0.15676,0.043505,-0.081748,-0.21992,-0.37376,-0.54865,-0.79123,-1.5947,0.42128,3.6495,4.9413,5.3129,5.3861,5.3918,5.3918,5.3861,5.3129,4.9413,3.6495,0.42128,-1.5947,-0.79123,-0.54865,-0.37376,-0.21992,-0.081748,0.043504,0.15676,0.25678,0.34093,0.406,0.44874,0.46586,0.45368,0.40775,0.32265,0.19215,0.0092727,0.0031005
0.0031724,0.0094898,0.18385,0.31207,0.39831,0.44674,0.46167,0.44713,0.40688,0.34454,0.26381,0.16841,0.061474,-0.055903,-0.18811,-0.3521,-0.58666,-0.92935,-1.161,-0.3259,3.1108,4.9923,5.5739,5.7008,5.7136,5.7136,5.7008,5.5739,4.9923,3.1108,-0.3259,-1.161,-0.92935,-0.58666,-0.3521,-0.18811,-0.055904,0.061473,0.16841,0.26381,0.34454,0.40687,0.44713,0.46167,0.44675,0.39831,0.31207,0.18385,0.009492,0.0031732
0.0032294,0.0096633,0.17152,0.29425,0.37935,0.429,0.44614,0.43417,0.39668,0.33743,0.26045,0.16992,0.069879,-0.036662,-0.14927,-0.27304,-0.42414,-0.63716,-0.94352,-1.2792,2.6127,4.9587,5.7762,5.9823,6.0114,6.0114,5.9823,5.7762,4.9587,2.6127,-1.2792,-0.94352,-0.63716,-0.42414,-0.27304,-0.14927,-0.036663,0.069878,0.16992,0.26045,0.33743,0.39668,0.43417,0.44614,0.429,0.37935,0.29425,0.17152,0.0096655,0.0032301
0.0032712,0.0097925,0.15652,0.2712,0.35314,0.40269,0.42147,0.41208,0.37774,0.32215,0.24942,0.16397,0.070315,-0.027448,-0.12626,-0.22526,-0.32893,-0.46021,-0.72764,-1.6791,1.9079,4.9578,5.9738,6.2398,6.2818,6.2818,6.2398,5.9738,4.9578,1.9079,-1.6791,-0.72764,-0.46021,-0.32893,-0.22526,-0.12626,-0.027449,0.070314,0.16397,0.24941,0.32215,0.37774,0.41208,0.42148,0.40269,0.35314,0.2712,0.15652,0.0097946,0.0032719
0.0032994,0.0098807,0.14014,0.24498,0.32208,0.37033,0.39015,0.38328,0.35244,0.30104,0.23305,0.15276,0.064468,-0.028059,-0.12253,-0.22003,-0.32951,-0.47904,-0.74722,-1.3943,1.3753,4.8863,6.1209,6.4561,6.5142,6.5142,6.4561,6.1209,4.8863,1.3753,-1.3943,-0.74722,-0.47904,-0.32951,-0.22003,-0.12253,-0.02806,0.064467,0.15276,0.23305,0.30104,0.35243,0.38328,0.39015,0.37033,0.32208,0.24498,0.14014,0.0098828,0.0033001
0.0033149,0.0099309,0.12349,0.21748,0.2885,0.33442,0.35465,0.35015,0.32301,0.27625,0.21347,0.13858,0.055365,-0.033108,-0.12556,-0.22438,-0.33933,-0.49395,-0.73161,-1.0923,1.1269,4.7322,6.1834,6.6119,6.6972,6.6972,6.6119,6.1834,4.7322,1.1269,-1.0923,-0.73161,-0.49395,-0.33933,-0.22438,-0.12556,-0.033109,0.055363,0.13858,0.21347,0.27625,0.32301,0.35015,0.35465,0.33442,0.28851,0.21748,0.12349,0.009933,0.0033156
0.003319,0.0099463,0.10742,0.19023,0.25443,0.2972,0.31727,0.31487,0.29152,0.2497,0.19254,0.12347,0.045777,-0.037977,-0.12668,-0.22185,-0.32953,-0.46359,-0.64904,-0.91437,1.0373,4.5799,6.1886,6.7105,6.8291,6.8291,6.7105,6.1886,4.5799,1.0373,-0.91437,-0.64904,-0.46359,-0.32953,-0.22185,-0.12668,-0.037978,0.045776,0.12347,0.19254,0.2497,0.29152,0.31487,0.31727,0.2972,0.25443,0.19024,0.10742,0.0099483,0.0033197
0.0033124,0.0099293,0.092513,0.16441,0.22146,0.26056,0.27996,0.27935,0.2597,0.22295,0.17171,0.10892,0.037347,-0.040734,-0.12402,-0.21255,-0.30846,-0.41858,-0.56209,-0.78198,1.0467,4.4512,6.1601,6.7629,6.9153,6.9153,6.7629,6.1601,4.4512,1.0467,-0.78198,-0.56209,-0.41858,-0.30846,-0.21255,-0.12402,-0.040735,0.037346,0.10891,0.17171,0.22294,0.2597,0.27935,0.27996,0.26056,0.22146,0.16441,0.092514,0.0099313,0.0033131
0.0032962,0.0098825,0.07912,0.14075,0.19073,0.22589,0.24423,0.24508,0.22892,0.19721,0.15203,0.095787,0.030774,-0.041119,-0.11858,-0.20068,-0.28656,-0.37675,-0.48298,-0.6587,1.1183,4.3497,6.111,6.7794,6.9633,6.9633,6.7794,6.111,4.3497,1.1183,-0.6587,-0.48298,-0.37675,-0.28656,-0.20068,-0.11858,-0.04112,0.030773,0.095787,0.15203,0.19721,0.22892,0.24508,0.24423,0.22589,0.19073,0.14076,0.079122,0.0098845,0.0032968
0.0032707,0.0098079,0.067389,0.11969,0.16294,0.1941,0.21114,0.21312,0.20017,0.17331,0.13415,0.084555,0.026309,-0.039234,-0.1112,-0.18872,-0.26938,-0.34743,-0.41897,-0.52192,1.2338,4.2664,6.048,6.7684,6.9804,6.9804,6.7684,6.048,4.2664,1.2338,-0.52192,-0.41897,-0.34743,-0.26938,-0.18872,-0.11121,-0.039235,0.026308,0.084555,0.13415,0.17331,0.20017,0.21312,0.21114,0.1941,0.16294,0.11969,0.067391,0.0098098,0.0032713
0.0032365,0.0097069,0.05732,0.10134,0.1384,0.1657,0.18128,0.18409,0.17402,0.15171,0.11835,0.075362,0.024005,-0.03496,-0.10148,-0.17575,-0.25605,-0.33246,-0.37648,-0.36327,1.3855,4.1904,5.9716,6.7352,6.9732,6.9732,6.7352,5.9716,4.1904,1.3855,-0.36327,-0.37648,-0.33246,-0.25605,-0.17575,-0.10148,-0.034962,0.024004,0.075361,0.11835,0.15171,0.17402,0.18409,0.18128,0.1657,0.1384,0.10135,0.057322,0.0097088,0.0032372
0.0031944,0.0095814,0.048807,0.085636,0.11713,0.14081,0.15487,0.15825,0.15067,0.1325,0.1046,0.068006,0.023609,-0.028284,-0.08834,-0.15832,-0.23979,-0.32701,-0.37667,-0.16541,1.519,4.1381,5.8933,6.6878,6.9481,6.9481,6.6878,5.8933,4.1381,1.519,-0.16541,-0.37667,-0.32701,-0.23979,-0.15832,-0.088341,-0.028285,0.023608,0.068005,0.10459,0.1325,0.15067,0.15825,0.15487,0.14081,0.11713,0.085637,0.048809,0.0095832,0.003195
0.0031442,0.0094318,0.041683,0.072343,0.09892,0.11929,0.13183,0.13554,0.13003,0.11549,0.092517,0.061888,0.024266,-0.02017,-0.072178,-0.13404,-0.20994,-0.30424,-0.41204,0.019477,1.6773,4.073,5.8068,6.6293,6.9103,6.9103,6.6293,5.8068,4.073,1.6773,0.019477,-0.41204,-0.30424,-0.20995,-0.13404,-0.072179,-0.020171,0.024265,0.061888,0.092516,0.11549,0.13003,0.13554,0.13183,0.11929,0.098922,0.072344,0.041685,0.0094336,0.0031448
0.0030868,0.0092599,0.035746,0.061163,0.083454,0.10082,0.11187,0.11567,0.1118,0.1003,0.081561,0.056134,0.02453,-0.013049,-0.057047,-0.10929,-0.17512,-0.26822,-0.40645,0.069696,1.8548,4.0481,5.7292,6.5671,6.8649,6.8649,6.5671,5.7292,4.0481,1.8548,0.069696,-0.40645,-0.26822,-0.17512,-0.10929,-0.057049,-0.01305,0.024529,0.056133,0.08156,0.1003,0.1118,0.11567,0.11187,0.10083,0.083455,0.061165,0.035748,0.0092616,0.0030873
0.003022,0.009066,0.030786,0.051761,0.070328,0.085005,0.0946,0.098282,0.095615,0.086524,0.071203,0.049975,0.023107,-0.0093554,-0.047705,-0.092707,-0.14696,-0.22513,-0.4109,0.18607,1.9723,4.0306,5.6568,6.5032,6.8146,6.8146,6.5032,5.6568,4.0306,1.9723,0.18607,-0.4109,-0.22513,-0.14696,-0.092708,-0.047707,-0.0093564,0.023106,0.049974,0.071203,0.086523,0.095615,0.098283,0.094601,0.085006,0.070329,0.051762,0.030788,0.0090676,0.0030225
0.0029501,0.0088506,0.026601,0.0438,0.059133,0.071393,0.07958,0.082961,0.081099,0.073823,0.061151,0.043148,0.019722,-0.0096156,-0.045985,-0.091126,-0.14685,-0.2157,-0.31716,0.3005,2.0677,4.0173,5.5883,6.4379,6.7605,6.7605,6.4379,5.5883,4.0173,2.0677,0.3005,-0.31716,-0.2157,-0.14685,-0.091127,-0.045986,-0.0096167,0.019721,0.043147,0.061151,0.073822,0.081099,0.082962,0.079581,0.071394,0.059134,0.043802,0.026602,0.0088522,0.0029506
0.0028715,0.0086148,0.023008,0.036972,0.049483,0.05957,0.066402,0.069337,0.067948,0.061997,0.051367,0.035924,0.015302,-0.011437,-0.04628,-0.092474,-0.15182,-0.20924,-0.19892,0.40856,2.1519,4.0056,5.5217,6.3707,6.7029,6.7029,6.3707,5.5217,4.0056,2.1519,0.40856,-0.19892,-0.20925,-0.15182,-0.092475,-0.046281,-0.011438,0.015301,0.035923,0.051366,0.061996,0.067948,0.069337,0.066402,0.059571,0.049484,0.036974,0.023009,0.0086163,0.002872
0.0027858,0.0083578,0.019854,0.031011,0.041041,0.049169,0.054706,0.057096,0.055928,0.05093,0.041905,0.02864,0.010747,-0.012606,-0.043262,-0.085369,-0.14659,-0.22014,-0.066296,0.51588,2.2171,3.9913,5.4551,6.3011,6.6417,6.6417,6.3011,5.4551,3.9913,2.2171,0.51588,-0.066296,-0.22014,-0.14659,-0.08537,-0.043263,-0.012607,0.010746,0.028639,0.041904,0.050929,0.055928,0.057096,0.054707,0.049169,0.041042,0.031013,0.019855,0.0083593,0.0027863
0.0026938,0.0080815,0.017015,0.0257,0.03353,0.039889,0.044205,0.045995,0.044875,0.040553,0.03279,0.021349,0.0059364,-0.013782,-0.038082,-0.067596,-0.11013,-0.23462,0.031659,0.68426,2.2367,3.9589,5.3844,6.2286,6.5771,6.5771,6.2286,5.3844,3.9589,2.2367,0.68426,0.03166,-0.23463,-0.11013,-0.067597,-0.038083,-0.013783,0.0059356,0.021348,0.03279,0.040552,0.044875,0.045995,0.044205,0.039889,0.033531,0.025701,0.017017,0.0080828,0.0026942
0.002595,0.0077851,0.0144,0.020874,0.026739,0.0315,0.034682,0.035865,0.034693,0.030866,0.024106,0.014097,0.00040193,-0.017632,-0.040965,-0.070964,-0.10931,-0.15021,0.074938,0.84544,2.2795,3.9296,5.315,6.1554,6.5106,6.5106,6.1554,5.315,3.9296,2.2795,0.84545,0.074939,-0.15021,-0.10931,-0.070965,-0.040966,-0.017633,0.00040112,0.014096,0.024105,0.030865,0.034693,0.035865,0.034683,0.031501,0.02674,0.020875,0.014401,0.0077864,0.0025954
0.0024898,0.0074694,0.011942,0.016416,0.020517,0.023842,0.025993,0.026606,0.025358,0.021961,0.016126,0.0075026,-0.0044393,-0.020581,-0.04223,-0.069963,-0.096291,-0.083236,0.12034,0.97453,2.3326,3.9066,5.2496,6.0833,6.4435,6.4435,6.0833,5.2496,3.9066,2.3326,0.97453,0.12034,-0.083237,-0.096291,-0.069964,-0.042231,-0.020582,-0.0044401,0.007502,0.016125,0.02196,0.025358,0.026606,0.025994,0.023842,0.020518,0.016417,0.011943,0.0074706,0.0024902
0.0023784,0.0071351,0.0096039,0.012251,0.014765,0.01681,0.018049,0.018168,0.016882,0.013939,0.0090952,0.0020821,-0.0074587,-0.020108,-0.036977,-0.060033,-0.086491,-0.024542,0.15532,1.0833,2.3884,3.8892,5.1884,6.013,6.3768,6.3768,6.013,5.1884,3.8892,2.3884,1.0833,0.15532,-0.024542,-0.086492,-0.060034,-0.036977,-0.020108,-0.0074594,0.0020815,0.0090947,0.013939,0.016882,0.018168,0.01805,0.016811,0.014766,0.012252,0.0096049,0.0071362,0.0023788
0.0022605,0.0067817,0.007366,0.0083398,0.0094318,0.010351,0.010808,0.010532,0.009282,0.0068493,0.0030565,-0.0022394,-0.0091117,-0.017428,-0.026677,-0.037877,-0.077106,0.014544,0.2503,1.1426,2.4235,3.8696,5.1296,5.9445,6.3108,6.3108,5.9445,5.1296,3.8696,2.4235,1.1426,0.2503,0.014544,-0.077106,-0.037877,-0.026678,-0.017429,-0.0091123,-0.00224,0.003056,0.0068489,0.0092819,0.010532,0.010808,0.010351,0.0094325,0.0083406,0.0073669,0.0067827,0.0022609
0.0021371,0.0064112,0.005223,0.004669,0.004496,0.0044438,0.0042591,0.0037083,0.0025876,0.00072845,-0.0020024,-0.0057205,-0.01058,-0.016916,-0.02542,-0.035669,-0.026433,0.023558,0.34932,1.21,2.4538,3.8499,5.0733,5.878,6.246,6.246,5.878,5.0733,3.8499,2.4539,1.21,0.34932,0.023559,-0.026433,-0.03567,-0.02542,-0.016917,-0.010581,-0.0057211,-0.0020029,0.00072812,0.0025874,0.0037084,0.0042593,0.0044442,0.0044966,0.0046697,0.0052239,0.0064121,0.0021374
0.0020077,0.0060232,0.0031822,0.0012438,-3.8327e-05,-0.00090451,-0.0015812,-0.0022717,-0.0031465,-0.0043322,-0.0059029,-0.0078785,-0.010245,-0.012975,-0.015918,-0.018481,-0.0088139,0.026075,0.43654,1.2828,2.4852,3.8323,5.0203,5.814,6.1828,6.1828,5.814,5.0203,3.8323,2.4852,1.2828,0.43655,0.026075,-0.008814,-0.018481,-0.015919,-0.012976,-0.010245,-0.007879,-0.0059034,-0.0043325,-0.0031466,-0.0022717,-0.001581,-0.00090415,-3.7801e-05,0.0012445,0.003183,0.006024,0.002008
0.0018729,0.0056187,0.0012553,-0.0019203,-0.0041542,-0.0056739,-0.0066857,-0.0073686,-0.0078648,-0.0082644,-0.00858,-0.0087138,-0.0084422,-0.0074516,-0.0052605,-0.0015714,0.00075256,0.038197,0.50662,1.3501,2.516,3.8167,4.9706,5.7527,6.1215,6.1215,5.7527,4.9706,3.8168,2.516,1.3501,0.50662,0.038197,0.00075261,-0.0015718,-0.0052609,-0.0074521,-0.0084427,-0.0087142,-0.0085804,-0.0082647,-0.007865,-0.0073687,-0.0066856,-0.0056736,-0.0041537,-0.0019197,0.0012559,0.0056194,0.0018731
0.001733,0.0051988,-0.00054443,-0.0048043,-0.0078305,-0.0098417,-0.011028,-0.011548,-0.011522,-0.011019,-0.01002,-0.0083427,-0.0056008,-0.0015671,0.002723,0.016877,-0.011689,0.078321,0.56529,1.4082,2.544,3.8026,4.9241,5.6941,6.0622,6.0622,5.6941,4.9241,3.8026,2.544,1.4082,0.56529,0.078322,-0.011689,0.016877,0.0027225,-0.0015676,-0.0056013,-0.0083431,-0.01002,-0.011019,-0.011522,-0.011548,-0.011028,-0.0098415,-0.0078301,-0.0048038,-0.00054385,0.0051994,0.0017332
0.0015877,0.0047631,-0.002203,-0.00739,-0.011049,-0.013393,-0.014595,-0.014793,-0.014087,-0.012542,-0.010153,-0.0067085,-0.0012987,0.0084325,0.020707,0.0069892,-0.034515,0.12474,0.62768,1.4634,2.5704,3.7899,4.8807,5.6384,6.005,6.005,5.6384,4.8807,3.7899,2.5704,1.4634,0.62768,0.12474,-0.034515,0.0069891,0.020707,0.0084321,-0.0012991,-0.0067089,-0.010153,-0.012542,-0.014088,-0.014793,-0.014595,-0.013392,-0.011049,-0.0073896,-0.0022025,0.0047636,0.0015879
0.0014381,0.0043139,-0.0037113,-0.0096639,-0.013799,-0.016325,-0.017399,-0.01713,-0.015581,-0.012801,-0.0088834,-0.0040907,0.0011815,0.0087618,0.043292,-0.011626,-0.054007,0.16918,0.68964,1.5169,2.596,3.7788,4.8402,5.5853,5.95,5.95,5.5853,4.8402,3.7788,2.596,1.5169,0.68964,0.16919,-0.054006,-0.011626,0.043292,0.0087614,0.0011812,-0.004091,-0.0088837,-0.012801,-0.015581,-0.01713,-0.017399,-0.016325,-0.013799,-0.0096636,-0.0037109,0.0043143,0.0014382
0.0012839,0.0038509,-0.0050602,-0.011615,-0.016075,-0.018649,-0.019484,-0.01865,-0.016136,-0.011861,-0.005685,0.0025409,0.01272,0.022974,0.02429,-0.034231,-0.056396,0.20779,0.74683,1.5674,2.6206,3.769,4.8025,5.5349,5.8971,5.8971,5.5349,4.8025,3.769,2.6206,1.5674,0.74683,0.20779,-0.056395,-0.034231,0.02429,0.022973,0.012719,0.0025406,-0.0056852,-0.011861,-0.016136,-0.01865,-0.019484,-0.018649,-0.016075,-0.011615,-0.0050599,0.0038512,0.001284
0.0011255,0.0033748,-0.0062426,-0.013231,-0.017867,-0.020375,-0.020903,-0.019502,-0.016106,-0.010548,-0.0025901,0.0080323,0.021322,0.032691,0.0010397,-0.10345,-0.027316,0.26105,0.80654,1.6168,2.6448,3.7606,4.7674,5.487,5.8463,5.8463,5.487,4.7674,3.7606,2.6448,1.6168,0.80654,0.26106,-0.027315,-0.10345,0.0010397,0.032691,0.021322,0.0080321,-0.0025903,-0.010548,-0.016106,-0.019502,-0.020903,-0.020374,-0.017867,-0.013231,-0.0062424,0.003375,0.0011255
0.0009624,0.0028854,-0.0072514,-0.014498,-0.019153,-0.021479,-0.021658,-0.019741,-0.015635,-0.0091603,-0.00024505,0.010564,0.021536,0.044021,-0.031813,-0.12987,-0.015185,0.30532,0.86174,1.6637,2.668,3.7533,4.7347,5.4415,5.7974,5.7974,5.4415,4.7347,3.7533,2.668,1.6637,0.86174,0.30532,-0.015183,-0.12987,-0.031813,0.044021,0.021536,0.010564,-0.00024524,-0.0091605,-0.015635,-0.019741,-0.021658,-0.021479,-0.019153,-0.014498,-0.0072512,0.0028854,0.00096241
0.00079553,0.0023835,-0.0080861,-0.015399,-0.019891,-0.021903,-0.021678,-0.01928,-0.014547,-0.0070886,0.0037958,0.019677,0.040193,0.0093231,-0.088481,-0.1316,0.0095408,0.35024,0.91415,1.708,2.6903,3.747,4.704,5.3981,5.7504,5.7504,5.3982,4.7041,3.747,2.6903,1.708,0.91415,0.35024,0.0095424,-0.1316,-0.088481,0.0093231,0.040193,0.019677,0.0037956,-0.0070887,-0.014548,-0.01928,-0.021678,-0.021903,-0.019891,-0.015399,-0.0080861,0.0023834,0.00079551
0.000627,0.0018718,-0.0087652,-0.015923,-0.020028,-0.021558,-0.020861,-0.018034,-0.01287,-0.0049889,0.0053745,0.016976,0.055114,-0.031268,-0.13686,-0.1293,0.039292,0.3961,0.96475,1.7501,2.7116,3.7414,4.6753,5.3568,5.7051,5.7051,5.3568,4.6753,3.7414,2.7116,1.7501,0.96476,0.3961,0.039294,-0.1293,-0.13686,-0.031268,0.055114,0.016976,0.0053744,-0.004989,-0.01287,-0.018034,-0.020861,-0.021558,-0.020028,-0.015923,-0.0087652,0.0018716,0.00062693
0.00044129,0.0013321,-0.0093049,-0.016064,-0.019507,-0.02035,-0.019093,-0.015869,-0.010214,-0.00051834,0.016258,0.035768,0.012133,-0.074611,-0.16821,-0.12382,0.070482,0.44166,1.0136,1.7903,2.7321,3.7365,4.6483,5.3173,5.6614,5.6614,5.3173,4.6483,3.7365,2.7321,1.7903,1.0136,0.44167,0.070484,-0.12382,-0.16821,-0.074611,0.012133,0.035768,0.016258,-0.0005184,-0.010214,-0.015869,-0.019093,-0.02035,-0.019507,-0.016064,-0.009305,0.0013318,0.00044118
0.0002825,0.00081726,-0.0098472,-0.015845,-0.018266,-0.018207,-0.016349,-0.013021,-0.0082705,-0.0015893,0.0094048,0.05245,-0.027336,-0.13388,-0.17914,-0.10829,0.10489,0.48716,1.0609,1.8287,2.7518,3.7322,4.6228,5.2794,5.6191,5.6191,5.2794,4.6228,3.7322,2.7518,1.8287,1.0609,0.48716,0.1049,-0.10829,-0.17913,-0.13388,-0.027336,0.05245,0.0094047,-0.0015894,-0.0082705,-0.013021,-0.016349,-0.018207,-0.018266,-0.015845,-0.0098473,0.00081681,0.00028236
8.8915e-05,0.00024706,-0.0104,-0.015156,-0.016191,-0.015097,-0.012535,-0.0086806,-0.0033081,0.0063117,0.024992,0.0090428,-0.068929,-0.17535,-0.18695,-0.090632,0.13976,0.53163,1.1064,1.8655,2.7707,3.7284,4.5987,5.2432,5.5783,5.5783,5.2432,4.5988,3.7284,2.7707,1.8655,1.1064,0.53164,0.13976,-0.09063,-0.18695,-0.17535,-0.068929,0.0090428,0.024992,0.0063117,-0.0033081,-0.0086805,-0.012535,-0.015097,-0.016191,-0.015156,-0.0104,0.00024649,8.8727e-05
-0.00021938,-0.00044847,-0.010789,-0.013691,-0.013137,-0.011291,-0.0084764,-0.004857,-0.0025746,-0.0042729,0.034441,-0.022271,-0.12941,-0.19612,-0.18455,-0.069463,0.17488,0.57478,1.15,1.9005,2.7887,3.7249,4.576,5.2084,5.5389,5.5389,5.2084,4.576,3.7249,2.7888,1.9005,1.15,0.57479,0.17488,-0.069461,-0.18455,-0.19612,-0.12941,-0.022271,0.034441,-0.004273,-0.0025746,-0.0048569,-0.0084763,-0.011291,-0.013137,-0.013691,-0.010789,-0.00044919,-0.00021963
0.0003324,-0.00020762,-0.012065,-0.010962,-0.0089352,-0.0071932,-0.0047662,-0.00011723,0.0058828,-0.0053433,0.0039203,-0.063709,-0.17023,-0.21246,-0.17849,-0.046351,0.21005,0.61666,1.1918,1.934,2.8061,3.7219,4.5544,5.175,5.5007,5.5007,5.175,4.5544,3.7219,2.8061,1.934,1.1918,0.61666,0.21005,-0.046349,-0.17849,-0.21246,-0.17023,-0.06371,0.0039203,-0.0053434,0.0058829,-0.00011717,-0.0047662,-0.0071927,-0.0089359,-0.010962,-0.012065,-0.00020842,0.00033214
-0.002941,-0.0042806,-0.0036775,-0.003819,-0.0037665,-0.0037741,-0.0037835,-0.0037153,-0.0039382,-0.0028984,-0.0054986,-0.13318,-0.20481,-0.2203,-0.16607,-0.019505,0.24651,0.65803,1.2322,1.9662,2.8229,3.7193,4.5339,5.143,5.4638,5.4638,5.143,4.534,3.7193,2.8229,1.9662,1.2322,0.65803,0.24651,-0.019502,-0.16607,-0.2203,-0.2048,-0.13318,-0.0054987,-0.0028984,-0.0039382,-0.0037151,-0.0037839,-0.0037729,-0.0037685,-0.0038178,-0.0036767,-0.0042815,-0.0029412
0.00037557,-7.7262e-05,-0.012286,-0.010913,-0.0089423,-0.0072004,-0.0047423,-0.00023068,0.0063508,-0.0061923,-0.088309,-0.17588,-0.21776,-0.21212,-0.14292,0.013788,0.28604,0.70005,1.272,1.9975,2.8392,3.7171,4.5146,5.1123,5.4282,5.4282,5.1124,4.5146,3.7171,2.8393,1.9975,1.272,0.70006,0.28604,0.013791,-0.14292,-0.21212,-0.21776,-0.17588,-0.088309,-0.0061924,0.0063508,-0.0002306,-0.0047424,-0.0071999,-0.008943,-0.010913,-0.012286,-7.7996e-05,0.00037534
-0.013093,-0.015548,-0.02326,-0.024522,-0.023405,-0.02163,-0.01956,-0.018033,-0.021723,-0.047364,-0.11264,-0.17442,-0.2025,-0.18579,-0.10801,0.054443,0.32962,0.74361,1.3117,2.0282,2.8554,3.7154,4.4964,5.0829,5.3938,5.3938,5.083,4.4964,3.7154,2.8554,2.0282,1.3117,0.74362,0.32962,0.054446,-0.10801,-0.18579,-0.2025,-0.17441,-0.11264,-0.047364,-0.021723,-0.018032,-0.01956,-0.02163,-0.023405,-0.024522,-0.02326,-0.015548,-0.013094
-0.036875,-0.039134,-0.043382,-0.045095,-0.044941,-0.044144,-0.04385,-0.046075,-0.055464,-0.080402,-0.12356,-0.16246,-0.17619,-0.14983,-0.065535,0.10061,0.37672,0.78885,1.3517,2.0586,2.8715,3.7143,4.4793,5.0548,5.3606,5.3606,5.0548,4.4793,3.7143,2.8715,2.0586,1.3517,0.78886,0.37673,0.10061,-0.065533,-0.14983,-0.17619,-0.16245,-0.12356,-0.080402,-0.055464,-0.046075,-0.04385,-0.044144,-0.044941,-0.045095,-0.043382,-0.039135,-0.036875
-0.066429,-0.067901,-0.070118,-0.071326,-0.071479,-0.071358,-0.072164,-0.075797,-0.085231,-0.10359,-0.129,-0.14879,-0.14793,-0.11128,-0.020214,0.14947,0.42595,0.83532,1.3921,2.0889,2.8875,3.7137,4.4632,5.0279,5.3286,5.3286,5.0279,4.4632,3.7137,2.8875,2.0889,1.3921,0.83533,0.42596,0.14947,-0.020212,-0.11127,-0.14793,-0.14879,-0.129,-0.10359,-0.085231,-0.075797,-0.072164,-0.071358,-0.071479,-0.071325,-0.070118,-0.067901,-0.066429
-0.099092,-0.099837,-0.10074,-0.10111,-0.10088,-0.10055,-0.10105,-0.10365,-0.10979,-0.11998,-0.13132,-0.13549,-0.121,-0.073734,0.024797,0.19865,0.4758,0.88227,1.4325,2.119,2.9036,3.7136,4.448,5.0021,5.2978,5.2978,5.0021,4.448,3.7136,2.9036,2.119,1.4325,0.88228,0.47581,0.19865,0.024799,-0.073733,-0.121,-0.13549,-0.13132,-0.11998,-0.10979,-0.10365,-0.10105,-0.10055,-0.10088,-0.10111,-0.10074,-0.099837,-0.099092
-0.13319,-0.13335,-0.13323,-0.13258,-0.13138,-0.12995,-0.12886,-0.12876,-0.13003,-0.13205,-0.13181,-0.12302,-0.096275,-0.038585,0.06788,0.24661,0.52508,0.92897,1.4727,2.1489,2.9197,3.7139,4.4337,4.9774,5.268,5.268,4.9774,4.4338,3.7139,2.9197,2.1489,1.4727,0.92898,0.52508,0.24662,0.067883,-0.038584,-0.096274,-0.12302,-0.13181,-0.13205,-0.13003,-0.12876,-0.12886,-0.12995,-0.13138,-0.13258,-0.13323,-0.13335,-0.13319
-0.16762,-0.16728,-0.16624,-0.1644,-0.16179,-0.15857,-0.15499,-0.15124,-0.1471,-0.1414,-0.13128,-0.11146,-0.073748,-0.0061337,0.10841,0.29257,0.57299,0.97482,1.5124,2.1784,2.9357,3.7146,4.4203,4.9537,5.2393,5.2393,4.9537,4.4203,3.7146,2.9357,2.1784,1.5124,0.97482,0.57299,0.29257,0.10841,-0.0061321,-0.073746,-0.11146,-0.13128,-0.1414,-0.1471,-0.15124,-0.15499,-0.15857,-0.16179,-0.1644,-0.16624,-0.16728,-0.16762
-0.20167,-0.20085,-0.19889,-0.19574,-0.19141,-0.18594,-0.17935,-0.17151,-0.16186,-0.14901,-0.13022,-0.10077,-0.053186,0.023759,0.1463,0.33619,0.6191,1.0194,1.5512,2.2073,2.9515,3.7156,4.4075,4.9309,5.2115,5.2115,4.931,4.4075,3.7156,2.9515,2.2073,1.5512,1.0194,0.61911,0.33619,0.1463,0.023761,-0.053185,-0.10076,-0.13022,-0.14901,-0.16186,-0.17151,-0.17935,-0.18594,-0.19141,-0.19574,-0.19889,-0.20085,-0.20167
-0.2349,-0.23361,-0.2307,-0.22614,-0.21988,-0.21189,-0.20204,-0.18997,-0.17495,-0.15548,-0.12892,-0.090852,-0.034304,0.051384,0.1817,0.37745,0.66323,1.0625,1.5889,2.2356,2.967,3.7168,4.3953,4.909,5.1846,5.1846,4.909,4.3953,3.7168,2.9671,2.2356,1.5889,1.0625,0.66324,0.37745,0.1817,0.051386,-0.034302,-0.090851,-0.12891,-0.15548,-0.17495,-0.18997,-0.20204,-0.21189,-0.21988,-0.22614,-0.2307,-0.23361,-0.2349
-0.26706,-0.2653,-0.26141,-0.25536,-0.24707,-0.23644,-0.22322,-0.20695,-0.18677,-0.16115,-0.1275,-0.081616,-0.016827,0.077056,0.21485,0.41645,0.70536,1.104,1.6255,2.2631,2.9823,3.7182,4.3837,4.8877,5.1584,5.1584,4.8877,4.3837,3.7182,2.9823,2.2632,1.6255,1.104,0.70537,0.41646,0.21486,0.077058,-0.016826,-0.081615,-0.1275,-0.16115,-0.18677,-0.20695,-0.22322,-0.23644,-0.24707,-0.25536,-0.26141,-0.2653,-0.26706
-0.29806,-0.29581,-0.29091,-0.28333,-0.27297,-0.25965,-0.24307,-0.2227,-0.1976,-0.16623,-0.12604,-0.072951,-0.00051771,0.10107,0.24603,0.45338,0.74554,1.1439,1.6609,2.2899,2.9971,3.7195,4.3724,4.8671,5.1329,5.1329,4.8671,4.3725,3.7196,2.9971,2.2899,1.6609,1.1439,0.74555,0.45339,0.24604,0.10107,-0.00051601,-0.07295,-0.12604,-0.16623,-0.1976,-0.2227,-0.24307,-0.25965,-0.27297,-0.28333,-0.29091,-0.29581,-0.29806
-0.32786,-0.3251,-0.3192,-0.31008,-0.29763,-0.28163,-0.26175,-0.2374,-0.20762,-0.17085,-0.12456,-0.064756,0.014826,0.12368,0.27549,0.48844,0.7839,1.1822,1.695,2.3158,3.0115,3.7209,4.3616,4.847,5.1081,5.1081,4.847,4.3616,3.7209,3.0115,2.3158,1.695,1.1822,0.7839,0.48844,0.27549,0.12368,0.014828,-0.064755,-0.12456,-0.17085,-0.20762,-0.2374,-0.26175,-0.28163,-0.29763,-0.31008,-0.3192,-0.3251,-0.32786
-0.35648,-0.35322,-0.34631,-0.33565,-0.32112,-0.3025,-0.2794,-0.25122,-0.21697,-0.17508,-0.12305,-0.056941,0.02937,0.1451,0.30344,0.5218,0.82055,1.2189,1.7279,2.3408,3.0255,3.7223,4.351,4.8274,5.0838,5.0838,4.8274,4.351,3.7223,3.0255,2.3408,1.7279,1.2189,0.82055,0.52181,0.30344,0.1451,0.029372,-0.05694,-0.12305,-0.17508,-0.21696,-0.25121,-0.2794,-0.3025,-0.32112,-0.33565,-0.34631,-0.35322,-0.35648
-0.38397,-0.38022,-0.37229,-0.36011,-0.34354,-0.32234,-0.29612,-0.26424,-0.22571,-0.17896,-0.1215,-0.049432,0.043248,0.16551,0.33007,0.55365,0.85562,1.2542,1.7596,2.3649,3.039,3.7235,4.3407,4.8083,5.0601,5.0601,4.8083,4.3407,3.7236,3.039,2.365,1.7596,1.2542,0.85563,0.55366,0.33008,0.16551,0.043251,-0.04943,-0.1215,-0.17896,-0.22571,-0.26424,-0.29612,-0.32234,-0.34354,-0.36011,-0.37229,-0.38021,-0.38397
-0.41039,-0.40614,-0.39722,-0.38355,-0.36498,-0.34126,-0.312,-0.27656,-0.23394,-0.18254,-0.1199,-0.042165,0.056571,0.18504,0.35556,0.58414,0.88925,1.2881,1.7901,2.3883,3.052,3.7247,4.3306,4.7896,5.0368,5.0368,4.7896,4.3306,3.7247,3.052,2.3883,1.7901,1.2881,0.88926,0.58415,0.35556,0.18505,0.056573,-0.042163,-0.1199,-0.18254,-0.23393,-0.27656,-0.312,-0.34126,-0.36498,-0.38355,-0.39722,-0.40614,-0.41039
-0.43581,-0.43108,-0.42118,-0.40603,-0.3855,-0.35933,-0.32713,-0.28825,-0.24168,-0.18583,-0.11824,-0.03509,0.069424,0.20383,0.38003,0.61341,0.92155,1.3207,1.8195,2.4107,3.0645,3.7257,4.3206,4.7712,5.0139,5.0139,4.7712,4.3206,3.7258,3.0645,2.4107,1.8195,1.3207,0.92156,0.61341,0.38003,0.20383,0.069427,-0.035087,-0.11824,-0.18583,-0.24168,-0.28825,-0.32713,-0.35933,-0.3855,-0.40603,-0.42117,-0.43108,-0.43581
-0.4603,-0.45508,-0.44422,-0.42763,-0.40519,-0.37663,-0.34157,-0.29936,-0.24898,-0.18885,-0.11651,-0.028165,0.08188,0.22195,0.40359,0.64156,0.95262,1.3521,1.8478,2.4324,3.0765,3.7266,4.3108,4.7531,4.9915,4.9915,4.7532,4.3108,3.7266,3.0766,2.4324,1.8478,1.3521,0.95263,0.64157,0.40359,0.22196,0.081882,-0.028163,-0.1165,-0.18885,-0.24898,-0.29936,-0.34157,-0.37663,-0.40519,-0.42763,-0.44422,-0.45508,-0.4603
-0.48393,-0.47823,-0.46641,-0.44842,-0.4241,-0.39321,-0.35537,-0.30993,-0.25587,-0.19161,-0.11469,-0.021359,0.093993,0.2395,0.42634,0.6687,0.98255,1.3823,1.875,2.4533,3.0881,3.7274,4.3011,4.7354,4.9694,4.9694,4.7354,4.3011,3.7274,3.0881,2.4533,1.8751,1.3823,0.98256,0.66871,0.42634,0.2395,0.093996,-0.021357,-0.11468,-0.1916,-0.25587,-0.30993,-0.35537,-0.39321,-0.42409,-0.44842,-0.46641,-0.47823,-0.48392
-0.50674,-0.50057,-0.48783,-0.46844,-0.44228,-0.40913,-0.36858,-0.31999,-0.26237,-0.19411,-0.11277,-0.014644,0.10581,0.25653,0.44835,0.69492,1.0114,1.4114,1.9013,2.4734,3.0992,3.7279,4.2915,4.7179,4.9477,4.9477,4.7179,4.2915,3.7279,3.0992,2.4734,1.9014,1.4114,1.0114,0.69492,0.44836,0.25654,0.10581,-0.014641,-0.11277,-0.19411,-0.26237,-0.31999,-0.36858,-0.40913,-0.44228,-0.46844,-0.48783,-0.50057,-0.50674
-0.5288,-0.52217,-0.50851,-0.48776,-0.4598,-0.42442,-0.38123,-0.32959,-0.2685,-0.19637,-0.11076,-0.0079971,0.11737,0.2731,0.4697,0.72028,1.0393,1.4395,1.9267,2.4927,3.1098,3.7283,4.282,4.7007,4.9263,4.9263,4.7007,4.282,3.7283,3.1098,2.4928,1.9267,1.4396,1.0393,0.72029,0.46971,0.27311,0.11738,-0.0079944,-0.11076,-0.19637,-0.2685,-0.32959,-0.38123,-0.42442,-0.4598,-0.48776,-0.50851,-0.52217,-0.5288
-0.55016,-0.54307,-0.52851,-0.50642,-0.4767,-0.43913,-0.39336,-0.33874,-0.27428,-0.19839,-0.10865,-0.001401,0.12871,0.28926,0.49043,0.74485,1.0663,1.4667,1.9512,2.5114,3.12,3.7285,4.2726,4.6837,4.9052,4.9052,4.6837,4.2726,3.7285,3.12,2.5114,1.9512,1.4667,1.0663,0.74486,0.49044,0.28926,0.12871,-0.0013981,-0.10865,-0.19839,-0.27428,-0.33874,-0.39336,-0.43913,-0.4767,-0.50642,-0.52851,-0.54307,-0.55016
-0.57087,-0.56333,-0.54787,-0.52446,-0.493,-0.4533,-0.405,-0.34747,-0.27973,-0.20018,-0.10642,0.0051595,0.13984,0.30503,0.5106,0.76868,1.0924,1.493,1.9748,2.5293,3.1297,3.7285,4.2632,4.6669,4.8844,4.8844,4.6669,4.2632,3.7286,3.1297,2.5294,1.9748,1.493,1.0924,0.76869,0.51061,0.30504,0.13985,0.0051627,-0.10642,-0.20018,-0.27972,-0.34747,-0.405,-0.4533,-0.493,-0.52446,-0.54787,-0.56333,-0.57086
-0.59096,-0.58297,-0.56664,-0.54192,-0.50875,-0.46695,-0.41617,-0.3558,-0.28485,-0.20174,-0.10409,0.011697,0.1508,0.32046,0.53025,0.79183,1.1177,1.5183,1.9976,2.5466,3.139,3.7284,4.2538,4.6504,4.8639,4.8639,4.6504,4.2539,3.7284,3.139,2.5467,1.9976,1.5184,1.1177,0.79184,0.53026,0.32047,0.15081,0.011701,-0.10409,-0.20174,-0.28484,-0.3558,-0.41617,-0.46695,-0.50875,-0.54192,-0.56664,-0.58297,-0.59096
-0.61049,-0.60206,-0.58484,-0.55884,-0.52398,-0.48011,-0.42689,-0.36373,-0.28965,-0.20308,-0.10164,0.018223,0.1616,0.33557,0.54941,0.81434,1.1422,1.5429,2.0196,2.5633,3.1478,3.7281,4.2446,4.634,4.8437,4.8437,4.634,4.2446,3.7281,3.1478,2.5633,2.0196,1.5429,1.1422,0.81434,0.54942,0.33558,0.16161,0.018226,-0.10163,-0.20308,-0.28965,-0.36373,-0.42689,-0.48011,-0.52398,-0.55884,-0.58484,-0.60206,-0.61049
-0.62948,-0.62061,-0.60253,-0.57525,-0.53872,-0.49281,-0.43719,-0.3713,-0.29415,-0.2042,-0.099068,0.024745,0.17226,0.35038,0.56811,0.83623,1.166,1.5667,2.0408,2.5793,3.1562,3.7275,4.2353,4.6179,4.8237,4.8237,4.6179,4.2353,3.7276,3.1562,2.5793,2.0409,1.5667,1.1661,0.83624,0.56812,0.35039,0.17226,0.024749,-0.099065,-0.2042,-0.29415,-0.3713,-0.43719,-0.49281,-0.53872,-0.57525,-0.60253,-0.62061,-0.62948
-0.64797,-0.63866,-0.61972,-0.59117,-0.55299,-0.50506,-0.44709,-0.37851,-0.29836,-0.2051,-0.09638,0.031272,0.18279,0.36492,0.58639,0.85755,1.1892,1.5897,2.0614,2.5947,3.1642,3.7268,4.2261,4.6019,4.804,4.804,4.6019,4.2261,3.7269,3.1642,2.5947,2.0614,1.5897,1.1892,0.85756,0.5864,0.36493,0.18279,0.031276,-0.096377,-0.2051,-0.29836,-0.37851,-0.44709,-0.50506,-0.55299,-0.59117,-0.61972,-0.63866,-0.64797
-0.66599,-0.65624,-0.63644,-0.60664,-0.56682,-0.51689,-0.45659,-0.38537,-0.30228,-0.20579,-0.093572,0.037809,0.19321,0.37921,0.60426,0.87833,1.2116,1.612,2.0812,2.6096,3.1718,3.726,4.2169,4.5861,4.7846,4.7846,4.5861,4.2169,3.726,3.1718,2.6096,2.0812,1.6121,1.2116,0.87834,0.60427,0.37921,0.19321,0.037813,-0.093569,-0.20579,-0.30228,-0.38537,-0.45659,-0.51689,-0.56682,-0.60664,-0.63644,-0.65624,-0.66599
-0.68356,-0.67338,-0.65273,-0.62167,-0.58023,-0.52833,-0.46572,-0.3919,-0.30592,-0.20627,-0.090643,0.044363,0.20352,0.39325,0.62175,0.89859,1.2335,1.6337,2.1004,2.6238,3.179,3.7249,4.2077,4.5704,4.7654,4.7654,4.5704,4.2077,3.7249,3.1791,2.6238,2.1004,1.6337,1.2335,0.8986,0.62176,0.39325,0.20352,0.044368,-0.090639,-0.20627,-0.30592,-0.3919,-0.46572,-0.52832,-0.58023,-0.62167,-0.65273,-0.67338,-0.68356
-0.70071,-0.69009,-0.6686,-0.6363,-0.59323,-0.53937,-0.4745,-0.39811,-0.30929,-0.20655,-0.087592,0.050939,0.21373,0.40707,0.63888,0.91835,1.2547,1.6547,2.119,2.6376,3.1859,3.7237,4.1985,4.5549,4.7464,4.7464,4.555,4.1985,3.7237,3.1859,2.6376,2.119,1.6547,1.2547,0.91836,0.63889,0.40707,0.21374,0.050944,-0.087588,-0.20655,-0.30929,-0.3981,-0.47449,-0.53937,-0.59323,-0.63629,-0.6686,-0.69009,-0.70071
-0.71747,-0.70642,-0.68407,-0.65053,-0.60586,-0.55005,-0.48292,-0.404,-0.3124,-0.20663,-0.084419,0.05754,0.22386,0.42067,0.65566,0.93765,1.2754,1.675,2.1369,2.6508,3.1924,3.7222,4.1894,4.5396,4.7277,4.7277,4.5396,4.1894,3.7223,3.1924,2.6508,2.1369,1.675,1.2754,0.93766,0.65567,0.42068,0.22386,0.057545,-0.084415,-0.20663,-0.3124,-0.404,-0.48292,-0.55005,-0.60586,-0.65053,-0.68407,-0.70642,-0.71747
-0.73385,-0.72236,-0.69917,-0.66439,-0.61811,-0.56037,-0.49102,-0.4096,-0.31525,-0.20651,-0.081124,0.064171,0.23391,0.43408,0.67212,0.9565,1.2955,1.6948,2.1542,2.6634,3.1985,3.7207,4.1802,4.5245,4.7092,4.7092,4.5245,4.1802,3.7207,3.1985,2.6635,2.1542,1.6948,1.2955,0.95651,0.67213,0.43408,0.23391,0.064176,-0.081119,-0.2065,-0.31524,-0.40959,-0.49101,-0.56037,-0.61811,-0.66439,-0.69917,-0.72236,-0.73385
-0.74987,-0.73795,-0.71391,-0.67789,-0.63002,-0.57036,-0.49879,-0.4149,-0.31785,-0.20619,-0.077707,0.070834,0.24388,0.44729,0.68826,0.97491,1.3151,1.714,2.171,2.6756,3.2042,3.7189,4.1711,4.5094,4.6909,4.6909,4.5094,4.1711,3.7189,3.2042,2.6757,2.171,1.714,1.3151,0.97493,0.68827,0.4473,0.24389,0.070839,-0.077702,-0.20619,-0.31784,-0.4149,-0.49879,-0.57036,-0.63002,-0.67789,-0.71391,-0.73795,-0.74987
-0.76556,-0.7532,-0.72832,-0.69106,-0.6416,-0.58002,-0.50625,-0.41992,-0.3202,-0.20568,-0.074169,0.077532,0.2538,0.46033,0.70411,0.99292,1.3341,1.7326,2.1872,2.6874,3.2096,3.717,4.1619,4.4945,4.6728,4.6728,4.4946,4.162,3.717,3.2097,2.6874,2.1872,1.7326,1.3342,0.99293,0.70412,0.46033,0.2538,0.077538,-0.074164,-0.20568,-0.3202,-0.41992,-0.50625,-0.58002,-0.6416,-0.69106,-0.72832,-0.7532,-0.76556
-0.78092,-0.76813,-0.7424,-0.70391,-0.65286,-0.58937,-0.51342,-0.42466,-0.32232,-0.20499,-0.07051,0.084268,0.26365,0.47319,0.71967,1.0105,1.3527,1.7506,2.2029,2.6986,3.2147,3.7149,4.1528,4.4798,4.655,4.655,4.4798,4.1528,3.7149,3.2148,2.6986,2.2029,1.7507,1.3528,1.0105,0.71968,0.4732,0.26365,0.084274,-0.070505,-0.20498,-0.32231,-0.42466,-0.51342,-0.58937,-0.65285,-0.70391,-0.7424,-0.76813,-0.78092
-0.79598,-0.78275,-0.75617,-0.71645,-0.66381,-0.59842,-0.5203,-0.42914,-0.3242,-0.20411,-0.06673,0.091045,0.27344,0.4859,0.73495,1.0278,1.3709,1.7682,2.218,2.7094,3.2195,3.7127,4.1437,4.4652,4.6373,4.6373,4.4652,4.1437,3.7127,3.2195,2.7095,2.218,1.7682,1.3709,1.0278,0.73496,0.4859,0.27345,0.091051,-0.066725,-0.20411,-0.3242,-0.42914,-0.5203,-0.59842,-0.66381,-0.71645,-0.75617,-0.78275,-0.79598
-0.81074,-0.79708,-0.76965,-0.72869,-0.67447,-0.60719,-0.5269,-0.43336,-0.32586,-0.20305,-0.062832,0.097863,0.28319,0.49844,0.74997,1.0446,1.3885,1.7853,2.2327,2.7198,3.224,3.7103,4.1346,4.4507,4.6198,4.6198,4.4507,4.1346,3.7103,3.224,2.7198,2.2327,1.7853,1.3886,1.0446,0.74998,0.49845,0.28319,0.097869,-0.062827,-0.20305,-0.32585,-0.43336,-0.5269,-0.60718,-0.67446,-0.72869,-0.76965,-0.79708,-0.81074
-0.82522,-0.81112,-0.78285,-0.74066,-0.68485,-0.61567,-0.53324,-0.43734,-0.32729,-0.20181,-0.058815,0.10472,0.29288,0.51085,0.76474,1.0611,1.4058,1.8018,2.2469,2.7298,3.2281,3.7077,4.1255,4.4363,4.6026,4.6026,4.4364,4.1255,3.7077,3.2281,2.7298,2.2469,1.8018,1.4058,1.0611,0.76475,0.51086,0.29289,0.10473,-0.058809,-0.20181,-0.32729,-0.43733,-0.53324,-0.61567,-0.68484,-0.74066,-0.78285,-0.81112,-0.82522
-0.83943,-0.8249,-0.79578,-0.75235,-0.69496,-0.6239,-0.53932,-0.44107,-0.32852,-0.2004,-0.054681,0.11163,0.30254,0.52311,0.77927,1.0773,1.4226,1.8179,2.2606,2.7393,3.232,3.705,4.1164,4.4221,4.5855,4.5855,4.4221,4.1164,3.705,3.232,2.7393,2.2606,1.8179,1.4226,1.0773,0.77928,0.52312,0.30255,0.11164,-0.054675,-0.2004,-0.32851,-0.44107,-0.53932,-0.62389,-0.69495,-0.75235,-0.79578,-0.8249,-0.83943
-0.85337,-0.83841,-0.80844,-0.76379,-0.70481,-0.63187,-0.54516,-0.44457,-0.32953,-0.19883,-0.050431,0.11858,0.31216,0.53524,0.79356,1.0931,1.439,1.8336,2.2738,2.7485,3.2356,3.7022,4.1072,4.408,4.5686,4.5686,4.408,4.1073,3.7022,3.2356,2.7485,2.2739,1.8336,1.439,1.0931,0.79357,0.53525,0.31217,0.11859,-0.050425,-0.19882,-0.32953,-0.44457,-0.54515,-0.63186,-0.70481,-0.76378,-0.80844,-0.83841,-0.85337
-0.86707,-0.85167,-0.82086,-0.77497,-0.71442,-0.63959,-0.55076,-0.44785,-0.33035,-0.19708,-0.046067,0.12558,0.32175,0.54724,0.80763,1.1086,1.455,1.8488,2.2867,2.7572,3.2389,3.6992,4.0981,4.394,4.5519,4.5519,4.394,4.0982,3.6992,3.2389,2.7573,2.2867,1.8488,1.455,1.1086,0.80764,0.54725,0.32175,0.12559,-0.04606,-0.19708,-0.33035,-0.44785,-0.55075,-0.63959,-0.71442,-0.77497,-0.82086,-0.85167,-0.86707
-0.88051,-0.86468,-0.83303,-0.78592,-0.72379,-0.64709,-0.55613,-0.45091,-0.33097,-0.19518,-0.04159,0.13263,0.3313,0.55912,0.82148,1.1238,1.4706,1.8636,2.2991,2.7656,3.2419,3.6961,4.089,4.3801,4.5353,4.5353,4.3801,4.089,3.6961,3.2419,2.7657,2.2991,1.8636,1.4707,1.1238,0.82149,0.55913,0.33131,0.13264,-0.041584,-0.19517,-0.33097,-0.45091,-0.55612,-0.64709,-0.72379,-0.78592,-0.83303,-0.86468,-0.88051
-0.89372,-0.87746,-0.84497,-0.79663,-0.73293,-0.65436,-0.56128,-0.45377,-0.33141,-0.19312,-0.037004,0.13973,0.34082,0.57089,0.83512,1.1387,1.4859,1.8779,2.311,2.7737,3.2446,3.6928,4.0799,4.3663,4.519,4.519,4.3663,4.0799,3.6928,3.2447,2.7737,2.3111,1.878,1.4859,1.1388,0.83513,0.5709,0.34083,0.13974,-0.036997,-0.19311,-0.3314,-0.45377,-0.56128,-0.65436,-0.73293,-0.79663,-0.84497,-0.87746,-0.89372
-0.90669,-0.89,-0.85668,-0.80713,-0.74186,-0.66142,-0.56624,-0.45643,-0.33166,-0.1909,-0.03231,0.14687,0.35032,0.58254,0.84856,1.1534,1.5008,1.8919,2.3226,2.7814,3.2471,3.6894,4.0708,4.3526,4.5027,4.5027,4.3527,4.0708,3.6895,3.2472,2.7814,2.3227,1.8919,1.5008,1.1534,0.84858,0.58255,0.35033,0.14688,-0.032303,-0.1909,-0.33166,-0.45643,-0.56623,-0.66142,-0.74186,-0.80713,-0.85668,-0.89,-0.90669
-0.91943,-0.90231,-0.86817,-0.81741,-0.75058,-0.66828,-0.57099,-0.45891,-0.33175,-0.18855,-0.027512,0.15407,0.3598,0.59409,0.86181,1.1677,1.5154,1.9055,2.3338,2.7887,3.2494,3.6859,4.0617,4.3391,4.4867,4.4867,4.3391,4.0617,3.6859,3.2494,2.7887,2.3339,1.9055,1.5154,1.1677,0.86182,0.5941,0.35981,0.15407,-0.027505,-0.18854,-0.33174,-0.4589,-0.57099,-0.66828,-0.75058,-0.81741,-0.86817,-0.90231,-0.91943
-0.93193,-0.9144,-0.87944,-0.82748,-0.7591,-0.67495,-0.57556,-0.46121,-0.33167,-0.18605,-0.022613,0.16131,0.36925,0.60553,0.87487,1.1818,1.5296,1.9187,2.3447,2.7958,3.2514,3.6823,4.0526,4.3256,4.4708,4.4708,4.3256,4.0526,3.6823,3.2515,2.7958,2.3447,1.9187,1.5296,1.1818,0.87488,0.60555,0.36926,0.16131,-0.022606,-0.18605,-0.33167,-0.4612,-0.57556,-0.67494,-0.7591,-0.82747,-0.87943,-0.9144,-0.93193
-0.9442,-0.92626,-0.89049,-0.83734,-0.76743,-0.68143,-0.57995,-0.46334,-0.33144,-0.18343,-0.017618,0.16859,0.37869,0.61688,0.88775,1.1956,1.5435,1.9316,2.3551,2.8025,3.2532,3.6785,4.0435,4.3123,4.4551,4.4551,4.3123,4.0435,3.6786,3.2532,2.8025,2.3552,1.9316,1.5435,1.1956,0.88776,0.61689,0.3787,0.1686,-0.01761,-0.18342,-0.33144,-0.46333,-0.57995,-0.68143,-0.76743,-0.83734,-0.89049,-0.92626,-0.9442
-0.95624,-0.93789,-0.90132,-0.847,-0.77557,-0.68774,-0.58419,-0.46531,-0.33107,-0.18068,-0.01253,0.17592,0.3881,0.62814,0.90046,1.2092,1.5571,1.9441,2.3653,2.8088,3.2548,3.6747,4.0344,4.299,4.4395,4.4395,4.299,4.0344,3.6747,3.2548,2.8089,2.3653,1.9441,1.5571,1.2092,0.90047,0.62815,0.38811,0.17593,-0.012523,-0.18067,-0.33106,-0.46531,-0.58418,-0.68774,-0.77557,-0.847,-0.90132,-0.93789,-0.95624
-0.96804,-0.94929,-0.91194,-0.85647,-0.78353,-0.69389,-0.58826,-0.46715,-0.33056,-0.17781,-0.0073565,0.18329,0.3975,0.6393,0.91299,1.2225,1.5704,1.9562,2.375,2.8149,3.2561,3.6707,4.0253,4.2858,4.4241,4.4241,4.2858,4.0253,3.6707,3.2561,2.815,2.375,1.9563,1.5704,1.2225,0.913,0.63931,0.39751,0.1833,-0.0073486,-0.1778,-0.33055,-0.46714,-0.58826,-0.69389,-0.78353,-0.85647,-0.91194,-0.94929,-0.96804
-0.97959,-0.96045,-0.92234,-0.86574,-0.79132,-0.69988,-0.5922,-0.46885,-0.32992,-0.17484,-0.0021028,0.1907,0.40688,0.65037,0.92536,1.2356,1.5833,1.9681,2.3845,2.8207,3.2572,3.6666,4.0162,4.2727,4.4088,4.4088,4.2727,4.0162,3.6666,3.2573,2.8208,2.3845,1.9681,1.5834,1.2356,0.92537,0.65038,0.40689,0.19071,-0.0020946,-0.17483,-0.32992,-0.46884,-0.59219,-0.69988,-0.79132,-0.86574,-0.92234,-0.96045,-0.97959
-0.99089,-0.97137,-0.93253,-0.87482,-0.79894,-0.70572,-0.596,-0.47042,-0.32918,-0.17176,0.0032239,0.19814,0.41623,0.66136,0.93757,1.2484,1.596,1.9796,2.3936,2.8263,3.2582,3.6624,4.0071,4.2598,4.3937,4.3937,4.2598,4.0071,3.6624,3.2582,2.8263,2.3936,1.9796,1.5961,1.2485,0.93759,0.66137,0.41625,0.19815,0.0032323,-0.17176,-0.32917,-0.47042,-0.596,-0.70572,-0.79894,-0.87482,-0.93252,-0.97137,-0.99089
-1.0019,-0.98205,-0.94248,-0.8837,-0.8064,-0.71143,-0.59969,-0.4719,-0.32834,-0.16861,0.0086154,0.20562,0.42557,0.67226,0.94963,1.2611,1.6084,1.9907,2.4024,2.8315,3.2589,3.6581,3.998,4.2469,4.3787,4.3787,4.2469,3.998,3.6582,3.2589,2.8315,2.4024,1.9908,1.6085,1.2611,0.94964,0.67228,0.42558,0.20563,0.008624,-0.1686,-0.32833,-0.47189,-0.59968,-0.71143,-0.8064,-0.8837,-0.94248,-0.98205,-1.0019
-1.0127,-0.99246,-0.95221,-0.89239,-0.8137,-0.71701,-0.60326,-0.47327,-0.32741,-0.16538,0.014063,0.21312,0.43489,0.68308,0.96153,1.2735,1.6206,2.0016,2.4109,2.8365,3.2594,3.6537,3.9889,4.234,4.3638,4.3638,4.2341,3.9889,3.6538,3.2594,2.8365,2.4109,2.0016,1.6206,1.2735,0.96155,0.6831,0.4349,0.21313,0.014072,-0.16537,-0.32741,-0.47327,-0.60326,-0.717,-0.81369,-0.89239,-0.95221,-0.99246,-1.0127
-1.0232,-1.0026,-0.96169,-0.90087,-0.82083,-0.72246,-0.60674,-0.47457,-0.32642,-0.16208,0.019556,0.22063,0.44417,0.69382,0.97329,1.2857,1.6325,2.0122,2.4191,2.8412,3.2597,3.6493,3.9798,4.2213,4.3491,4.3491,4.2213,3.9798,3.6493,3.2598,2.8412,2.4191,2.0122,1.6325,1.2857,0.97331,0.69383,0.44419,0.22064,0.019565,-0.16207,-0.32641,-0.47456,-0.60674,-0.72245,-0.82083,-0.90087,-0.96169,-1.0026,-1.0232
-1.0333,-1.0125,-0.97093,-0.90915,-0.82781,-0.72779,-0.61014,-0.4758,-0.32536,-0.15874,0.025084,0.22816,0.45343,0.70448,0.9849,1.2977,1.6441,2.0225,2.427,2.8456,3.2599,3.6447,3.9707,4.2087,4.3345,4.3345,4.2087,3.9707,3.6447,3.2599,2.8457,2.427,2.0225,1.6441,1.2977,0.98492,0.70449,0.45345,0.22817,0.025093,-0.15873,-0.32535,-0.47579,-0.61013,-0.72779,-0.82781,-0.90915,-0.97093,-1.0125,-1.0333
-1.0432,-1.022,-0.97991,-0.91723,-0.83463,-0.73302,-0.61345,-0.47697,-0.32427,-0.15537,0.030635,0.23568,0.46266,0.71505,0.99637,1.3095,1.6554,2.0325,2.4346,2.8499,3.2599,3.64,3.9616,4.1961,4.32,4.32,4.1961,3.9617,3.64,3.2599,2.8499,2.4346,2.0325,1.6555,1.3095,0.99639,0.71506,0.46267,0.23569,0.030645,-0.15536,-0.32426,-0.47697,-0.61345,-0.73301,-0.83463,-0.91722,-0.9799,-1.022,-1.0432
-1.0527,-1.0313,-0.98861,-0.92508,-0.84129,-0.73813,-0.6167,-0.47811,-0.32314,-0.15197,0.036197,0.2432,0.47185,0.72553,1.0077,1.321,1.6666,2.0423,2.442,2.8538,3.2596,3.6352,3.9526,4.1837,4.3056,4.3056,4.1837,3.9526,3.6353,3.2597,2.8539,2.442,2.0423,1.6666,1.3211,1.0077,0.72555,0.47186,0.24321,0.036207,-0.15196,-0.32314,-0.4781,-0.6167,-0.73813,-0.84129,-0.92508,-0.98861,-1.0313,-1.0527
-1.0619,-1.0402,-0.99704,-0.93271,-0.84779,-0.74314,-0.6199,-0.47921,-0.32201,-0.14857,0.041756,0.2507,0.48099,0.73593,1.0189,1.3324,1.6774,2.0517,2.4491,2.8576,3.2593,3.6304,3.9435,4.1713,4.2914,4.2914,4.1713,3.9435,3.6304,3.2593,2.8576,2.4491,2.0518,1.6774,1.3325,1.0189,0.73594,0.481,0.25072,0.041766,-0.14856,-0.322,-0.47921,-0.61989,-0.74314,-0.84778,-0.93271,-0.99704,-1.0402,-1.0619
-1.0707,-1.0488,-1.0052,-0.94011,-0.85412,-0.74805,-0.62304,-0.48031,-0.32088,-0.14519,0.047298,0.25818,0.49008,0.74624,1.0299,1.3437,1.6881,2.061,2.4559,2.8611,3.2587,3.6255,3.9344,4.1589,4.2773,4.2773,4.1589,3.9344,3.6255,3.2588,2.8611,2.4559,2.061,1.6881,1.3437,1.03,0.74625,0.49009,0.25819,0.047308,-0.14518,-0.32087,-0.4803,-0.62303,-0.74805,-0.85412,-0.94011,-1.0052,-1.0488,-1.0707
-1.0791,-1.057,-1.013,-0.94727,-0.86028,-0.75286,-0.62613,-0.48139,-0.31977,-0.14182,0.052809,0.26561,0.4991,0.75645,1.0409,1.3547,1.6985,2.0699,2.4625,2.8644,3.258,3.6205,3.9253,4.1467,4.2633,4.2633,4.1467,3.9254,3.6205,3.258,2.8644,2.4625,2.0699,1.6985,1.3547,1.0409,0.75647,0.49912,0.26562,0.052819,-0.14182,-0.31976,-0.48139,-0.62613,-0.75285,-0.86028,-0.94726,-1.013,-1.057,-1.0791
-1.0872,-1.0649,-1.0205,-0.95417,-0.86626,-0.75756,-0.62919,-0.48248,-0.31869,-0.13851,0.058273,0.273,0.50807,0.76657,1.0516,1.3655,1.7087,2.0786,2.4688,2.8675,3.2572,3.6154,3.9163,4.1345,4.2494,4.2494,4.1345,3.9163,3.6154,3.2572,2.8675,2.4688,2.0787,1.7087,1.3655,1.0516,0.76659,0.50808,0.27301,0.058284,-0.1385,-0.31868,-0.48248,-0.62918,-0.75756,-0.86626,-0.95417,-1.0205,-1.0649,-1.0872
-1.0948,-1.0724,-1.0277,-0.96081,-0.87206,-0.76216,-0.6322,-0.48359,-0.31765,-0.13525,0.063677,0.28031,0.51695,0.77658,1.0623,1.3762,1.7186,2.0871,2.4749,2.8703,3.2562,3.6102,3.9072,4.1224,4.2356,4.2356,4.1224,3.9072,3.6102,3.2562,2.8703,2.4749,2.0871,1.7187,1.3762,1.0623,0.7766,0.51696,0.28033,0.063688,-0.13524,-0.31764,-0.48358,-0.6322,-0.76215,-0.87206,-0.96081,-1.0277,-1.0724,-1.0948
-1.1021,-1.0795,-1.0345,-0.96719,-0.87767,-0.76664,-0.63518,-0.48471,-0.31667,-0.13206,0.069006,0.28755,0.52575,0.78649,1.0727,1.3866,1.7284,2.0953,2.4808,2.873,3.255,3.605,3.8982,4.1104,4.222,4.222,4.1104,3.8982,3.605,3.255,2.873,2.4808,2.0954,1.7284,1.3866,1.0728,0.78651,0.52576,0.28757,0.069017,-0.13205,-0.31666,-0.4847,-0.63517,-0.76664,-0.87767,-0.96718,-1.0345,-1.0795,-1.1021
-1.1089,-1.0862,-1.041,-0.97328,-0.88308,-0.77101,-0.63812,-0.48586,-0.31575,-0.12895,0.074244,0.2947,0.53445,0.79628,1.0831,1.3969,1.7379,2.1033,2.4864,2.8755,3.2537,3.5997,3.8891,4.0984,4.2084,4.2084,4.0984,3.8891,3.5997,3.2537,2.8755,2.4864,2.1034,1.7379,1.3969,1.0831,0.7963,0.53446,0.29471,0.074255,-0.12894,-0.31574,-0.48585,-0.63812,-0.771,-0.88307,-0.97328,-1.041,-1.0862,-1.1089
-1.1153,-1.0926,-1.0472,-0.97908,-0.88827,-0.77525,-0.64102,-0.48703,-0.31491,-0.12595,0.079377,0.30175,0.54304,0.80595,1.0933,1.407,1.7473,2.1111,2.4918,2.8777,3.2523,3.5943,3.8801,4.0865,4.195,4.195,4.0865,3.8801,3.5943,3.2523,2.8777,2.4918,2.1111,1.7473,1.407,1.0933,0.80597,0.54305,0.30176,0.079388,-0.12594,-0.3149,-0.48703,-0.64101,-0.77525,-0.88827,-0.97908,-1.0472,-1.0926,-1.1153
-1.1213,-1.0985,-1.053,-0.98458,-0.89325,-0.77936,-0.64387,-0.48824,-0.31415,-0.12305,0.084392,0.30867,0.55151,0.81549,1.1033,1.417,1.7564,2.1187,2.497,2.8798,3.2507,3.5888,3.871,4.0747,4.1816,4.1816,4.0747,3.8711,3.5889,3.2507,2.8798,2.497,2.1187,1.7564,1.417,1.1034,0.81551,0.55153,0.30869,0.084404,-0.12304,-0.31414,-0.48823,-0.64387,-0.77936,-0.89325,-0.98458,-1.053,-1.0985,-1.1213
-1.1268,-1.104,-1.0584,-0.98978,-0.89799,-0.78333,-0.64667,-0.48946,-0.31347,-0.12027,0.089276,0.31547,0.55986,0.8249,1.1132,1.4267,1.7653,2.126,2.502,2.8817,3.249,3.5833,3.862,4.0629,4.1683,4.1683,4.0629,3.862,3.5834,3.249,2.8817,2.502,2.126,1.7653,1.4267,1.1133,0.82492,0.55987,0.31548,0.089288,-0.12026,-0.31346,-0.48946,-0.64667,-0.78333,-0.89799,-0.98978,-1.0584,-1.104,-1.1268
-1.132,-1.1091,-1.0634,-0.99466,-0.9025,-0.78715,-0.64941,-0.49072,-0.31288,-0.11762,0.094016,0.32212,0.56806,0.83416,1.123,1.4363,1.774,2.1331,2.5067,2.8834,3.2471,3.5778,3.853,4.0512,4.1552,4.1552,4.0512,3.853,3.5778,3.2472,2.8834,2.5068,2.1331,1.774,1.4363,1.123,0.83418,0.56807,0.32213,0.094028,-0.11761,-0.31287,-0.49071,-0.64941,-0.78715,-0.90249,-0.99466,-1.0634,-1.1091,-1.132
-1.1367,-1.1138,-1.0681,-0.99922,-0.90675,-0.7908,-0.65208,-0.49199,-0.31238,-0.1151,0.098602,0.32861,0.57611,0.84327,1.1326,1.4457,1.7825,2.14,2.5113,2.885,3.2452,3.5721,3.844,4.0396,4.1421,4.1421,4.0396,3.844,3.5722,3.2452,2.885,2.5113,2.1401,1.7826,1.4457,1.1326,0.84329,0.57612,0.32863,0.098614,-0.11509,-0.31237,-0.49198,-0.65208,-0.7908,-0.90675,-0.99922,-1.0681,-1.1138,-1.1367
-1.141,-1.1181,-1.0724,-1.0035,-0.91074,-0.79428,-0.65467,-0.49327,-0.31196,-0.11272,0.10302,0.33494,0.58399,0.85221,1.142,1.4549,1.7909,2.1468,2.5157,2.8864,3.2431,3.5665,3.835,4.0281,4.1292,4.1292,4.0281,3.835,3.5665,3.2431,2.8864,2.5157,2.1468,1.7909,1.4549,1.142,0.85223,0.58401,0.33495,0.10303,-0.11271,-0.31195,-0.49326,-0.65467,-0.79428,-0.91074,-1.0035,-1.0724,-1.1181,-1.141
-1.1449,-1.122,-1.0764,-1.0074,-0.91447,-0.79757,-0.65717,-0.49455,-0.31163,-0.11049,0.10727,0.34108,0.5917,0.86099,1.1512,1.4639,1.799,2.1533,2.5198,2.8876,3.2409,3.5607,3.826,4.0166,4.1163,4.1163,4.0166,3.826,3.5608,3.2409,2.8876,2.5199,2.1533,1.799,1.464,1.1512,0.86101,0.59171,0.34109,0.10728,-0.11048,-0.31163,-0.49455,-0.65716,-0.79756,-0.91447,-1.0074,-1.0764,-1.122,-1.1449
-1.1484,-1.1256,-1.08,-1.0109,-0.91792,-0.80066,-0.65956,-0.49583,-0.31139,-0.1084,0.11133,0.34703,0.59922,0.86958,1.1603,1.4728,1.8069,2.1596,2.5238,2.8886,3.2386,3.555,3.817,4.0051,4.1035,4.1036,4.0051,3.8171,3.555,3.2386,2.8887,2.5239,2.1596,1.807,1.4728,1.1603,0.8696,0.59923,0.34704,0.11135,-0.10839,-0.31138,-0.49582,-0.65955,-0.80065,-0.91792,-1.0109,-1.08,-1.1256,-1.1484
-1.1516,-1.1288,-1.0832,-1.0142,-0.92108,-0.80354,-0.66183,-0.49709,-0.31121,-0.10646,0.11521,0.35278,0.60653,0.87798,1.1691,1.4815,1.8147,2.1657,2.5276,2.8895,3.2362,3.5491,3.8081,3.9938,4.0909,4.0909,3.9938,3.8081,3.5491,3.2362,2.8896,2.5277,2.1657,1.8147,1.4815,1.1692,0.878,0.60655,0.35279,0.11522,-0.10645,-0.3112,-0.49708,-0.66182,-0.80353,-0.92108,-1.0142,-1.0832,-1.1288,-1.1516
-1.1544,-1.1316,-1.0861,-1.0171,-0.92396,-0.80619,-0.66396,-0.49831,-0.3111,-0.10466,0.1189,0.35831,0.61364,0.88618,1.1778,1.4899,1.8222,2.1716,2.5313,2.8903,3.2337,3.5433,3.7992,3.9825,4.0783,4.0783,3.9825,3.7992,3.5433,3.2337,2.8903,2.5313,2.1716,1.8223,1.49,1.1778,0.8862,0.61366,0.35832,0.11891,-0.10464,-0.31109,-0.4983,-0.66396,-0.80619,-0.92396,-1.0171,-1.0861,-1.1316,-1.1544
-1.1568,-1.1341,-1.0886,-1.0197,-0.92655,-0.80861,-0.66595,-0.49949,-0.31105,-0.10299,0.12239,0.36363,0.62053,0.89417,1.1863,1.4982,1.8296,2.1774,2.5347,2.8909,3.2311,3.5374,3.7902,3.9713,4.0658,4.0659,3.9713,3.7903,3.5374,3.2311,2.8909,2.5348,2.1774,1.8296,1.4982,1.1863,0.89419,0.62054,0.36364,0.1224,-0.10298,-0.31104,-0.49948,-0.66594,-0.80861,-0.92654,-1.0197,-1.0886,-1.1341,-1.1568
-1.159,-1.1362,-1.0908,-1.022,-0.92883,-0.81079,-0.66777,-0.5006,-0.31103,-0.10146,0.12568,0.36871,0.62718,0.90194,1.1946,1.5063,1.8368,2.1829,2.538,2.8914,3.2284,3.5314,3.7814,3.9601,4.0535,4.0535,3.9602,3.7814,3.5314,3.2284,2.8914,2.5381,2.1829,1.8368,1.5063,1.1946,0.90196,0.6272,0.36873,0.1257,-0.10145,-0.31102,-0.50059,-0.66776,-0.81078,-0.92883,-1.022,-1.0908,-1.1362,-1.159
-1.1608,-1.1381,-1.0927,-1.0239,-0.93083,-0.81272,-0.66942,-0.50163,-0.31104,-0.10006,0.12879,0.37357,0.6336,0.90948,1.2026,1.5142,1.8438,2.1883,2.5412,2.8917,3.2256,3.5255,3.7725,3.9491,4.0412,4.0412,3.9491,3.7725,3.5255,3.2256,2.8918,2.5412,2.1883,1.8438,1.5142,1.2026,0.9095,0.63362,0.37359,0.1288,-0.10004,-0.31103,-0.50163,-0.66941,-0.81271,-0.93083,-1.0239,-1.0927,-1.1381,-1.1608
-1.1624,-1.1397,-1.0943,-1.0256,-0.93254,-0.81439,-0.67087,-0.50257,-0.31107,-0.098762,0.1317,0.3782,0.63977,0.91679,1.2105,1.5218,1.8505,2.1935,2.5441,2.892,3.2228,3.5195,3.7637,3.9381,4.0291,4.0291,3.9381,3.7637,3.5195,3.2228,2.892,2.5442,2.1935,1.8506,1.5219,1.2105,0.9168,0.63979,0.37821,0.13171,-0.09875,-0.31106,-0.50256,-0.67087,-0.81438,-0.93253,-1.0256,-1.0943,-1.1397,-1.1624
-1.1637,-1.141,-1.0957,-1.027,-0.93396,-0.8158,-0.67213,-0.5034,-0.31109,-0.097567,0.13443,0.38259,0.64569,0.92384,1.2181,1.5293,1.8571,2.1985,2.5469,2.8921,3.2199,3.5135,3.7549,3.9272,4.0171,4.0171,3.9272,3.7549,3.5135,3.2199,2.8921,2.547,2.1985,1.8572,1.5293,1.2181,0.92386,0.64571,0.3826,0.13444,-0.097555,-0.31108,-0.50339,-0.67212,-0.8158,-0.93396,-1.027,-1.0957,-1.141,-1.1637
-1.1648,-1.1421,-1.0968,-1.0281,-0.9351,-0.81696,-0.67318,-0.5041,-0.31108,-0.096458,0.13699,0.38675,0.65135,0.93065,1.2255,1.5366,1.8635,2.2034,2.5496,2.8921,3.2169,3.5075,3.7462,3.9164,4.0051,4.0051,3.9164,3.7462,3.5075,3.2169,2.8921,2.5496,2.2034,1.8636,1.5366,1.2255,0.93067,0.65137,0.38676,0.137,-0.096446,-0.31107,-0.50409,-0.67317,-0.81695,-0.9351,-1.0281,-1.0968,-1.1421,-1.1648
-1.1657,-1.143,-1.0976,-1.0289,-0.93599,-0.81785,-0.67401,-0.50465,-0.31104,-0.095417,0.13938,0.39068,0.65676,0.9372,1.2326,1.5436,1.8698,2.2081,2.5522,2.892,3.2138,3.5015,3.7375,3.9058,3.9934,3.9934,3.9058,3.7376,3.5015,3.2138,2.892,2.5522,2.2081,1.8698,1.5436,1.2326,0.93722,0.65678,0.39069,0.13939,-0.095405,-0.31103,-0.50465,-0.674,-0.81785,-0.93598,-1.0289,-1.0976,-1.143,-1.1657
-1.1665,-1.1437,-1.0983,-1.0296,-0.93662,-0.8185,-0.67461,-0.50505,-0.31094,-0.094427,0.14162,0.39438,0.66191,0.94349,1.2395,1.5504,1.8758,2.2126,2.5546,2.8918,3.2107,3.4955,3.729,3.8952,3.9817,3.9817,3.8952,3.729,3.4955,3.2108,2.8918,2.5546,2.2126,1.8758,1.5505,1.2395,0.94351,0.66193,0.3944,0.14163,-0.094415,-0.31093,-0.50505,-0.67461,-0.8185,-0.93662,-1.0296,-1.0983,-1.1437,-1.1665
-1.1671,-1.1443,-1.0988,-1.03,-0.93703,-0.81891,-0.675,-0.50529,-0.31075,-0.093468,0.14372,0.39788,0.6668,0.94951,1.2461,1.557,1.8816,2.2169,2.5568,2.8915,3.2076,3.4895,3.7204,3.8847,3.9702,3.9702,3.8847,3.7204,3.4895,3.2076,2.8915,2.5568,2.217,1.8816,1.5571,1.2462,0.94953,0.66682,0.39789,0.14373,-0.093456,-0.31074,-0.50528,-0.675,-0.81891,-0.93703,-1.03,-1.0988,-1.1443,-1.1671
-1.1676,-1.1447,-1.0991,-1.0303,-0.93724,-0.8191,-0.67517,-0.50535,-0.31048,-0.092521,0.14571,0.40117,0.67144,0.95528,1.2525,1.5634,1.8873,2.2211,2.559,2.8911,3.2045,3.4836,3.712,3.8744,3.9589,3.9589,3.8744,3.712,3.4836,3.2045,2.8911,2.559,2.2212,1.8873,1.5634,1.2526,0.95529,0.67146,0.40118,0.14572,-0.092509,-0.31047,-0.50534,-0.67516,-0.8191,-0.93724,-1.0303,-1.0991,-1.1447,-1.1676
-1.168,-1.145,-1.0994,-1.0304,-0.93727,-0.81909,-0.67513,-0.50523,-0.3101,-0.091567,0.14759,0.40427,0.67584,0.96077,1.2587,1.5696,1.8927,2.2252,2.561,2.8907,3.2013,3.4777,3.7037,3.8642,3.9477,3.9477,3.8643,3.7037,3.4777,3.2014,2.8907,2.561,2.2252,1.8927,1.5696,1.2587,0.96079,0.67585,0.40428,0.1476,-0.091554,-0.31008,-0.50522,-0.67512,-0.81908,-0.93727,-1.0304,-1.0994,-1.145,-1.168
-1.1683,-1.1453,-1.0995,-1.0304,-0.93716,-0.81889,-0.67489,-0.50493,-0.30959,-0.090585,0.1494,0.40719,0.67999,0.96601,1.2646,1.5755,1.898,2.2291,2.563,2.8902,3.1982,3.4719,3.6955,3.8542,3.9368,3.9368,3.8543,3.6955,3.4719,3.1982,2.8902,2.563,2.2291,1.898,1.5755,1.2646,0.96603,0.68001,0.40721,0.14941,-0.090572,-0.30958,-0.50492,-0.67489,-0.81889,-0.93716,-1.0304,-1.0995,-1.1453,-1.1683
-1.1686,-1.1455,-1.0996,-1.0304,-0.93693,-0.81854,-0.67448,-0.50445,-0.30896,-0.089559,0.15114,0.40996,0.68393,0.97099,1.2702,1.5812,1.9031,2.2329,2.5648,2.8897,3.1951,3.4661,3.6874,3.8444,3.926,3.926,3.8444,3.6874,3.4662,3.1951,2.8897,2.5648,2.2329,1.9031,1.5812,1.2702,0.97101,0.68394,0.40997,0.15115,-0.089546,-0.30895,-0.50445,-0.67448,-0.81854,-0.93693,-1.0304,-1.0996,-1.1455,-1.1686
-1.1689,-1.1457,-1.0997,-1.0302,-0.93663,-0.81808,-0.67392,-0.50382,-0.30819,-0.088475,0.15284,0.41258,0.68764,0.97572,1.2756,1.5867,1.908,2.2365,2.5666,2.8891,3.192,3.4605,3.6795,3.8348,3.9155,3.9155,3.8348,3.6795,3.4605,3.192,2.8892,2.5666,2.2365,1.908,1.5867,1.2756,0.97574,0.68766,0.4126,0.15286,-0.088462,-0.30818,-0.50381,-0.67391,-0.81808,-0.93662,-1.0302,-1.0997,-1.1457,-1.1689
-1.1692,-1.146,-1.0998,-1.0301,-0.93627,-0.81753,-0.67323,-0.50304,-0.3073,-0.08732,0.15452,0.41509,0.69115,0.98021,1.2808,1.592,1.9127,2.24,2.5683,2.8886,3.1889,3.455,3.6718,3.8254,3.9052,3.9052,3.8254,3.6718,3.455,3.1889,2.8886,2.5683,2.24,1.9127,1.592,1.2808,0.98023,0.69117,0.4151,0.15454,-0.087307,-0.30729,-0.50303,-0.67322,-0.81753,-0.93627,-1.0301,-1.0998,-1.146,-1.1692
-1.1695,-1.1462,-1.0999,-1.03,-0.93592,-0.81694,-0.67245,-0.50214,-0.30628,-0.08609,0.15619,0.41748,0.69448,0.98445,1.2857,1.597,1.9172,2.2434,2.5699,2.888,3.186,3.4496,3.6643,3.8163,3.8952,3.8952,3.8163,3.6643,3.4496,3.186,2.8881,2.5699,2.2434,1.9173,1.597,1.2857,0.98447,0.69449,0.4175,0.15621,-0.086077,-0.30627,-0.50213,-0.67244,-0.81694,-0.93591,-1.03,-1.0999,-1.1462,-1.1695
-1.1698,-1.1465,-1.1,-1.0299,-0.93558,-0.81634,-0.67162,-0.50114,-0.30517,-0.084785,0.15787,0.41978,0.69762,0.98847,1.2903,1.6018,1.9216,2.2466,2.5715,2.8875,3.1831,3.4444,3.657,3.8075,3.8856,3.8856,3.8075,3.657,3.4444,3.1831,2.8875,2.5715,2.2467,1.9216,1.6019,1.2903,0.98849,0.69764,0.4198,0.15788,-0.084772,-0.30515,-0.50114,-0.67162,-0.81634,-0.93558,-1.0299,-1.1,-1.1465,-1.1698
-1.1702,-1.1468,-1.1002,-1.0299,-0.93531,-0.81578,-0.67079,-0.5001,-0.30397,-0.083412,0.15955,0.42201,0.7006,0.99225,1.2947,1.6064,1.9258,2.2498,2.573,2.887,3.1803,3.4394,3.65,3.799,3.8763,3.8763,3.799,3.65,3.4394,3.1804,2.8871,2.5731,2.2498,1.9258,1.6065,1.2947,0.99227,0.70062,0.42202,0.15957,-0.083399,-0.30396,-0.50009,-0.67079,-0.81578,-0.93531,-1.0299,-1.1002,-1.1468,-1.1702
-1.1706,-1.1471,-1.1004,-1.03,-0.93512,-0.8153,-0.67001,-0.49906,-0.30272,-0.081991,0.16124,0.42416,0.70341,0.99581,1.2989,1.6108,1.9298,2.2528,2.5745,2.8866,3.1777,3.4347,3.6434,3.7909,3.8674,3.8674,3.7909,3.6434,3.4347,3.1778,2.8866,2.5746,2.2528,1.9298,1.6108,1.2989,0.99583,0.70343,0.42417,0.16126,-0.081978,-0.30271,-0.49905,-0.67,-0.81529,-0.93511,-1.03,-1.1004,-1.1471,-1.1706
-1.1711,-1.1475,-1.1007,-1.0301,-0.93503,-0.81492,-0.66931,-0.49805,-0.30148,-0.080548,0.16293,0.42623,0.70607,0.99914,1.3028,1.6149,1.9336,2.2557,2.576,2.8862,3.1753,3.4302,3.6371,3.7833,3.859,3.859,3.7833,3.6371,3.4302,3.1754,2.8863,2.5761,2.2558,1.9336,1.6149,1.3028,0.99917,0.70609,0.42625,0.16294,-0.080535,-0.30147,-0.49805,-0.6693,-0.81491,-0.93503,-1.0301,-1.1007,-1.1475,-1.1711
-1.1716,-1.148,-1.1011,-1.0303,-0.93506,-0.81468,-0.66874,-0.49715,-0.30029,-0.079126,0.16458,0.42823,0.70856,1.0022,1.3064,1.6188,1.9372,2.2585,2.5775,2.886,3.1731,3.4261,3.6313,3.7762,3.8513,3.8513,3.7762,3.6313,3.4261,3.1732,2.886,2.5775,2.2585,1.9372,1.6188,1.3064,1.0023,0.70858,0.42824,0.1646,-0.079113,-0.30028,-0.49715,-0.66873,-0.81467,-0.93506,-1.0303,-1.1011,-1.148,-1.1716
-1.172,-1.1484,-1.1015,-1.0306,-0.93521,-0.81459,-0.66834,-0.49641,-0.29922,-0.077781,0.16617,0.43011,0.71087,1.0051,1.3097,1.6223,1.9406,2.2612,2.5789,2.8858,3.1712,3.4224,3.6259,3.7697,3.8441,3.8441,3.7697,3.626,3.4224,3.1712,2.8858,2.5789,2.2612,1.9406,1.6223,1.3097,1.0051,0.71089,0.43013,0.16619,-0.077767,-0.29921,-0.4964,-0.66833,-0.81458,-0.93521,-1.0306,-1.1015,-1.1484,-1.172
-1.1725,-1.1489,-1.1019,-1.031,-0.93545,-0.81465,-0.66814,-0.49588,-0.29834,-0.076586,0.16763,0.43185,0.71296,1.0076,1.3127,1.6255,1.9436,2.2636,2.5802,2.8857,3.1695,3.4191,3.6213,3.764,3.8379,3.8379,3.764,3.6213,3.4191,3.1695,2.8857,2.5802,2.2636,1.9436,1.6255,1.3127,1.0076,0.71298,0.43187,0.16765,-0.076572,-0.29833,-0.49587,-0.66813,-0.81464,-0.93545,-1.031,-1.1019,-1.1489,-1.1725
-1.1729,-1.1493,-1.1023,-1.0314,-0.93576,-0.81483,-0.66813,-0.49559,-0.29772,-0.07563,0.16889,0.43337,0.71479,1.0098,1.3153,1.6283,1.9463,2.2658,2.5816,2.8859,3.1682,3.4164,3.6173,3.759,3.8324,3.8324,3.759,3.6173,3.4164,3.1683,2.8859,2.5816,2.2659,1.9464,1.6284,1.3153,1.0098,0.71481,0.43339,0.1689,-0.075617,-0.29771,-0.49558,-0.66812,-0.81483,-0.93576,-1.0314,-1.1023,-1.1493,-1.1729
-1.1732,-1.1496,-1.1026,-1.0317,-0.93608,-0.8151,-0.66827,-0.49555,-0.29741,-0.075014,0.16981,0.43458,0.71627,1.0116,1.3173,1.6305,1.9484,2.2675,2.5826,2.8859,3.1673,3.4144,3.6144,3.7555,3.8285,3.8285,3.7555,3.6144,3.4144,3.1673,2.8859,2.5826,2.2675,1.9484,1.6305,1.3173,1.0116,0.71629,0.4346,0.16983,-0.075001,-0.2974,-0.49554,-0.66827,-0.81509,-0.93608,-1.0317,-1.1026,-1.1496,-1.1732
-1.1735,-1.1499,-1.1029,-1.032,-0.93635,-0.81535,-0.66849,-0.49568,-0.2974,-0.074808,0.17026,0.43529,0.71726,1.0129,1.3189,1.6323,1.9503,2.2692,2.5837,2.8863,3.1668,3.4129,3.6121,3.7526,3.8253,3.8253,3.7526,3.6122,3.413,3.1668,2.8863,2.5837,2.2692,1.9503,1.6324,1.3189,1.0129,0.71728,0.43531,0.17027,-0.074795,-0.29739,-0.49567,-0.66848,-0.81534,-0.93634,-1.032,-1.1029,-1.1499,-1.1735
