0.0198
-0.012267
-0.0016255
0.0070521
0.0045463
0.0028434
0.0035424
0.0039206
0.0037037
0.0036028
0.0036436
0.0037009
0.0037717
0.0035955
0.003286
0.0039904
0.0050336
0.0039131
0.0024121
0.00090964
0.00052609
0.00014847
6.14e-05
-2.196e-05
-1.6235e-05
-1.0088e-05
2.6669e-06
1.3373e-05
5.0633e-07
-1.0443e-05
-4.1393e-06
1.5904e-06
3.1027e-06
4.6609e-06
6.5041e-06
8.367e-06
1.0343e-05
1.2146e-05
1.3165e-05
1.4025e-05
1.4248e-05
1.4349e-05
1.4017e-05
1.3602e-05
1.2917e-05
1.2163e-05
1.121e-05
1.0264e-05
9.3362e-06
8.4131e-06
7.501e-06
6.6366e-06
5.8735e-06
5.1379e-06
4.4554e-06
3.8276e-06
3.2959e-06
2.7977e-06
2.3544e-06
1.9392e-06
1.5663e-06
1.2519e-06
1.0182e-06
7.7328e-07
5.1369e-07
3.2518e-07
2.1967e-07
1.1213e-07
2.3904e-09
-8.6454e-08
-1.544e-07
-1.6942e-07
-1.3553e-07
-1.5091e-07
-2.0838e-07
-1.9391e-07
-1.2303e-07
-9.1619e-08
-8.8758e-08
-8.4414e-08
-7.908e-08
-3.7321e-08
2.6782e-08
1.2893e-08
-4.5e-08
-3.12e-08
1.9439e-08
1.8853e-08
-5.8153e-09
-2.5027e-08
-4.1901e-08
-1.1046e-08
3.8388e-08
2.8869e-08
-1.4357e-09
6.0605e-08
1.5173e-07
2.4984e-07
3.4991e-07
5.4691e-07
7.6813e-07
8.4546e-07
8.9116e-07
1.1725e-06
1.4991e-06
2.8669e-06
4.4036e-06
7.2091e-07
-3.6722e-06
4.6325e-06
1.4348e-05
1.2673e-05
1.0006e-05
-4.4577e-05
-0.00010255
0.00023818
0.00059535
-0.00081998
-0.0022711
-0.0029768
-0.0036817
-0.0042337
-0.0039153
-0.0036952
-0.0037696
-0.0038088
-0.0037828
-0.0037695
-0.0037719
-0.0037761
-0.0037819
-0.0037604
-0.0037242
-0.0038031
-0.0039206
-0.0034729
-0.0029259
-0.0041985
-0.0026455
0.00058181
-0.00072918
-0.0018721
-0.0013616
-0.0016792
-0.0023301
-0.00055917
-0.0014973
-0.00071101
-3.9467e-05
-0.0030421
-0.0016817
-0.001135
-0.00087723
-0.00039443
7.849e-05
-0.0036696
-0.00076673
-0.00098449
-0.001848
-4.251e-05
6.1464e-05
-0.0028766
-0.00089158
-0.00052304
-0.0029938
-0.00057623
0.0002535
-0.00039173
-0.00053755
-0.0024377
-0.0015387
-0.00060854
-0.0010894
-0.00027473
0.0003177
-0.0017929
-0.0011542
-0.00077428
-0.0015407
-0.00083849
-0.00097204
-0.00070563
0.00069439
-0.001107
-0.0015886
0.00090049
-0.0022657
-0.0020214
0.00057539
-0.00059382
-0.00053135
-0.00012558
-0.0011997
-0.0012251
-0.0010319
0.00020958
0.0032721
-0.0017144
-0.007496
0.0021898
0.002124
0.00012232
-0.0017322
-0.00072165
-0.00056345
-0.0005148
0.00033712
-0.00062131
-0.001114
0.00091627
-0.0025861
-0.0028935
0.0041814
0.0088038
-0.011586
-0.0033621
0.002414
0.0024879
0.0011045
-0.0029181
0.00076331
0.00050033
-0.001799
0.00062212
-8.6837e-05
-0.0012015
0.00081775
-1.606e-05
-0.00097871
0.00042025
-0.00066694
-0.00016236
0.00080774
0.00017594
-4.8749e-05
-0.0025864
-0.0094958
0.018099
-0.0042679
-0.014938
0.017972
-0.012121
0.0025888
0.017619
0.0018664
-0.025929
0.017333
0.0021928
0.0010296
-0.014487
0.030346
-0.017232
0.003705
0.0048069
0.0021489
-0.0041328
0.0032245
0.0010655
0.012431
-0.0094212
0.0069402
0.0047429
-0.0014491
0.0010357
0.0083117
-0.0033937
0.0069757
0.0019389
0.0012919
0.0041621
-0.00083346
0.0093598
-0.0024677
0.0089197
-0.01734
0.0198
0.0198
-0.012267
-0.0016255
0.0070521
0.0045464
0.0028434
0.0035421
0.0039205
0.0037044
0.0036032
0.0036423
0.0036998
0.0037724
0.0035965
0.0032869
0.0039908
0.0050325
0.0039128
0.0024115
0.00091032
0.00052629
0.00014821
6.1311e-05
-2.1883e-05
-1.6213e-05
-1.0117e-05
2.6568e-06
1.3379e-05
5.08e-07
-1.0446e-05
-4.1409e-06
1.5896e-06
3.1024e-06
4.661e-06
6.504e-06
8.3667e-06
1.0343e-05
1.2146e-05
1.3166e-05
1.4026e-05
1.4248e-05
1.4349e-05
1.4017e-05
1.3602e-05
1.2917e-05
1.2163e-05
1.121e-05
1.0264e-05
9.336e-06
8.4129e-06
7.5008e-06
6.6364e-06
5.8732e-06
5.1376e-06
4.4551e-06
3.8273e-06
3.2956e-06
2.7974e-06
2.354e-06
1.9389e-06
1.566e-06
1.2516e-06
1.0179e-06
7.7295e-07
5.1337e-07
3.2486e-07
2.1935e-07
1.1181e-07
2.0747e-09
-8.6769e-08
-1.5472e-07
-1.6974e-07
-1.3586e-07
-1.5124e-07
-2.0872e-07
-1.9424e-07
-1.2338e-07
-9.1976e-08
-8.9123e-08
-8.4786e-08
-7.946e-08
-3.7713e-08
2.6375e-08
1.2479e-08
-4.5418e-08
-3.1628e-08
1.8996e-08
1.8401e-08
-6.2746e-09
-2.5493e-08
-4.2373e-08
-1.1529e-08
3.7892e-08
2.837e-08
-1.9338e-09
6.0097e-08
1.5121e-07
2.4932e-07
3.4939e-07
5.4639e-07
7.6762e-07
8.4491e-07
8.9057e-07
1.1719e-06
1.4985e-06
2.8664e-06
4.4032e-06
7.2018e-07
-3.6733e-06
4.6321e-06
1.4348e-05
1.2672e-05
1.0002e-05
-4.4576e-05
-0.00010255
0.00023818
0.00059534
-0.00082007
-0.0022713
-0.0029763
-0.0036813
-0.004233
-0.0039155
-0.0036961
-0.0037706
-0.0038094
-0.0037817
-0.0037683
-0.0037723
-0.0037768
-0.0037818
-0.0037602
-0.0037242
-0.0038032
-0.0039206
-0.0034729
-0.0029259
-0.0041985
-0.0026455
0.00058181
-0.00072919
-0.0018721
-0.0013616
-0.0016792
-0.0023301
-0.00055918
-0.0014973
-0.00071101
-3.9473e-05
-0.0030421
-0.0016817
-0.001135
-0.00087724
-0.00039444
7.8484e-05
-0.0036696
-0.00076674
-0.0009845
-0.001848
-4.2516e-05
6.1458e-05
-0.0028766
-0.00089158
-0.00052304
-0.0029938
-0.00057623
0.00025349
-0.00039173
-0.00053756
-0.0024377
-0.0015387
-0.00060855
-0.0010894
-0.00027474
0.0003177
-0.0017929
-0.0011542
-0.00077428
-0.0015407
-0.00083849
-0.00097205
-0.00070563
0.00069439
-0.001107
-0.0015886
0.00090049
-0.0022657
-0.0020214
0.00057539
-0.00059383
-0.00053136
-0.00012559
-0.0011997
-0.0012251
-0.001032
0.00020957
0.0032721
-0.0017144
-0.0074961
0.0021898
0.002124
0.00012231
-0.0017322
-0.00072164
-0.00056345
-0.00051481
0.00033712
-0.00062131
-0.001114
0.00091627
-0.0025861
-0.0028936
0.0041814
0.0088039
-0.011586
-0.0033621
0.002414
0.0024879
0.0011045
-0.0029181
0.00076331
0.00050033
-0.001799
0.00062212
-8.6839e-05
-0.0012015
0.00081775
-1.6062e-05
-0.00097871
0.00042025
-0.00066694
-0.00016237
0.00080774
0.00017594
-4.8749e-05
-0.0025864
-0.0094958
0.018099
-0.0042679
-0.014938
0.017972
-0.012121
0.0025888
0.017619
0.0018664
-0.025929
0.017333
0.0021928
0.0010295
-0.014487
0.030346
-0.017232
0.003705
0.0048069
0.0021489
-0.0041328
0.0032245
0.0010655
0.012431
-0.0094212
0.0069402
0.0047429
-0.0014491
0.0010357
0.0083117
-0.0033937
0.0069757
0.001939
0.0012919
0.0041621
-0.00083345
0.0093598
-0.0024677
0.0089197
-0.01734
0.0198
