4.9107e-05,9.6721e-05,0.00014262,0.00018623,0.00022689,0.00026397,0.00029687,0.00032509,0.00034818,0.00036578,0.00037761,0.00038349,0.00038334,0.00037715,0.00036504,0.00034718,0.00032388,0.00029549,0.00026246,0.00022532,0.00018464,0.00014107,9.5295e-05,4.8023e-05,7.3242e-11,-4.8023e-05,-9.5295e-05,-0.00014107,-0.00018464,-0.00022532,-0.00026246,-0.00029549,-0.00032388,-0.00034718,-0.00036504,-0.00037715,-0.00038334,-0.00038349,-0.00037761,-0.00036578,-0.00034818,-0.00032509,-0.00029687,-0.00026397,-0.00022689,-0.00018623,-0.00014262,-9.6721e-05,-4.9107e-05
0.00014458,0.00028523,0.00042082,0.00054958,0.0006696,0.00077902,0.00087614,0.00095943,0.0010276,0.0010795,0.0011144,0.0011318,0.0011314,0.0011131,0.0010774,0.0010247,0.0009559,0.00087211,0.00077464,0.00066501,0.00054497,0.00041638,0.00028126,0.00014174,2.1761e-10,-0.00014174,-0.00028126,-0.00041638,-0.00054497,-0.00066501,-0.00077464,-0.00087211,-0.0009559,-0.0010247,-0.0010774,-0.0011131,-0.0011314,-0.0011318,-0.0011144,-0.0010795,-0.0010276,-0.00095943,-0.00087614,-0.00077902,-0.0006696,-0.00054958,-0.00042082,-0.00028523,-0.00014458
0.00024132,0.00047656,0.00070334,0.00091865,0.0011193,0.0013022,0.0014646,0.0016038,0.0017178,0.0018046,0.001863,0.0018921,0.0018913,0.0018608,0.0018011,0.001713,0.001598,0.001458,0.001295,0.0011118,0.00091107,0.0006961,0.00047021,0.00023696,3.6398e-10,-0.00023696,-0.00047021,-0.0006961,-0.00091107,-0.0011118,-0.001295,-0.001458,-0.001598,-0.001713,-0.0018011,-0.0018608,-0.0018913,-0.0018921,-0.001863,-0.0018046,-0.0017178,-0.0016038,-0.0014646,-0.0013022,-0.0011193,-0.00091865,-0.00070334,-0.00047656,-0.00024132
0.00034092,0.00067375,0.00099464,0.0012993,0.0015831,0.0018419,0.0020716,0.0022685,0.0024297,0.0025525,0.0026352,0.0026763,0.0026752,0.0026321,0.0025476,0.0024231,0.0022604,0.0020623,0.0018318,0.0015726,0.0012887,0.00098466,0.00066514,0.00033519,5.1294e-10,-0.00033519,-0.00066514,-0.00098465,-0.0012887,-0.0015726,-0.0018318,-0.0020623,-0.0022604,-0.0024231,-0.0025476,-0.0026321,-0.0026752,-0.0026763,-0.0026352,-0.0025525,-0.0024297,-0.0022685,-0.0020716,-0.0018419,-0.0015831,-0.0012993,-0.00099464,-0.00067375,-0.00034092
0.00044502,0.00087992,0.0012993,0.0016974,0.0020684,0.0024065,0.0027066,0.002964,0.0031745,0.0033351,0.0034431,0.0034968,0.0034955,0.0034392,0.0033288,0.003166,0.0029536,0.0026947,0.0023936,0.0020549,0.001684,0.0012866,0.00086912,0.00043799,6.6506e-10,-0.00043799,-0.00086911,-0.0012866,-0.001684,-0.0020549,-0.0023936,-0.0026947,-0.0029536,-0.003166,-0.0033288,-0.0034392,-0.0034955,-0.0034968,-0.0034431,-0.0033351,-0.0031745,-0.002964,-0.0027066,-0.0024065,-0.0020684,-0.0016974,-0.0012993,-0.00087992,-0.00044502
0.00055528,0.0010984,0.0016222,0.0021194,0.0025827,0.003005,0.0033797,0.0037011,0.0039641,0.0041646,0.0042995,0.0043666,0.004365,0.0042947,0.0041569,0.0039537,0.0036884,0.0033652,0.0029891,0.0025662,0.002103,0.0016068,0.0010854,0.00054697,8.2091e-10,-0.00054697,-0.0010854,-0.0016068,-0.002103,-0.0025662,-0.0029891,-0.0033652,-0.0036884,-0.0039537,-0.0041569,-0.0042947,-0.004365,-0.0043666,-0.0042995,-0.0041646,-0.0039641,-0.0037011,-0.0033797,-0.003005,-0.0025827,-0.0021194,-0.0016222,-0.0010984,-0.00055528
0.00067348,0.0013325,0.0019683,0.0025719,0.0031342,0.0036467,0.0041016,0.0044916,0.0048109,0.0050542,0.0052179,0.0052995,0.0052976,0.0052123,0.0050451,0.0047985,0.0044765,0.0040843,0.0036279,0.0031146,0.0025524,0.0019501,0.0013173,0.00066387,9.8105e-10,-0.00066387,-0.0013173,-0.0019501,-0.0025524,-0.0031146,-0.0036279,-0.0040843,-0.0044765,-0.0047985,-0.005045,-0.0052123,-0.0052976,-0.0052995,-0.0052179,-0.0050542,-0.0048109,-0.0044916,-0.0041016,-0.0036467,-0.0031342,-0.0025719,-0.0019683,-0.0013325,-0.00067348
0.00080148,0.0015861,0.0023432,0.0030619,0.0037315,0.0043419,0.0048835,0.005348,0.0057281,0.0060179,0.0062129,0.0063101,0.0063078,0.0062064,0.0060073,0.0057138,0.0053304,0.0048634,0.00432,0.0037087,0.0030393,0.0023222,0.0015687,0.00079053,1.146e-09,-0.00079052,-0.0015687,-0.0023222,-0.0030393,-0.0037087,-0.00432,-0.0048634,-0.0053304,-0.0057138,-0.0060073,-0.0062064,-0.0063078,-0.0063101,-0.0062129,-0.0060179,-0.0057281,-0.005348,-0.0048835,-0.0043419,-0.0037315,-0.0030619,-0.0023432,-0.0015861,-0.00080148
0.00094131,0.0018632,0.0027528,0.0035973,0.0043842,0.0051013,0.0057378,0.0062836,0.0067304,0.007071,0.0073001,0.0074144,0.0074118,0.0072927,0.0070588,0.006714,0.0062636,0.0057148,0.0050763,0.0043581,0.0035714,0.0027288,0.0018433,0.00092895,1.3164e-09,-0.00092894,-0.0018433,-0.0027288,-0.0035714,-0.0043581,-0.0050763,-0.0057148,-0.0062636,-0.006714,-0.0070588,-0.0072927,-0.0074118,-0.0074144,-0.0073001,-0.007071,-0.0067304,-0.0062836,-0.0057378,-0.0051013,-0.0043842,-0.0035973,-0.0027528,-0.0018632,-0.00094131
0.0010952,0.002168,0.0032035,0.0041865,0.0051024,0.0059372,0.006678,0.0073134,0.0078334,0.0082299,0.0084967,0.0086298,0.0086269,0.0084883,0.0082162,0.0078149,0.0072907,0.006652,0.0059088,0.0050728,0.0041572,0.0031764,0.0021457,0.0010813,1.4925e-09,-0.0010813,-0.0021457,-0.0031764,-0.0041572,-0.0050728,-0.0059088,-0.006652,-0.0072907,-0.0078149,-0.0082162,-0.0084883,-0.0086269,-0.0086298,-0.0084967,-0.0082299,-0.0078334,-0.0073134,-0.006678,-0.0059372,-0.0051024,-0.0041865,-0.0032035,-0.002168,-0.0010952
0.0012655,0.0025054,0.0037023,0.0048386,0.0058974,0.0068624,0.0077188,0.0084534,0.0090546,0.009513,0.0098216,0.0099755,0.0099723,0.0098122,0.0094978,0.0090339,0.0084281,0.0076898,0.0068307,0.0058643,0.0048059,0.003672,0.0024805,0.0012501,1.675e-09,-0.00125,-0.0024805,-0.003672,-0.0048059,-0.0058643,-0.0068307,-0.0076898,-0.0084281,-0.0090339,-0.0094977,-0.0098122,-0.0099723,-0.0099755,-0.0098216,-0.009513,-0.0090546,-0.0084534,-0.0077188,-0.0068624,-0.0058974,-0.0048386,-0.0037023,-0.0025054,-0.0012655
0.001455,0.0028808,0.0042572,0.0055641,0.0067818,0.0078917,0.0088767,0.0097216,0.010413,0.010941,0.011296,0.011473,0.011469,0.011285,0.010924,0.01039,0.0096936,0.0088446,0.0078565,0.0067451,0.0055277,0.0042235,0.0028531,0.0014378,1.8643e-09,-0.0014378,-0.0028531,-0.0042235,-0.0055277,-0.0067451,-0.0078565,-0.0088446,-0.0096936,-0.01039,-0.010924,-0.011285,-0.011469,-0.011473,-0.011296,-0.010941,-0.010413,-0.0097216,-0.0088767,-0.0078917,-0.0067818,-0.0055641,-0.0042572,-0.0028808,-0.001455
0.0016666,0.0033,0.0048769,0.0063742,0.0077694,0.0090412,0.01017,0.011138,0.01193,0.012535,0.012942,0.013145,0.013141,0.012931,0.012517,0.011906,0.011107,0.010135,0.0090025,0.007729,0.0063341,0.0048397,0.0032693,0.0016476,2.0608e-09,-0.0016476,-0.0032693,-0.0048397,-0.0063341,-0.007729,-0.0090025,-0.010135,-0.011107,-0.011906,-0.012517,-0.012931,-0.013141,-0.013145,-0.012942,-0.012535,-0.01193,-0.011138,-0.01017,-0.0090412,-0.0077694,-0.0063742,-0.0048769,-0.0033,-0.0016666
0.0019036,0.0037695,0.005571,0.0072817,0.0088758,0.010329,0.011619,0.012725,0.01363,0.014321,0.014786,0.015019,0.015015,0.014774,0.014301,0.013604,0.012692,0.01158,0.010287,0.0088317,0.0072378,0.0055302,0.0037358,0.0018827,2.2648e-09,-0.0018827,-0.0037358,-0.0055302,-0.0072378,-0.0088317,-0.010287,-0.01158,-0.012692,-0.013604,-0.014301,-0.014774,-0.015015,-0.015019,-0.014786,-0.014321,-0.01363,-0.012725,-0.011619,-0.010329,-0.0088758,-0.0072817,-0.005571,-0.0037695,-0.0019036
0.0021698,0.0042968,0.0063505,0.0083008,0.010118,0.011775,0.013246,0.014507,0.01554,0.016328,0.016858,0.017124,0.017119,0.016845,0.016307,0.015511,0.014471,0.013204,0.01173,0.01007,0.0082531,0.006306,0.0042599,0.0021468,2.4767e-09,-0.0021468,-0.0042599,-0.006306,-0.0082531,-0.01007,-0.01173,-0.013204,-0.014471,-0.015511,-0.016307,-0.016845,-0.017119,-0.017124,-0.016858,-0.016328,-0.01554,-0.014507,-0.013246,-0.011775,-0.010118,-0.0083008,-0.0063505,-0.0042968,-0.0021698
0.0024693,0.00489,0.0072276,0.0094475,0.011516,0.013402,0.015076,0.016513,0.017689,0.018586,0.01919,0.019493,0.019488,0.019177,0.018564,0.017658,0.016475,0.015033,0.013354,0.011465,0.0093961,0.0071794,0.0048499,0.0024441,2.6968e-09,-0.0024441,-0.0048499,-0.0071794,-0.0093961,-0.011465,-0.013354,-0.015033,-0.016475,-0.017658,-0.018564,-0.019177,-0.019488,-0.019493,-0.01919,-0.018586,-0.017688,-0.016513,-0.015076,-0.013402,-0.011516,-0.0094475,-0.0072276,-0.00489,-0.0024693
0.0028068,0.0055585,0.0082159,0.01074,0.013092,0.015236,0.01714,0.018773,0.02011,0.021131,0.021819,0.022163,0.022159,0.021805,0.021108,0.020079,0.018734,0.017094,0.015185,0.013038,0.010685,0.0081641,0.0055151,0.0027794,2.9251e-09,-0.0027794,-0.0055151,-0.0081641,-0.010685,-0.013038,-0.015185,-0.017094,-0.018734,-0.020079,-0.021108,-0.021805,-0.022159,-0.022163,-0.021819,-0.021131,-0.02011,-0.018773,-0.01714,-0.015236,-0.013092,-0.01074,-0.0082159,-0.0055585,-0.0028068
0.0031875,0.0063127,0.0093309,0.012197,0.014869,0.017305,0.019468,0.021324,0.022843,0.024003,0.024786,0.025177,0.025173,0.024772,0.02398,0.022812,0.021284,0.019421,0.017253,0.014813,0.01214,0.0092759,0.0062662,0.0031579,3.1618e-09,-0.0031579,-0.0062662,-0.0092759,-0.01214,-0.014813,-0.017253,-0.019421,-0.021284,-0.022812,-0.02398,-0.024772,-0.025173,-0.025177,-0.024786,-0.024003,-0.022843,-0.021324,-0.019468,-0.017305,-0.014869,-0.012197,-0.0093309,-0.0063127,-0.0031875
0.0036174,0.0071642,0.01059,0.013844,0.016876,0.019642,0.022097,0.024204,0.02593,0.027248,0.028137,0.028582,0.028578,0.028123,0.027226,0.0259,0.024165,0.022051,0.019589,0.016819,0.013784,0.010532,0.0071149,0.0035856,3.4067e-09,-0.0035856,-0.0071149,-0.010532,-0.013784,-0.016819,-0.019589,-0.022051,-0.024165,-0.0259,-0.027226,-0.028123,-0.028578,-0.028582,-0.028137,-0.027248,-0.02593,-0.024204,-0.022097,-0.019642,-0.016876,-0.013844,-0.01059,-0.0071642,-0.0036174
0.004103,0.0081264,0.012012,0.015704,0.019145,0.022283,0.025069,0.027461,0.02942,0.030916,0.031926,0.032432,0.032428,0.031913,0.030896,0.029391,0.027424,0.025024,0.022231,0.019087,0.015643,0.011953,0.0080747,0.0040694,3.6593e-09,-0.0040694,-0.0080747,-0.011953,-0.015643,-0.019087,-0.022231,-0.025024,-0.027424,-0.029391,-0.030896,-0.031913,-0.032428,-0.032432,-0.031926,-0.030916,-0.02942,-0.027461,-0.025069,-0.022283,-0.019145,-0.015704,-0.012012,-0.0081264,-0.004103
0.004652,0.009214,0.013621,0.017807,0.021709,0.025269,0.02843,0.031143,0.033367,0.035065,0.036212,0.036788,0.036785,0.036202,0.035048,0.033342,0.031111,0.028389,0.025221,0.021654,0.017747,0.013561,0.0091609,0.0046168,3.919e-09,-0.0046168,-0.0091609,-0.013561,-0.017747,-0.021654,-0.025221,-0.028389,-0.031111,-0.033342,-0.035048,-0.036202,-0.036785,-0.036788,-0.036212,-0.035065,-0.033367,-0.031143,-0.02843,-0.025269,-0.021709,-0.017807,-0.013621,-0.009214,-0.004652
0.0052728,0.010444,0.015439,0.020185,0.02461,0.028646,0.032231,0.035309,0.037832,0.03976,0.041062,0.041717,0.041715,0.041056,0.039749,0.037815,0.035285,0.032199,0.028605,0.024561,0.020129,0.015381,0.010391,0.0052365,4.1847e-09,-0.0052365,-0.010391,-0.015381,-0.020129,-0.024561,-0.028605,-0.032199,-0.035285,-0.037815,-0.039749,-0.041056,-0.041715,-0.041717,-0.041062,-0.03976,-0.037832,-0.035309,-0.032231,-0.028646,-0.02461,-0.020185,-0.015439,-0.010444,-0.0052728
0.0059748,0.011835,0.017496,0.022875,0.027891,0.032467,0.036533,0.040024,0.042887,0.045075,0.046553,0.047299,0.047299,0.046553,0.045072,0.042881,0.040013,0.036514,0.032439,0.027853,0.022827,0.017443,0.011783,0.0059384,4.4548e-09,-0.0059384,-0.011783,-0.017443,-0.022827,-0.027853,-0.032439,-0.036514,-0.040013,-0.042881,-0.045072,-0.046553,-0.047299,-0.047299,-0.046553,-0.045075,-0.042887,-0.040024,-0.036533,-0.032467,-0.027891,-0.022875,-0.017496,-0.011835,-0.0059748
0.0067688,0.013408,0.019823,0.025919,0.031604,0.036792,0.041402,0.045362,0.048609,0.051093,0.052772,0.05362,0.053623,0.052779,0.051103,0.04862,0.045369,0.041402,0.036782,0.031582,0.025884,0.019778,0.013361,0.0067335,4.7273e-09,-0.0067335,-0.013361,-0.019778,-0.025884,-0.031582,-0.036782,-0.041402,-0.045369,-0.04862,-0.051103,-0.052779,-0.053623,-0.05362,-0.052772,-0.051093,-0.048609,-0.045362,-0.041402,-0.036792,-0.031604,-0.025919,-0.019823,-0.013408,-0.0067688
0.0076668,0.015187,0.022455,0.029362,0.035805,0.041686,0.046913,0.051404,0.055089,0.057908,0.059816,0.060782,0.060788,0.059835,0.057936,0.055123,0.051438,0.046941,0.041703,0.035808,0.029347,0.022425,0.015149,0.0076344,4.9995e-09,-0.0076344,-0.015149,-0.022425,-0.029347,-0.035808,-0.041703,-0.046941,-0.051438,-0.055123,-0.057936,-0.059835,-0.060788,-0.060782,-0.059816,-0.057908,-0.055089,-0.051404,-0.046913,-0.041686,-0.035805,-0.029362,-0.022455,-0.015187,-0.0076668
0.0086822,0.0172,0.025432,0.033257,0.040559,0.047224,0.053151,0.058246,0.062428,0.065629,0.067797,0.068896,0.068908,0.067831,0.065682,0.062494,0.058317,0.05322,0.047281,0.040597,0.033272,0.025424,0.017175,0.0086554,5.2679e-09,-0.0086554,-0.017175,-0.025424,-0.033272,-0.040597,-0.047281,-0.05322,-0.058317,-0.062494,-0.065682,-0.067831,-0.068908,-0.068896,-0.067797,-0.065629,-0.062428,-0.058246,-0.053151,-0.047224,-0.040559,-0.033257,-0.025432,-0.0172,-0.0086822
0.00983,0.019475,0.028798,0.037663,0.045937,0.053492,0.060213,0.065993,0.070739,0.074375,0.07684,0.078093,0.078112,0.076895,0.074462,0.07085,0.066116,0.060337,0.053604,0.046026,0.037721,0.028823,0.019471,0.0098125,5.5283e-09,-0.0098125,-0.019471,-0.028823,-0.037721,-0.046026,-0.053604,-0.060337,-0.066116,-0.07085,-0.074462,-0.076895,-0.078112,-0.078093,-0.07684,-0.074375,-0.070739,-0.065993,-0.060213,-0.053492,-0.045937,-0.037663,-0.028798,-0.019475,-0.00983
0.011127,0.022047,0.032604,0.042645,0.05202,0.060585,0.068207,0.074765,0.080154,0.084284,0.087088,0.088517,0.088546,0.087173,0.084417,0.080324,0.074958,0.068406,0.060773,0.05218,0.042764,0.032675,0.022073,0.011124,5.776e-09,-0.011124,-0.022073,-0.032675,-0.042764,-0.05218,-0.060773,-0.068406,-0.074958,-0.080324,-0.084417,-0.087173,-0.088546,-0.088517,-0.087088,-0.084284,-0.080154,-0.074765,-0.068207,-0.060585,-0.05202,-0.042645,-0.032604,-0.022047,-0.011127
0.012592,0.024952,0.036905,0.048277,0.058899,0.068609,0.077254,0.084697,0.090818,0.095513,0.098704,0.10034,0.10038,0.098827,0.095708,0.091069,0.084985,0.077556,0.0689,0.059156,0.04848,0.037042,0.025022,0.01261,6.0051e-09,-0.01261,-0.025022,-0.037042,-0.04848,-0.059156,-0.0689,-0.077556,-0.084985,-0.091069,-0.095708,-0.098827,-0.10038,-0.10034,-0.098704,-0.095513,-0.090818,-0.084697,-0.077254,-0.068609,-0.058899,-0.048277,-0.036905,-0.024952,-0.012592
0.014246,0.028232,0.041762,0.05464,0.066675,0.077683,0.087492,0.095943,0.1029,0.10824,0.11187,0.11374,0.1138,0.11205,0.10851,0.10326,0.096357,0.087931,0.078114,0.067064,0.054959,0.041991,0.028364,0.014294,6.2096e-09,-0.014294,-0.028364,-0.041991,-0.054959,-0.067064,-0.078114,-0.087931,-0.096357,-0.10326,-0.10851,-0.11205,-0.1138,-0.11374,-0.11187,-0.10824,-0.1029,-0.095943,-0.087492,-0.077683,-0.066675,-0.05464,-0.041762,-0.028232,-0.014246
0.016111,0.031932,0.047243,0.061825,0.075461,0.087943,0.099074,0.10867,0.11658,0.12266,0.1268,0.12894,0.12902,0.12704,0.12304,0.11708,0.10926,0.099697,0.088561,0.076029,0.062301,0.047598,0.032151,0.016202,6.3825e-09,-0.016201,-0.032151,-0.047598,-0.062301,-0.076029,-0.088561,-0.099697,-0.10926,-0.11708,-0.12304,-0.12704,-0.12902,-0.12894,-0.1268,-0.12266,-0.11658,-0.10867,-0.099074,-0.087943,-0.075461,-0.061825,-0.047243,-0.031932,-0.01611
0.018211,0.036101,0.053423,0.069931,0.085381,0.099537,0.11217,0.12308,0.13208,0.13901,0.14374,0.14618,0.14629,0.14406,0.13953,0.13277,0.12389,0.11304,0.1004,0.086189,0.070621,0.05395,0.036439,0.018362,6.517e-09,-0.018362,-0.036439,-0.05395,-0.070621,-0.086189,-0.1004,-0.11304,-0.12389,-0.13277,-0.13953,-0.14406,-0.14629,-0.14618,-0.14374,-0.13901,-0.13208,-0.12308,-0.11217,-0.099537,-0.085381,-0.069931,-0.053423,-0.036101,-0.018211
0.020573,0.040793,0.060383,0.079068,0.096574,0.11263,0.12698,0.13939,0.14964,0.15754,0.16295,0.16575,0.1659,0.16338,0.15824,0.15057,0.14048,0.12817,0.11383,0.097702,0.080046,0.061144,0.041295,0.020808,6.6061e-09,-0.020808,-0.041295,-0.061144,-0.080046,-0.097702,-0.11383,-0.12817,-0.14048,-0.15057,-0.15824,-0.16338,-0.1659,-0.16575,-0.16295,-0.15754,-0.14964,-0.13939,-0.12698,-0.11263,-0.096574,-0.079068,-0.060383,-0.040793,-0.020573
0.023226,0.046064,0.068209,0.089353,0.10919,0.12741,0.14372,0.15785,0.16953,0.17856,0.18474,0.18797,0.18817,0.18532,0.17949,0.17077,0.15931,0.14533,0.12905,0.11074,0.090718,0.069288,0.04679,0.023576,6.6438e-09,-0.023576,-0.04679,-0.069288,-0.090718,-0.11074,-0.12905,-0.14533,-0.15931,-0.17077,-0.17949,-0.18532,-0.18817,-0.18797,-0.18474,-0.17856,-0.16953,-0.15785,-0.14372,-0.12741,-0.10919,-0.089353,-0.068209,-0.046064,-0.023226
0.026197,0.051973,0.076991,0.10091,0.12339,0.14407,0.16263,0.17873,0.19207,0.2024,0.20949,0.21321,0.21347,0.21025,0.20362,0.1937,0.18068,0.16478,0.14629,0.12551,0.1028,0.0785,0.053005,0.026705,6.6249e-09,-0.026705,-0.053005,-0.0785,-0.1028,-0.12551,-0.14629,-0.16478,-0.18068,-0.1937,-0.20362,-0.21025,-0.21347,-0.21321,-0.20949,-0.2024,-0.19207,-0.17873,-0.16263,-0.14407,-0.12338,-0.10091,-0.076991,-0.051973,-0.026197
0.029515,0.058578,0.086822,0.11387,0.13934,0.16283,0.18396,0.20234,0.21761,0.22945,0.23761,0.2419,0.24223,0.23858,0.23103,0.21974,0.20491,0.18683,0.16581,0.14223,0.11646,0.088913,0.060027,0.03024,6.5462e-09,-0.03024,-0.060027,-0.088913,-0.11646,-0.14223,-0.16581,-0.18683,-0.20491,-0.21974,-0.23103,-0.23858,-0.24223,-0.2419,-0.23761,-0.22945,-0.21761,-0.20234,-0.18396,-0.16283,-0.13934,-0.11387,-0.086822,-0.058578,-0.029515
0.033206,0.065935,0.097791,0.12836,0.15722,0.18393,0.20802,0.22904,0.24655,0.26017,0.26958,0.27454,0.27496,0.27081,0.2622,0.2493,0.2324,0.21181,0.18792,0.16113,0.13189,0.10067,0.067953,0.034229,6.4071e-09,-0.034229,-0.067953,-0.10067,-0.13189,-0.16113,-0.18792,-0.21181,-0.2324,-0.2493,-0.2622,-0.27081,-0.27496,-0.27454,-0.26958,-0.26017,-0.24655,-0.22904,-0.20802,-0.18393,-0.15722,-0.12836,-0.097791,-0.065935,-0.033206
0.037293,0.074094,0.10998,0.14451,0.17722,0.20759,0.23511,0.25921,0.27937,0.29508,0.30596,0.31173,0.31224,0.30749,0.29763,0.28288,0.26357,0.2401,0.21291,0.18248,0.14931,0.11393,0.076887,0.038724,6.2105e-09,-0.038724,-0.076887,-0.11393,-0.14931,-0.18248,-0.21291,-0.2401,-0.26357,-0.28288,-0.29763,-0.30749,-0.31224,-0.31173,-0.30596,-0.29508,-0.27937,-0.25921,-0.23511,-0.20759,-0.17722,-0.14451,-0.10998,-0.074094,-0.037293
0.041791,0.083088,0.12345,0.16242,0.19948,0.23407,0.26556,0.2933,0.31659,0.33481,0.34745,0.35415,0.35476,0.34929,0.33794,0.32101,0.29891,0.27212,0.24116,0.20657,0.16895,0.12887,0.086942,0.04378,5.9633e-09,-0.04378,-0.086941,-0.12887,-0.16895,-0.20657,-0.24116,-0.27212,-0.29891,-0.32101,-0.33794,-0.34929,-0.35476,-0.35415,-0.34745,-0.33481,-0.31659,-0.29329,-0.26556,-0.23407,-0.19948,-0.16242,-0.12345,-0.083088,-0.041791
0.046704,0.09293,0.13824,0.18216,0.22415,0.26358,0.29973,0.33177,0.35884,0.38009,0.39484,0.40265,0.40334,0.39697,0.38382,0.36431,0.33895,0.30831,0.27302,0.23371,0.19104,0.14565,0.098235,0.049458,5.6773e-09,-0.049458,-0.098235,-0.14565,-0.19104,-0.23371,-0.27302,-0.30831,-0.33895,-0.36431,-0.38382,-0.39697,-0.40334,-0.40265,-0.39484,-0.38009,-0.35884,-0.33177,-0.29973,-0.26358,-0.22415,-0.18216,-0.13824,-0.09293,-0.046704
0.052016,0.1036,0.15432,0.20373,0.25128,0.2963,0.33794,0.37517,0.40684,0.43182,0.44915,0.45825,0.45895,0.45141,0.43605,0.41345,0.38425,0.34916,0.30891,0.26423,0.21584,0.16448,0.11089,0.055818,5.3694e-09,-0.055818,-0.11089,-0.16448,-0.21584,-0.26423,-0.30891,-0.34916,-0.38425,-0.41345,-0.43605,-0.45141,-0.45895,-0.45825,-0.44915,-0.43182,-0.40684,-0.37517,-0.33794,-0.2963,-0.25128,-0.20373,-0.15432,-0.1036,-0.052016
0.057682,0.11499,0.17156,0.22699,0.28078,0.33225,0.38042,0.42402,0.46146,0.49112,0.51163,0.52222,0.52277,0.51366,0.49552,0.46917,0.43544,0.39518,0.34925,0.29845,0.24361,0.18554,0.12504,0.062926,5.0612e-09,-0.062926,-0.12504,-0.18554,-0.24361,-0.29845,-0.34925,-0.39518,-0.43544,-0.46917,-0.49552,-0.51366,-0.52277,-0.52222,-0.51163,-0.49112,-0.46146,-0.42402,-0.38042,-0.33225,-0.28078,-0.22699,-0.17156,-0.11499,-0.057681
0.06359,0.1269,0.18963,0.25152,0.31222,0.37112,0.42716,0.47873,0.52365,0.55943,0.58392,0.59615,0.59622,0.58489,0.5632,0.53226,0.49315,0.44689,0.39444,0.33673,0.27463,0.20903,0.14081,0.070845,4.7785e-09,-0.070845,-0.14081,-0.20903,-0.27463,-0.33673,-0.39444,-0.44689,-0.49315,-0.53226,-0.5632,-0.58489,-0.59622,-0.59615,-0.58392,-0.55943,-0.52365,-0.47873,-0.42716,-0.37112,-0.31222,-0.25152,-0.18963,-0.1269,-0.06359
0.069485,0.13877,0.20769,0.27625,0.3444,0.41177,0.47735,0.53923,0.5943,0.63853,0.66816,0.68206,0.68098,0.66643,0.64009,0.6035,0.558,0.50478,0.44491,0.37938,0.30915,0.23516,0.15834,0.079643,4.549e-09,-0.079643,-0.15834,-0.23516,-0.30915,-0.37938,-0.44491,-0.50478,-0.558,-0.6035,-0.64009,-0.66643,-0.68098,-0.68206,-0.66816,-0.63853,-0.5943,-0.53923,-0.47735,-0.41177,-0.3444,-0.27625,-0.20769,-0.13877,-0.069485
0.074796,0.14944,0.22391,0.2987,0.37438,0.45108,0.52818,0.60366,0.67336,0.7304,0.76693,0.78228,0.77885,0.75961,0.72717,0.68361,0.63056,0.56933,0.50105,0.42675,0.34744,0.26411,0.17776,0.089386,4.4005e-09,-0.089386,-0.17776,-0.26411,-0.34744,-0.42675,-0.50105,-0.56933,-0.63056,-0.68361,-0.72717,-0.75961,-0.77885,-0.78228,-0.76693,-0.7304,-0.67336,-0.60366,-0.52818,-0.45108,-0.37438,-0.2987,-0.22391,-0.14944,-0.074796
0.07832,0.15648,0.23446,0.31374,0.39585,0.48184,0.57206,0.66536,0.75715,0.83606,0.88221,0.89855,0.89117,0.86538,0.82512,0.77313,0.71127,0.64092,0.5632,0.47914,0.38977,0.29611,0.19922,0.10015,4.3548e-09,-0.10015,-0.19922,-0.29611,-0.38977,-0.47914,-0.5632,-0.64092,-0.71127,-0.77313,-0.82512,-0.86538,-0.89117,-0.89855,-0.88221,-0.83606,-0.75715,-0.66536,-0.57206,-0.48184,-0.39585,-0.31374,-0.23446,-0.15648,-0.078319
0.077752,0.15539,0.23236,0.31198,0.39704,0.48969,0.59209,0.70611,0.83041,0.95087,1.0095,1.0276,1.0163,0.98311,0.93379,0.87212,0.80032,0.71982,0.63166,0.53684,0.43637,0.33132,0.2228,0.11198,4.4326e-09,-0.11198,-0.2228,-0.33132,-0.43637,-0.53684,-0.63166,-0.71982,-0.80032,-0.87212,-0.93379,-0.98311,-1.0163,-1.0276,-1.0095,-0.95087,-0.83041,-0.70611,-0.59209,-0.48969,-0.39704,-0.31198,-0.23236,-0.15539,-0.077752
0.069047,0.13879,0.20638,0.27881,0.35935,0.45061,0.55674,0.68531,0.84699,1.0451,1.1119,1.1442,1.1408,1.1068,1.051,0.98,0.89778,0.80631,0.7068,0.60022,0.48763,0.37012,0.24886,0.12507,4.6212e-09,-0.12507,-0.24886,-0.37012,-0.48763,-0.60022,-0.7068,-0.80631,-0.89778,-0.98,-1.051,-1.1068,-1.1408,-1.1442,-1.1119,-1.0451,-0.84699,-0.68531,-0.55674,-0.45061,-0.35935,-0.27881,-0.20638,-0.13879,-0.069046
0.045685,0.094976,0.14137,0.19594,0.25914,0.33219,0.41913,0.53061,0.69246,0.97851,1.0422,1.1572,1.2135,1.2107,1.1653,1.0924,1.0023,0.90021,0.78881,0.66952,0.54358,0.41228,0.27702,0.13915,4.9515e-09,-0.13915,-0.27702,-0.41228,-0.54358,-0.66952,-0.78881,-0.90021,-1.0023,-1.0924,-1.1653,-1.2107,-1.2135,-1.1572,-1.0422,-0.97851,-0.69246,-0.53061,-0.41913,-0.33219,-0.25914,-0.19594,-0.14137,-0.094976,-0.045686
-0.00028066,0.00039064,0.023137,0.048304,0.074727,0.10292,0.13168,0.157,0.15949,0.13318,0.60454,0.95433,1.1561,1.2472,1.2529,1.2001,1.1113,1.0013,0.87817,0.74556,0.60555,0.45958,0.30898,0.15526,5.2988e-09,-0.15526,-0.30898,-0.45958,-0.60555,-0.74556,-0.87817,-1.0013,-1.1113,-1.2001,-1.2529,-1.2472,-1.1561,-0.95433,-0.60454,-0.13318,-0.15949,-0.157,-0.13168,-0.10292,-0.074727,-0.048305,-0.023138,-0.00039309,0.00027957
0.00035223,-0.00011183,-0.023213,-0.048278,-0.074724,-0.10291,-0.13164,-0.157,-0.15905,-0.13406,0.05113,0.36383,0.83881,1.1267,1.2602,1.2763,1.2144,1.1071,0.9748,0.8279,0.67139,0.50838,0.34116,0.17127,5.8352e-09,-0.17127,-0.34116,-0.50838,-0.67139,-0.8279,-0.9748,-1.1071,-1.2144,-1.2763,-1.2602,-1.1267,-0.83881,-0.36383,-0.05113,0.13406,0.15905,0.157,0.13164,0.10291,0.074724,0.048279,0.023215,0.00011407,-0.0003512
6.6348e-05,-7.8719e-05,-0.018453,-0.053334,-0.096034,-0.14021,-0.17974,-0.20793,-0.21821,-0.21165,-0.20895,0.022893,0.31521,0.83528,1.1593,1.2974,1.2972,1.2111,1.0775,0.91967,0.74872,0.56886,0.38243,0.19203,6.1115e-09,-0.19203,-0.38243,-0.56886,-0.74872,-0.91967,-1.0775,-1.2111,-1.2972,-1.2974,-1.1593,-0.83528,-0.31521,-0.022893,0.20895,0.21165,0.21821,0.20793,0.17974,0.14022,0.096035,0.053335,0.018454,7.795e-05,-6.6714e-05
-0.00016448,-0.00063547,-0.022827,-0.06286,-0.11285,-0.16527,-0.21364,-0.25313,-0.28204,-0.30374,-0.32705,-0.32443,-0.01801,0.33319,0.92134,1.2503,1.3522,1.3089,1.1828,1.0122,0.81993,0.61901,0.41485,0.20832,6.7792e-09,-0.20832,-0.41485,-0.61901,-0.81993,-1.0122,-1.1828,-1.3089,-1.3522,-1.2503,-0.92134,-0.33319,0.01801,0.32443,0.32705,0.30374,0.28204,0.25313,0.21364,0.16527,0.11285,0.062861,0.022828,0.00063574,0.0001646
-0.00017251,-0.00063944,-0.026305,-0.069592,-0.12321,-0.18052,-0.23626,-0.28729,-0.33303,-0.37466,-0.41113,-0.42667,-0.43039,-0.0488,0.36654,1.0466,1.3479,1.3903,1.2926,1.1268,0.92624,0.70495,0.47233,0.23616,6.7437e-09,-0.23616,-0.47233,-0.70495,-0.92624,-1.1268,-1.2926,-1.3903,-1.3479,-1.0466,-0.36654,0.0488,0.43039,0.42667,0.41113,0.37466,0.33303,0.28729,0.23626,0.18052,0.12321,0.069593,0.026306,0.00063937,0.00017247
-0.00011289,-0.00050251,-0.027253,-0.071218,-0.12556,-0.18474,-0.24473,-0.3033,-0.35982,-0.41399,-0.46347,-0.502,-0.52875,-0.53064,-0.036007,0.47362,1.1934,1.4272,1.3834,1.2062,0.97799,0.73841,0.49644,0.25015,7.4238e-09,-0.25015,-0.49644,-0.73841,-0.97799,-1.2062,-1.3834,-1.4272,-1.1934,-0.47362,0.036007,0.53064,0.52875,0.502,0.46347,0.41399,0.35982,0.3033,0.24473,0.18474,0.12556,0.071218,0.027253,0.00050253,0.0001129
-0.00015162,-0.00058151,-0.025763,-0.067309,-0.11913,-0.17662,-0.2366,-0.29731,-0.35807,-0.41838,-0.477,-0.53208,-0.58359,-0.62884,-0.65283,0.026818,0.67978,1.346,1.4828,1.3745,1.149,0.86955,0.57518,0.28477,7.187e-09,-0.28477,-0.57518,-0.86955,-1.149,-1.3745,-1.4828,-1.346,-0.67978,-0.026818,0.65283,0.62884,0.58359,0.53208,0.477,0.41838,0.35807,0.29731,0.2366,0.17662,0.11913,0.06731,0.025763,0.0005815,0.00015162
-0.00013682,-0.0005413,-0.022048,-0.058227,-0.10421,-0.15624,-0.21173,-0.26918,-0.32794,-0.38752,-0.44687,-0.50348,-0.55202,-0.58192,-0.58561,-0.62763,0.16332,1.0366,1.3904,1.3321,1.1168,0.85901,0.58388,0.29535,7.735e-09,-0.29535,-0.58388,-0.85901,-1.1168,-1.3321,-1.3904,-1.0366,-0.16332,0.62763,0.58561,0.58192,0.55202,0.50348,0.44687,0.38752,0.32794,0.26918,0.21173,0.15624,0.10421,0.058227,0.022049,0.00054129,0.00013682
-0.0001299,-0.00051231,-0.016669,-0.044981,-0.082158,-0.12535,-0.17243,-0.22219,-0.27426,-0.32888,-0.38662,-0.44783,-0.51126,-0.57062,-0.60827,-0.58394,-0.41345,0.38459,1.5649,1.6421,1.3907,1.0325,0.66935,0.3279,7.9209e-09,-0.3279,-0.66935,-1.0325,-1.3907,-1.6421,-1.5649,-0.38459,0.41345,0.58394,0.60828,0.57062,0.51126,0.44783,0.38662,0.32888,0.27426,0.22219,0.17243,0.12535,0.082159,0.044982,0.016669,0.0005123,0.0001299
-0.00011977,-0.00047125,-0.010286,-0.029031,-0.055217,-0.086973,-0.12267,-0.16132,-0.2028,-0.24794,-0.29868,-0.35842,-0.4328,-0.53076,-0.66476,-0.8382,-0.95228,-0.093838,0.68097,1.2305,1.193,0.96416,0.66168,0.33331,8.6194e-09,-0.33331,-0.66168,-0.96416,-1.193,-1.2305,-0.68097,0.093838,0.95228,0.8382,0.66476,0.53076,0.4328,0.35842,0.29868,0.24794,0.2028,0.16132,0.12267,0.086973,0.055217,0.029032,0.010286,0.00047123,0.00011976
-0.000105,-0.00041596,-0.003619,-0.012063,-0.026091,-0.044899,-0.067384,-0.09274,-0.1208,-0.15217,-0.1882,-0.23082,-0.28176,-0.3404,-0.39807,-0.42855,-0.40267,-0.5997,0.30595,1.6646,1.5105,1.104,0.70929,0.34702,9.7444e-09,-0.34702,-0.70929,-1.104,-1.5105,-1.6646,-0.30595,0.5997,0.40267,0.42855,0.39807,0.3404,0.28176,0.23082,0.1882,0.15217,0.1208,0.092741,0.067384,0.0449,0.026091,0.012063,0.0036191,0.00041594,0.00010499
-8.8922e-05,-0.00035481,0.0026545,0.0042659,0.0024555,-0.003084,-0.01187,-0.023342,-0.037293,-0.054061,-0.074594,-0.10055,-0.13473,-0.18261,-0.25664,-0.38597,-0.62315,-0.9293,-0.094673,0.64072,1.0631,0.9642,0.67115,0.33698,1.0766e-08,-0.33698,-0.67115,-0.9642,-1.0631,-0.64072,0.094673,0.9293,0.62315,0.38597,0.25664,0.18261,0.13473,0.10055,0.074595,0.054062,0.037293,0.023342,0.01187,0.0030844,-0.0024552,-0.0042658,-0.0026544,0.00035478,8.8916e-05
-7.2661e-05,-0.00029196,0.0080034,0.018574,0.028021,0.03496,0.03915,0.040761,0.039884,0.036275,0.029245,0.017594,-0.00037488,-0.026219,-0.058035,-0.079691,-0.041683,0.09643,-0.33734,0.40984,0.94856,0.89749,0.63646,0.32176,1.1026e-08,-0.32176,-0.63646,-0.89749,-0.94856,-0.40984,0.33734,-0.096429,0.041683,0.079692,0.058035,0.026219,0.00037532,-0.017593,-0.029244,-0.036275,-0.039883,-0.04076,-0.03915,-0.03496,-0.028021,-0.018574,-0.0080034,0.00029193,7.2654e-05
-5.6941e-05,-0.00023047,0.0121,0.029924,0.048877,0.066624,0.082153,0.095113,0.10531,0.11242,0.11578,0.11427,0.10586,0.086622,0.047789,-0.031267,-0.19379,-0.48598,-0.70344,0.24983,0.74797,0.78163,0.57939,0.29783,7.3442e-09,-0.29783,-0.57939,-0.78163,-0.74797,-0.24983,0.70344,0.48598,0.19379,0.031268,-0.047789,-0.086621,-0.10586,-0.11427,-0.11578,-0.11242,-0.10531,-0.095112,-0.082153,-0.066624,-0.048877,-0.029924,-0.0121,0.00023044,5.6933e-05
-4.1777e-05,-0.00017088,0.014831,0.037883,0.064098,0.090407,0.11507,0.13715,0.15609,0.17137,0.18241,0.18836,0.18792,0.17871,0.15569,0.10791,0.0127,-0.16425,-0.38013,0.019839,0.72457,0.7254,0.52781,0.27036,-1.9609e-09,-0.27036,-0.52781,-0.7254,-0.72457,-0.019839,0.38013,0.16425,-0.0127,-0.10791,-0.15569,-0.17871,-0.18792,-0.18836,-0.18241,-0.17137,-0.15609,-0.13715,-0.11507,-0.090407,-0.064098,-0.037883,-0.014831,0.00017084,4.1768e-05
-2.8192e-05,-0.00011644,0.016262,0.042479,0.073537,0.1059,0.13722,0.16602,0.19132,0.21243,0.2288,0.24002,0.24586,0.24647,0.24274,0.23751,0.2381,0.25693,0.27652,-0.0083282,0.52432,0.59591,0.44878,0.23241,-1.4844e-08,-0.23241,-0.44878,-0.59591,-0.52432,0.0083282,-0.27652,-0.25693,-0.2381,-0.23751,-0.24274,-0.24647,-0.24586,-0.24002,-0.2288,-0.21243,-0.19132,-0.16602,-0.13722,-0.1059,-0.073537,-0.042479,-0.016262,0.0001164,2.8182e-05
-1.5522e-05,-6.57e-05,0.016585,0.044089,0.077665,0.11358,0.14908,0.18221,0.21164,0.23642,0.25599,0.27018,0.27928,0.28433,0.28736,0.29171,0.30153,0.31644,0.30083,-0.0011788,0.24717,0.40128,0.33879,0.18301,-2.3516e-08,-0.18301,-0.33879,-0.40128,-0.24717,0.0011788,-0.30083,-0.31644,-0.30153,-0.29171,-0.28736,-0.28433,-0.27928,-0.27017,-0.25599,-0.23642,-0.21163,-0.18221,-0.14908,-0.11358,-0.077665,-0.044089,-0.016585,6.5656e-05,1.5511e-05
-4.1161e-06,-1.9487e-05,0.016052,0.043295,0.077368,0.11458,0.15196,0.18723,0.21873,0.24528,0.26622,0.28132,0.29091,0.29578,0.2969,0.29437,0.28457,0.25421,0.17163,-0.0062723,0.083407,0.2357,0.23046,0.13191,-2.2615e-08,-0.13191,-0.23046,-0.2357,-0.083407,0.0062723,-0.17163,-0.25421,-0.28457,-0.29437,-0.2969,-0.29578,-0.29091,-0.28132,-0.26622,-0.24528,-0.21873,-0.18723,-0.15196,-0.11458,-0.077368,-0.043295,-0.016052,1.9438e-05,4.104e-06
6.5566e-06,2.3526e-05,0.014928,0.040756,0.073725,0.11037,0.14768,0.1832,0.21502,0.24177,0.2626,0.27716,0.28559,0.28835,0.28568,0.27638,0.2553,0.21029,0.12334,-0.0090471,-0.018436,0.11017,0.13867,0.086205,-1.0647e-08,-0.086205,-0.13867,-0.11017,0.018436,0.0090471,-0.12334,-0.21029,-0.2553,-0.27638,-0.28568,-0.28835,-0.28559,-0.27716,-0.2626,-0.24177,-0.21502,-0.1832,-0.14768,-0.11037,-0.073726,-0.040756,-0.014928,-2.3579e-05,-6.5699e-06
1.6282e-05,6.3021e-05,0.013455,0.037107,0.067835,0.10251,0.13824,0.17251,0.20328,0.22902,0.2487,0.26183,0.2684,0.26879,0.26334,0.25147,0.22958,0.18775,0.10864,-0.014638,-0.086245,0.01526,0.064437,0.047932,1.1581e-08,-0.047932,-0.064437,-0.01526,0.086245,0.014638,-0.10864,-0.18775,-0.22958,-0.25147,-0.26334,-0.26879,-0.2684,-0.26183,-0.2487,-0.22902,-0.20328,-0.17251,-0.13824,-0.10251,-0.067835,-0.037107,-0.013455,-6.3079e-05,-1.6296e-05
2.5474e-05,0.00010014,0.011831,0.032895,0.060687,0.09247,0.12556,0.15753,0.18628,0.21017,0.22806,0.23929,0.24376,0.24187,0.2345,0.22255,0.20536,0.17605,0.11204,-0.024739,-0.14025,-0.056887,0.0060856,0.017144,4.2759e-08,-0.017144,-0.0060856,0.056887,0.14025,0.024739,-0.11204,-0.17605,-0.20536,-0.22254,-0.2345,-0.24187,-0.24376,-0.23929,-0.22806,-0.21017,-0.18628,-0.15753,-0.12556,-0.09247,-0.060687,-0.032895,-0.011831,-0.0001002,-2.5489e-05
3.414e-05,0.00013508,0.010205,0.028551,0.053092,0.081495,0.11135,0.14038,0.16653,0.18814,0.20393,0.21313,0.21543,0.21116,0.20143,0.18846,0.17513,0.16016,0.11766,-0.040992,-0.19276,-0.11677,-0.040334,-0.0072139,8.1167e-08,0.0072141,0.040334,0.11677,0.19276,0.040992,-0.11766,-0.16016,-0.17513,-0.18846,-0.20143,-0.21116,-0.21543,-0.21313,-0.20393,-0.18814,-0.16653,-0.14038,-0.11136,-0.081495,-0.053093,-0.028551,-0.010205,-0.00013515,-3.4157e-05
4.2148e-05,0.00016767,0.0086805,0.02439,0.045664,0.070556,0.096965,0.12281,0.14616,0.16537,0.17912,0.18648,0.18688,0.1802,0.16706,0.14963,0.13337,0.12792,0.12812,-0.069744,-0.20317,-0.15084,-0.072543,-0.02505,1.2514e-07,0.025051,0.072543,0.15084,0.20317,0.069744,-0.12812,-0.12792,-0.13337,-0.14963,-0.16706,-0.1802,-0.18688,-0.18648,-0.17912,-0.16537,-0.14616,-0.12281,-0.096965,-0.070557,-0.045664,-0.02439,-0.0086806,-0.00016774,-4.2166e-05
5.0215e-05,0.00019983,0.0073236,0.020616,0.038821,0.060342,0.083382,0.1061,0.12674,0.14375,0.15583,0.16195,0.16129,0.15317,0.13701,0.11273,0.082886,0.060114,0.095484,-0.089403,-0.24777,-0.18275,-0.096326,-0.037835,1.7264e-07,0.037835,0.096326,0.18275,0.24777,0.089403,-0.095484,-0.060114,-0.082886,-0.11273,-0.13701,-0.15317,-0.16129,-0.16195,-0.15583,-0.14375,-0.12674,-0.1061,-0.083382,-0.060342,-0.038822,-0.020617,-0.0073237,-0.00019991,-5.0234e-05
5.7424e-05,0.00022928,0.0061663,0.017346,0.032812,0.051277,0.071234,0.091098,0.10932,0.12451,0.13546,0.14122,0.14095,0.13383,0.1187,0.093957,0.059132,0.023113,0.017524,-0.032695,-0.21015,-0.1852,-0.10756,-0.045437,2.2248e-07,0.045437,0.10756,0.1852,0.21015,0.032695,-0.017524,-0.023113,-0.059132,-0.093958,-0.1187,-0.13383,-0.14095,-0.14122,-0.13546,-0.12451,-0.10932,-0.091098,-0.071235,-0.051277,-0.032813,-0.017346,-0.0061664,-0.00022936,-5.7445e-05
6.4807e-05,0.00025879,0.0052189,0.014621,0.027747,0.043566,0.060839,0.078229,0.094415,0.10819,0.11855,0.12471,0.12613,0.12244,0.1131,0.096513,0.068357,0.025268,0.029718,-0.086656,-0.20415,-0.18663,-0.11426,-0.05031,2.7426e-07,0.050311,0.11426,0.18663,0.20415,0.086656,-0.029718,-0.025268,-0.068357,-0.096514,-0.1131,-0.12244,-0.12613,-0.12471,-0.11855,-0.10819,-0.094416,-0.078229,-0.060839,-0.043567,-0.027747,-0.014622,-0.0052191,-0.00025888,-6.4828e-05
7.1863e-05,0.00028718,0.0044727,0.012434,0.023629,0.037241,0.052261,0.067582,0.082098,0.094799,0.10485,0.11168,0.11506,0.11532,0.1136,0.11202,0.11191,0.10247,0.0087304,-0.1057,-0.20117,-0.18789,-0.11938,-0.054058,3.2898e-07,0.054058,0.11939,0.18789,0.20117,0.1057,-0.0087304,-0.10247,-0.11191,-0.11202,-0.1136,-0.11532,-0.11506,-0.11168,-0.10485,-0.0948,-0.082099,-0.067582,-0.052261,-0.037241,-0.023629,-0.012434,-0.0044729,-0.00028727,-7.1885e-05
7.8572e-05,0.00031442,0.0039074,0.010735,0.020385,0.032209,0.045387,0.059012,0.072163,0.083989,0.093773,0.101,0.10542,0.10724,0.10753,0.10888,0.11386,0.1074,-0.010833,-0.11889,-0.20303,-0.19137,-0.12477,-0.057615,3.8874e-07,0.057616,0.12477,0.19137,0.20303,0.11889,0.010833,-0.1074,-0.11386,-0.10888,-0.10753,-0.10724,-0.10542,-0.101,-0.093774,-0.083989,-0.072163,-0.059012,-0.045387,-0.032209,-0.020386,-0.010735,-0.0039075,-0.00031452,-7.8596e-05
8.5723e-05,0.00034266,0.0034962,0.0094572,0.017899,0.028301,0.039996,0.052237,0.064256,0.075323,0.084785,0.092068,0.096624,0.097793,0.094775,0.08767,0.082435,0.093327,-0.039297,-0.14662,-0.21183,-0.19746,-0.13081,-0.061225,4.5535e-07,0.061226,0.13081,0.19746,0.21183,0.14662,0.039297,-0.093327,-0.082436,-0.08767,-0.094775,-0.097793,-0.096624,-0.092069,-0.084785,-0.075324,-0.064257,-0.052238,-0.039996,-0.028301,-0.017899,-0.0094574,-0.0034963,-0.00034276,-8.5747e-05
9.2023e-05,0.00036837,0.0032072,0.0085184,0.016029,0.025309,0.03581,0.046911,0.057965,0.068342,0.077457,0.084748,0.089558,0.090735,0.085555,0.067782,0.031325,0.045813,-0.052143,-0.22052,-0.24012,-0.20775,-0.13704,-0.064549,5.281e-07,0.06455,0.13704,0.20775,0.24012,0.22052,0.052143,-0.045813,-0.031325,-0.067782,-0.085555,-0.090735,-0.089559,-0.084748,-0.077457,-0.068343,-0.057965,-0.046912,-0.035811,-0.025309,-0.016029,-0.0085186,-0.0032073,-0.00036848,-9.2049e-05
9.8785e-05,0.00039515,0.0030109,0.0078371,0.014628,0.023016,0.032539,0.042669,0.052851,0.062538,0.071222,0.078474,0.084008,0.087859,0.090742,0.09411,0.093289,0.0088728,-0.034406,-0.19559,-0.23839,-0.20906,-0.13973,-0.066519,6.0533e-07,0.06652,0.13973,0.20906,0.23839,0.19559,0.034406,-0.0088729,-0.093289,-0.09411,-0.090742,-0.087859,-0.084009,-0.078474,-0.071223,-0.062538,-0.052851,-0.042669,-0.032539,-0.023017,-0.014628,-0.0078374,-0.0030111,-0.00039526,-9.8812e-05
0.00010523,0.00042093,0.0028781,0.0073364,0.013559,0.021217,0.029906,0.039165,0.0485,0.057405,0.065385,0.07198,0.076821,0.079769,0.081034,0.080033,0.067013,4.0966e-05,-0.045364,-0.17445,-0.22752,-0.2046,-0.1392,-0.067077,6.8547e-07,0.067078,0.1392,0.2046,0.22752,0.17445,0.045364,-4.0973e-05,-0.067013,-0.080033,-0.081034,-0.07977,-0.076821,-0.07198,-0.065386,-0.057405,-0.0485,-0.039166,-0.029907,-0.021218,-0.013559,-0.0073367,-0.0028783,-0.00042104,-0.00010525
0.00011135,0.00044564,0.0027841,0.006949,0.0127,0.019732,0.027675,0.036114,0.04459,0.052611,0.059642,0.065063,0.068082,0.067609,0.062355,0.052425,0.042625,-0.016069,-0.051048,-0.15982,-0.2157,-0.19823,-0.13702,-0.066732,7.6758e-07,0.066734,0.13702,0.19823,0.2157,0.15982,0.051048,0.016069,-0.042626,-0.052425,-0.062356,-0.067609,-0.068082,-0.065063,-0.059643,-0.052612,-0.044591,-0.036115,-0.027676,-0.019732,-0.012701,-0.0069493,-0.0027843,-0.00044575,-0.00011137
0.0001179,0.00047136,0.0027093,0.0066202,0.011954,0.018413,0.025655,0.033291,0.040891,0.047981,0.05402,0.058341,0.059994,0.057314,0.047015,0.024859,0.015473,-0.023613,-0.11859,-0.17788,-0.21292,-0.19332,-0.13447,-0.065957,8.5078e-07,0.065959,0.13448,0.19332,0.21292,0.17788,0.11859,0.023613,-0.015473,-0.024859,-0.047015,-0.057315,-0.059994,-0.058342,-0.05402,-0.047981,-0.040892,-0.033291,-0.025656,-0.018414,-0.011954,-0.0066205,-0.0027095,-0.00047148,-0.00011793
0.00012344,0.00049394,0.0026369,0.0063077,0.011244,0.017151,0.023699,0.030523,0.037217,0.043338,0.048397,0.051878,0.053347,0.052834,0.051577,0.04937,-0.0013032,-0.010318,-0.10934,-0.17679,-0.20715,-0.18751,-0.13126,-0.064786,9.3406e-07,0.064788,0.13126,0.18751,0.20715,0.17679,0.10934,0.010318,0.0013031,-0.04937,-0.051578,-0.052835,-0.053347,-0.051879,-0.048398,-0.043339,-0.037218,-0.030523,-0.0237,-0.017151,-0.011244,-0.006308,-0.0026372,-0.00049407,-0.00012347
0.00012937,0.00051737,0.0025581,0.0059833,0.010518,0.015866,0.021706,0.027686,0.03342,0.038481,0.042381,0.044539,0.044204,0.040263,0.030761,0.013573,-0.0040462,-0.0065629,-0.093788,-0.16655,-0.19789,-0.18026,-0.12723,-0.063217,1.0164e-06,0.063219,0.12724,0.18026,0.19789,0.16655,0.093789,0.0065631,0.0040463,-0.013573,-0.030761,-0.040263,-0.044204,-0.04454,-0.042382,-0.038481,-0.033421,-0.027687,-0.021707,-0.015866,-0.010518,-0.0059836,-0.0025584,-0.0005175,-0.0001294
0.00013484,0.0005393,0.0024663,0.0056304,0.0097463,0.014516,0.01962,0.024717,0.029435,0.033368,0.036045,0.03688,0.035078,0.029554,0.018897,0.0019874,-0.0075791,-0.019701,-0.089777,-0.15712,-0.18789,-0.17233,-0.12267,-0.061349,1.0971e-06,0.061351,0.12267,0.17233,0.18789,0.15712,0.089777,0.019701,0.0075791,-0.0019875,-0.018897,-0.029554,-0.035078,-0.03688,-0.036045,-0.033368,-0.029436,-0.024718,-0.019621,-0.014516,-0.0097466,-0.0056307,-0.0024665,-0.00053944,-0.00013488
0.0001399,0.0005598,0.0023595,0.0052435,0.0089198,0.013088,0.01743,0.021609,0.025266,0.02802,0.02946,0.029089,0.026247,0.020363,0.01238,-0.0060692,0.0063727,-0.033752,-0.092419,-0.15047,-0.17848,-0.16435,-0.11786,-0.059306,1.1753e-06,0.059309,0.11786,0.16435,0.17849,0.15047,0.092419,0.033752,-0.0063726,0.0060692,-0.01238,-0.020363,-0.026248,-0.029089,-0.02946,-0.028021,-0.025266,-0.021609,-0.01743,-0.013088,-0.0089202,-0.0052438,-0.0023597,-0.00055994,-0.00013994
0.00014527,0.00058094,0.0022395,0.0048251,0.0080438,0.011595,0.015162,0.018407,0.020973,0.022495,0.022629,0.020995,0.016693,0.0066929,-0.011291,-0.0014029,0.021423,-0.024997,-0.087386,-0.14263,-0.16908,-0.15638,-0.11295,-0.057173,1.2505e-06,0.057176,0.11295,0.15639,0.16908,0.14263,0.087386,0.024998,-0.021423,0.0014029,0.011291,-0.0066931,-0.016693,-0.020995,-0.022629,-0.022496,-0.020973,-0.018407,-0.015162,-0.011595,-0.0080442,-0.0048254,-0.0022397,-0.00058108,-0.0001453
0.00014961,0.0005988,0.0021072,0.0043811,0.0071313,0.010064,0.012868,0.015205,0.016699,0.016958,0.015688,0.01307,0.01059,0.010261,-0.012324,0.0062906,0.025782,-0.01866,-0.080623,-0.13409,-0.15969,-0.14853,-0.10805,-0.055011,1.3221e-06,0.055014,0.10806,0.14853,0.1597,0.13409,0.080624,0.01866,-0.025782,-0.0062906,0.012324,-0.010261,-0.01059,-0.01307,-0.015688,-0.016958,-0.016699,-0.015205,-0.012868,-0.010064,-0.0071317,-0.0043814,-0.0021074,-0.00059894,-0.00014965
0.00015422,0.00061727,0.0019661,0.0039171,0.0061928,0.0085174,0.010602,0.012122,0.012677,0.011737,0.0085388,0.0019072,-0.0096308,-0.023843,-0.0048408,0.017764,0.020153,-0.01845,-0.075639,-0.1261,-0.15072,-0.14097,-0.10327,-0.052877,1.3899e-06,0.052879,0.10327,0.14097,0.15072,0.1261,0.07564,0.018451,-0.020153,-0.017764,0.0048408,0.023843,0.0096307,-0.0019075,-0.0085391,-0.011738,-0.012677,-0.012122,-0.010603,-0.0085177,-0.0061932,-0.0039174,-0.0019664,-0.00061742,-0.00015425
0.0001584,0.00063447,0.0018169,0.0034335,0.0052258,0.0069509,0.00837,0.0092223,0.009192,0.0078793,0.0047845,-0.00070692,-0.0093092,-0.019027,0.0042238,0.073442,0.044362,-0.0089053,-0.068614,-0.11807,-0.14219,-0.13379,-0.098694,-0.050813,1.4535e-06,0.050816,0.098696,0.13379,0.14219,0.11808,0.068615,0.008906,-0.044362,-0.073442,-0.0042238,0.019026,0.0093091,0.00070671,-0.0047848,-0.0078796,-0.0091923,-0.0092226,-0.0083704,-0.0069513,-0.0052261,-0.0034338,-0.0018171,-0.00063463,-0.00015844
0.00016308,0.0006525,0.0016612,0.0029279,0.0042135,0.0053182,0.0060734,0.0063122,0.0058406,0.0044526,0.0021076,-0.00042403,-0.00063834,-0.011968,0.020885,0.047307,0.035176,-0.0090916,-0.064294,-0.11114,-0.1344,-0.12713,-0.094388,-0.048856,1.5129e-06,0.048859,0.094391,0.12713,0.1344,0.11114,0.064296,0.0090924,-0.035175,-0.047307,-0.020885,0.011968,0.0006381,0.0004238,-0.0021078,-0.0044529,-0.0058409,-0.0063125,-0.0060737,-0.0053186,-0.0042138,-0.0029282,-0.0016615,-0.00065266,-0.00016312
0.00016687,0.00066875,0.0015035,0.002404,0.0031419,0.0035654,0.0035855,0.0031253,0.0020383,-3.3518e-05,-0.0040743,-0.013188,-0.031845,0.0028525,0.05952,0.061251,0.036525,-0.0083899,-0.0608,-0.10508,-0.12736,-0.12102,-0.090385,-0.047021,1.5681e-06,0.047024,0.090387,0.12102,0.12736,0.10509,0.060802,0.0083908,-0.036525,-0.06125,-0.05952,-0.0028525,0.031845,0.013188,0.0040741,3.3288e-05,-0.0020385,-0.0031256,-0.0035858,-0.0035657,-0.0031422,-0.0024043,-0.0015037,-0.00066891,-0.00016691
0.00016854,0.00068023,0.0013593,0.0018834,0.0020211,0.0016764,0.00085879,-0.0003871,-0.0020642,-0.0041638,-0.0057426,-0.0030413,-0.017962,0.022629,0.071013,0.068708,0.038956,-0.0069032,-0.057505,-0.099631,-0.12098,-0.11541,-0.086677,-0.04531,1.6192e-06,0.045313,0.08668,0.11541,0.12098,0.099632,0.057507,0.0069041,-0.038955,-0.068707,-0.071013,-0.022629,0.017962,0.0030411,0.0057425,0.0041637,0.002064,0.00038686,-0.00085905,-0.0016766,-0.0020213,-0.0018836,-0.0013596,-0.00068039,-0.00016858
0.00018571,0.00072543,0.0012651,0.0014062,0.0008849,-0.00032353,-0.0020909,-0.0042561,-0.0069128,-0.011383,-0.022267,-0.041059,0.0019214,0.045264,0.076607,0.071134,0.039944,-0.0056233,-0.054487,-0.094686,-0.11517,-0.11027,-0.083242,-0.043714,1.6661e-06,0.043717,0.083245,0.11027,0.11517,0.094687,0.054488,0.0056243,-0.039944,-0.071133,-0.076607,-0.045264,-0.0019214,0.041059,0.022267,0.011383,0.0069127,0.0042559,0.0020907,0.00032332,-0.00088512,-0.0014065,-0.0012653,-0.0007256,-0.00018575
0.00015878,0.00067362,0.0012159,0.00099708,-0.00024352,-0.0023862,-0.0051302,-0.0079786,-0.0099217,-0.0088507,-0.0019977,-0.018679,0.02079,0.080056,0.090984,0.075453,0.041042,-0.0044518,-0.051736,-0.090186,-0.10985,-0.10552,-0.080048,-0.042219,1.7091e-06,0.042222,0.080051,0.10553,0.10985,0.090188,0.051738,0.0044529,-0.041041,-0.075453,-0.090984,-0.080056,-0.02079,0.018679,0.0019976,0.0088506,0.0099216,0.0079785,0.0051301,0.002386,0.00024338,-0.00099723,-0.0012161,-0.00067379,-0.00015883
0.00019359,0.00076379,0.001317,0.00062767,-0.0014478,-0.0045576,-0.0083722,-0.012713,-0.017675,-0.025576,-0.041163,0.0022442,0.043837,0.085314,0.093131,0.07547,0.040606,-0.0038684,-0.049361,-0.0861,-0.10497,-0.10113,-0.077058,-0.040808,1.7485e-06,0.040811,0.077061,0.10113,0.10497,0.086102,0.049362,0.0038695,-0.040606,-0.075469,-0.093131,-0.085314,-0.043837,-0.0022442,0.041163,0.025576,0.017675,0.012712,0.0083722,0.0045576,0.0014477,-0.0006277,-0.0013171,-0.00076395,-0.00019363
0.0003083,0.0010038,0.0013925,-7.2277e-05,-0.0031262,-0.0069324,-0.010991,-0.014814,-0.015548,-0.0049633,-0.014413,0.016901,0.077385,0.098148,0.095746,0.074576,0.039458,-0.0036896,-0.047281,-0.082341,-0.10043,-0.097013,-0.074231,-0.039462,1.7846e-06,0.039465,0.074235,0.097016,0.10043,0.082343,0.047282,0.0036908,-0.039457,-0.074576,-0.095745,-0.098148,-0.077385,-0.016901,0.014413,0.0049632,0.015548,0.014814,0.010991,0.0069324,0.0031262,7.2438e-05,-0.0013924,-0.001004,-0.00030836
-0.00055178,-0.00079263,0.00048371,-0.0022452,-0.0064471,-0.010545,-0.014255,-0.018995,-0.027452,-0.026382,0.0041393,0.045578,0.086392,0.10274,0.096678,0.073566,0.038394,-0.0034809,-0.045269,-0.078761,-0.096131,-0.093105,-0.071525,-0.038162,1.8176e-06,0.038166,0.071528,0.093108,0.096134,0.078764,0.045271,0.0034822,-0.038393,-0.073566,-0.096678,-0.10274,-0.086392,-0.045578,-0.0041393,0.026382,0.027452,0.018995,0.014255,0.010545,0.006447,0.0022457,-0.00048348,0.00079254,0.00055177
0.0032734,0.0073464,-0.0010415,-0.0081846,-0.013353,-0.016772,-0.017755,-0.014157,-0.004336,-0.0067809,0.002638,0.072106,0.10668,0.11453,0.1021,0.075256,0.038798,-0.0025733,-0.043003,-0.075183,-0.091958,-0.089331,-0.068899,-0.036891,1.848e-06,0.036895,0.068902,0.089334,0.091961,0.075185,0.043004,0.0025746,-0.038797,-0.075255,-0.1021,-0.11453,-0.10668,-0.072106,-0.0026381,0.0067809,0.0043359,0.014157,0.017755,0.016773,0.013353,0.0081854,0.0010417,-0.0073465,-0.0032734
-0.0033166,-0.0075199,0.0010889,0.0081831,0.013359,0.016785,0.017744,0.014259,0.0039703,0.0072642,0.090075,0.13277,0.14572,0.13754,0.11439,0.0811,0.041565,-0.00046234,-0.040219,-0.071464,-0.087824,-0.08564,-0.066325,-0.035637,1.8759e-06,0.035641,0.066328,0.085643,0.087827,0.071466,0.04022,0.00046377,-0.041563,-0.081099,-0.11439,-0.13754,-0.14572,-0.13277,-0.090074,-0.0072642,-0.0039702,-0.014259,-0.017744,-0.016785,-0.013358,-0.0081838,-0.0010891,0.0075201,0.0033166
0.013469,0.02894,0.039913,0.053522,0.067985,0.082415,0.097232,0.11503,0.14311,0.18428,0.20861,0.20715,0.19189,0.16556,0.13065,0.089995,0.046418,0.0028612,-0.036862,-0.06756,-0.083698,-0.082011,-0.063792,-0.034396,1.9017e-06,0.034399,0.063796,0.082014,0.083701,0.067562,0.036864,-0.0028596,-0.046417,-0.089994,-0.13065,-0.16556,-0.19189,-0.20715,-0.20861,-0.18428,-0.14311,-0.11503,-0.097232,-0.082415,-0.067984,-0.053522,-0.039913,-0.028939,-0.013469
0.023781,0.047368,0.06749,0.088064,0.1096,0.13211,0.1564,0.18445,0.21819,0.25122,0.26215,0.25019,0.22387,0.18791,0.14544,0.099278,0.052174,0.0069307,-0.033108,-0.06354,-0.079608,-0.078456,-0.06131,-0.033173,1.9256e-06,0.033177,0.061313,0.078459,0.079611,0.063543,0.03311,-0.0069291,-0.052173,-0.099277,-0.14544,-0.18791,-0.22387,-0.25019,-0.26215,-0.25122,-0.21819,-0.18445,-0.1564,-0.13211,-0.1096,-0.088064,-0.06749,-0.047367,-0.023781
0.029554,0.058321,0.085057,0.11129,0.13783,0.16504,0.19335,0.22308,0.25284,0.27603,0.28146,0.2678,0.23954,0.20099,0.15567,0.10681,0.057574,0.011105,-0.029255,-0.059548,-0.075628,-0.075018,-0.058902,-0.03198,1.9476e-06,0.031983,0.058905,0.075021,0.075631,0.059551,0.029257,-0.011104,-0.057573,-0.10681,-0.15566,-0.20099,-0.23954,-0.2678,-0.28146,-0.27603,-0.25284,-0.22308,-0.19335,-0.16504,-0.13783,-0.11129,-0.085057,-0.058321,-0.029554
0.032663,0.064599,0.095221,0.125,0.1544,0.18359,0.21248,0.24034,0.26489,0.28128,0.2836,0.2703,0.24338,0.20584,0.16083,0.11165,0.061797,0.014846,-0.025605,-0.055744,-0.071846,-0.071747,-0.056599,-0.030832,1.9679e-06,0.030835,0.056603,0.07175,0.071849,0.055747,0.025607,-0.014844,-0.061796,-0.11165,-0.16083,-0.20584,-0.24338,-0.2703,-0.2836,-0.28128,-0.26489,-0.24034,-0.21248,-0.18359,-0.1544,-0.125,-0.095221,-0.064599,-0.032663
0.034097,0.067608,0.1001,0.13157,0.16207,0.19147,0.21928,0.24439,0.26464,0.2767,0.27719,0.26473,0.24,0.20485,0.16176,0.11379,0.064522,0.017828,-0.02238,-0.052261,-0.068342,-0.068692,-0.054432,-0.029744,1.9865e-06,0.029748,0.054435,0.068695,0.068345,0.052264,0.022382,-0.017826,-0.064521,-0.11379,-0.16176,-0.20485,-0.24,-0.26473,-0.27719,-0.2767,-0.26463,-0.24439,-0.21928,-0.19147,-0.16207,-0.13157,-0.1001,-0.067607,-0.034097
0.03443,0.068357,0.10136,0.13318,0.1636,0.19221,0.21835,0.24083,0.2579,0.26725,0.26672,0.25515,0.23263,0.20018,0.15964,0.11369,0.065781,0.019934,-0.019701,-0.049184,-0.065169,-0.065889,-0.052423,-0.028728,2.0034e-06,0.028732,0.052427,0.065893,0.065172,0.049186,0.019704,-0.019932,-0.06578,-0.11369,-0.15964,-0.20018,-0.23263,-0.25515,-0.26672,-0.26725,-0.2579,-0.24083,-0.21835,-0.19221,-0.1636,-0.13318,-0.10136,-0.068357,-0.03443
0.034048,0.067625,0.10028,0.13162,0.16124,0.18861,0.21296,0.23324,0.248,0.25561,0.25456,0.24386,0.2233,0.19341,0.15552,0.1119,0.065786,0.021188,-0.017604,-0.046546,-0.062351,-0.063356,-0.050586,-0.027792,2.0189e-06,0.027796,0.05059,0.06336,0.062355,0.046549,0.017606,-0.021186,-0.065784,-0.1119,-0.15552,-0.19341,-0.2233,-0.24386,-0.25456,-0.25561,-0.248,-0.23324,-0.21296,-0.18861,-0.16124,-0.13162,-0.10028,-0.067624,-0.034048
0.033229,0.065988,0.097797,0.12819,0.15666,0.18262,0.2053,0.22376,0.23685,0.24332,0.24201,0.2321,0.21321,0.18559,0.15019,0.10894,0.064802,0.021694,-0.01606,-0.044344,-0.05989,-0.061095,-0.048925,-0.026938,2.0328e-06,0.026942,0.048929,0.061098,0.059893,0.044347,0.016063,-0.021692,-0.0648,-0.10893,-0.15019,-0.18559,-0.21321,-0.2321,-0.24201,-0.24332,-0.23685,-0.22376,-0.2053,-0.18262,-0.15666,-0.12819,-0.097797,-0.065988,-0.033229
0.032168,0.063857,0.094565,0.12379,0.15098,0.17552,0.19671,0.21368,0.2255,0.23117,0.22976,0.22053,0.20305,0.17738,0.14422,0.10522,0.06309,0.021582,-0.015011,-0.042547,-0.057764,-0.059093,-0.047433,-0.026165,2.0452e-06,0.026169,0.047437,0.059096,0.057768,0.04255,0.015014,-0.02158,-0.063088,-0.10521,-0.14422,-0.17738,-0.20305,-0.22053,-0.22976,-0.23117,-0.2255,-0.21368,-0.19671,-0.17552,-0.15098,-0.12379,-0.094565,-0.063856,-0.032168
0.030997,0.061503,0.091007,0.11898,0.14488,0.16809,0.18795,0.2037,0.21453,0.21961,0.21815,0.20949,0.19318,0.16916,0.13798,0.10105,0.060867,0.020987,-0.014382,-0.041108,-0.055944,-0.057329,-0.046099,-0.025467,2.0562e-06,0.025471,0.046102,0.057333,0.055947,0.041111,0.014384,-0.020985,-0.060865,-0.10105,-0.13798,-0.16916,-0.19318,-0.20948,-0.21815,-0.21961,-0.21453,-0.2037,-0.18795,-0.16809,-0.14488,-0.11898,-0.091007,-0.061503,-0.030997
0.029797,0.059097,0.087384,0.11413,0.13879,0.16077,0.17945,0.19416,0.20418,0.2088,0.20732,0.19912,0.18378,0.16117,0.13171,0.09666,0.058307,0.020027,-0.014096,-0.039979,-0.054391,-0.055779,-0.044907,-0.024838,2.0658e-06,0.024842,0.04491,0.055782,0.054395,0.039982,0.014099,-0.020025,-0.058305,-0.096658,-0.13171,-0.16117,-0.18378,-0.19912,-0.20731,-0.2088,-0.20418,-0.19416,-0.17945,-0.16077,-0.13879,-0.11413,-0.087383,-0.059097,-0.029797
0.028619,0.056739,0.083844,0.10941,0.13291,0.15377,0.17141,0.18522,0.19457,0.1988,0.19728,0.18947,0.17493,0.15351,0.12556,0.092191,0.055542,0.018801,-0.014085,-0.039108,-0.053069,-0.054414,-0.04384,-0.02427,2.074e-06,0.024274,0.043844,0.054417,0.053072,0.039111,0.014087,-0.018799,-0.05554,-0.09219,-0.12555,-0.15351,-0.17493,-0.18947,-0.19728,-0.19879,-0.19457,-0.18522,-0.17141,-0.15377,-0.13291,-0.10941,-0.083844,-0.056738,-0.028619
0.02749,0.054482,0.080465,0.10493,0.12735,0.1472,0.16391,0.17694,0.18569,0.18957,0.18803,0.18052,0.16664,0.14623,0.11959,0.087743,0.052666,0.01739,-0.014287,-0.03845,-0.051942,-0.053208,-0.042881,-0.023755,2.0808e-06,0.023759,0.042885,0.053211,0.051945,0.038453,0.01429,-0.017388,-0.052664,-0.087742,-0.11959,-0.14623,-0.16664,-0.18052,-0.18803,-0.18957,-0.18569,-0.17694,-0.16391,-0.1472,-0.12735,-0.10493,-0.080465,-0.054482,-0.02749
0.026424,0.052351,0.077284,0.10072,0.12215,0.14107,0.15696,0.16928,0.1775,0.18108,0.17948,0.17221,0.15889,0.13935,0.11387,0.083378,0.049749,0.015855,-0.014652,-0.037965,-0.050976,-0.052136,-0.042015,-0.023285,2.0862e-06,0.023289,0.042019,0.05214,0.05098,0.037968,0.014655,-0.015853,-0.049747,-0.083377,-0.11387,-0.13935,-0.15889,-0.17221,-0.17948,-0.18108,-0.1775,-0.16928,-0.15696,-0.14107,-0.12215,-0.10072,-0.077284,-0.052351,-0.026423
0.025423,0.050357,0.07431,0.096793,0.11732,0.13539,0.15052,0.16221,0.16995,0.17324,0.17158,0.1645,0.15165,0.13287,0.1084,0.079133,0.046836,0.014243,-0.01514,-0.037618,-0.050145,-0.051177,-0.041226,-0.022854,2.0901e-06,0.022858,0.04123,0.05118,0.050149,0.037621,0.015143,-0.014241,-0.046834,-0.079131,-0.1084,-0.13286,-0.15165,-0.1645,-0.17158,-0.17324,-0.16995,-0.16221,-0.15052,-0.13539,-0.11732,-0.096793,-0.07431,-0.050357,-0.025423
0.02449,0.048497,0.071539,0.09314,0.11283,0.13012,0.14456,0.15567,0.16297,0.16599,0.16425,0.15733,0.14487,0.12674,0.10318,0.075028,0.04396,0.012589,-0.015718,-0.037382,-0.049425,-0.050311,-0.040503,-0.022454,2.0927e-06,0.022458,0.040507,0.050315,0.049428,0.037385,0.015721,-0.012587,-0.043958,-0.075026,-0.10318,-0.12674,-0.14487,-0.15732,-0.16425,-0.16598,-0.16297,-0.15567,-0.14456,-0.13012,-0.11283,-0.09314,-0.071539,-0.048497,-0.02449
0.023621,0.046766,0.068963,0.089746,0.10866,0.12524,0.13904,0.14961,0.15649,0.15925,0.15743,0.15062,0.13851,0.12096,0.098214,0.071073,0.041142,0.010919,-0.01636,-0.037233,-0.048795,-0.049524,-0.039834,-0.022081,2.0937e-06,0.022085,0.039838,0.049528,0.048799,0.037236,0.016363,-0.010917,-0.041139,-0.071071,-0.098213,-0.12096,-0.13851,-0.15062,-0.15743,-0.15925,-0.15649,-0.14961,-0.13904,-0.12524,-0.10866,-0.089746,-0.068963,-0.046766,-0.023621
0.022813,0.045156,0.066567,0.086592,0.10478,0.1207,0.1339,0.14397,0.15047,0.15298,0.15107,0.14435,0.13253,0.1155,0.093483,0.067269,0.038393,0.0092515,-0.017046,-0.037153,-0.04824,-0.048803,-0.039211,-0.021731,2.0932e-06,0.021735,0.039215,0.048806,0.048243,0.037157,0.017049,-0.0092488,-0.038391,-0.067267,-0.093482,-0.1155,-0.13253,-0.14435,-0.15106,-0.15298,-0.15047,-0.14397,-0.1339,-0.1207,-0.10478,-0.086591,-0.066567,-0.045156,-0.022813
0.02206,0.043658,0.064338,0.083656,0.10117,0.11647,0.12912,0.13872,0.14485,0.14711,0.1451,0.13845,0.12689,0.11032,0.088975,0.063614,0.035722,0.007599,-0.017762,-0.037128,-0.047746,-0.048136,-0.038626,-0.0214,2.0911e-06,0.021404,0.03863,0.04814,0.04775,0.037131,0.017765,-0.0075963,-0.035719,-0.063612,-0.088974,-0.11032,-0.12689,-0.13845,-0.1451,-0.14711,-0.14485,-0.13872,-0.12912,-0.11647,-0.10117,-0.083656,-0.064338,-0.043658,-0.02206
0.02136,0.042263,0.062262,0.08092,0.097812,0.11253,0.12466,0.13381,0.13959,0.14161,0.1395,0.1329,0.12156,0.10541,0.084676,0.060105,0.033131,0.0059713,-0.018495,-0.037144,-0.047303,-0.047515,-0.038075,-0.021086,2.0873e-06,0.02109,0.038079,0.047519,0.047307,0.037148,0.018498,-0.0059685,-0.033129,-0.060103,-0.084674,-0.10541,-0.12156,-0.1329,-0.1395,-0.14161,-0.13959,-0.13381,-0.12466,-0.11252,-0.097812,-0.08092,-0.062262,-0.042263,-0.02136
0.020707,0.040961,0.060324,0.078366,0.09467,0.10884,0.12047,0.1292,0.13465,0.13644,0.13421,0.12765,0.11652,0.10074,0.08057,0.056735,0.030624,0.0043745,-0.019237,-0.037194,-0.046903,-0.046933,-0.037551,-0.020785,2.0817e-06,0.020789,0.037555,0.046937,0.046906,0.037197,0.01924,-0.0043717,-0.030621,-0.056733,-0.080568,-0.10074,-0.11651,-0.12765,-0.13421,-0.13643,-0.13465,-0.1292,-0.12047,-0.10884,-0.09467,-0.078366,-0.060324,-0.040961,-0.020707
0.020097,0.039746,0.058513,0.075976,0.091728,0.10538,0.11655,0.12487,0.12999,0.13155,0.12922,0.12268,0.11172,0.096292,0.076645,0.053497,0.028198,0.0028128,-0.019981,-0.037269,-0.046538,-0.046385,-0.037052,-0.020497,2.0744e-06,0.020501,0.037056,0.046389,0.046541,0.037273,0.019984,-0.00281,-0.028196,-0.053495,-0.076643,-0.09629,-0.11172,-0.12268,-0.12922,-0.13155,-0.12999,-0.12487,-0.11655,-0.10538,-0.091728,-0.075976,-0.058513,-0.039746,-0.020097
0.019526,0.038608,0.056817,0.073737,0.088967,0.10213,0.11285,0.12079,0.1256,0.12693,0.12448,0.11796,0.10716,0.092047,0.072888,0.050385,0.025853,0.0012889,-0.020722,-0.037365,-0.046202,-0.045867,-0.036574,-0.020219,2.0652e-06,0.020223,0.036578,0.04587,0.046206,0.037368,0.020725,-0.0012861,-0.02585,-0.050383,-0.072886,-0.092046,-0.10715,-0.11796,-0.12448,-0.12693,-0.12559,-0.12079,-0.11285,-0.10213,-0.088967,-0.073736,-0.056817,-0.038608,-0.019526
0.018991,0.037542,0.055226,0.071633,0.086372,0.099068,0.10937,0.11693,0.12144,0.12255,0.11998,0.11346,0.1028,0.087991,0.069287,0.047392,0.023586,-0.00019563,-0.021456,-0.037475,-0.045892,-0.045373,-0.036115,-0.019951,2.054e-06,0.019955,0.036119,0.045377,0.045896,0.037479,0.021459,0.0001985,-0.023584,-0.04739,-0.069285,-0.087989,-0.1028,-0.11346,-0.11998,-0.12255,-0.12143,-0.11693,-0.10937,-0.099068,-0.086371,-0.071633,-0.055226,-0.037542,-0.018991
0.018489,0.03654,0.053731,0.069655,0.083926,0.096181,0.10607,0.11328,0.11749,0.11839,0.1157,0.10918,0.098647,0.084108,0.065833,0.044512,0.021395,-0.0016401,-0.02218,-0.037597,-0.045604,-0.044903,-0.035674,-0.019691,2.0407e-06,0.019695,0.035678,0.044907,0.045608,0.037601,0.022183,0.001643,-0.021393,-0.04451,-0.065831,-0.084106,-0.098645,-0.10918,-0.1157,-0.11839,-0.11749,-0.11328,-0.10607,-0.09618,-0.083926,-0.069655,-0.053731,-0.03654,-0.018489
0.018017,0.035598,0.052323,0.067789,0.081618,0.093451,0.10296,0.10982,0.11374,0.11443,0.11162,0.10508,0.094669,0.080387,0.062515,0.041739,0.019278,-0.0030444,-0.022893,-0.037727,-0.045335,-0.044452,-0.035247,-0.01944,2.0254e-06,0.019444,0.035251,0.044456,0.045339,0.037731,0.022896,0.0030474,-0.019275,-0.041736,-0.062513,-0.080385,-0.094667,-0.10508,-0.11162,-0.11443,-0.11374,-0.10982,-0.10296,-0.093451,-0.081617,-0.067789,-0.052323,-0.035598,-0.018017
0.017573,0.03471,0.050995,0.066028,0.079435,0.090866,0.099998,0.10653,0.11017,0.11065,0.10772,0.10117,0.090858,0.076815,0.059325,0.039066,0.017231,-0.0044087,-0.023592,-0.037864,-0.045083,-0.04402,-0.034835,-0.019195,2.0079e-06,0.019199,0.034839,0.044024,0.045086,0.037867,0.023595,0.0044116,-0.017228,-0.039064,-0.059323,-0.076813,-0.090856,-0.10117,-0.10772,-0.11065,-0.11017,-0.10653,-0.099997,-0.090866,-0.079435,-0.066028,-0.050995,-0.03471,-0.017573
0.017153,0.033872,0.04974,0.064363,0.077368,0.088415,0.097187,0.10339,0.10676,0.10704,0.10399,0.097416,0.087201,0.073384,0.056256,0.036489,0.015252,-0.0057334,-0.024277,-0.038005,-0.044844,-0.043605,-0.034436,-0.018958,1.9882e-06,0.018962,0.03444,0.043609,0.044848,0.038008,0.02428,0.0057364,-0.015249,-0.036487,-0.056254,-0.073382,-0.087199,-0.097415,-0.10399,-0.10704,-0.10676,-0.10339,-0.097186,-0.088414,-0.077368,-0.064362,-0.04974,-0.033871,-0.017153
0.016756,0.033079,0.048553,0.062784,0.075408,0.086086,0.094512,0.10041,0.10351,0.10359,0.10042,0.093817,0.083689,0.070083,0.0533,0.034003,0.013338,-0.0070192,-0.024947,-0.038148,-0.044618,-0.043204,-0.034049,-0.018727,1.9663e-06,0.018731,0.034053,0.043208,0.044622,0.038151,0.02495,0.0070222,-0.013336,-0.034,-0.053298,-0.070082,-0.083687,-0.093816,-0.10042,-0.10359,-0.10351,-0.10041,-0.094512,-0.086085,-0.075407,-0.062784,-0.048552,-0.033079,-0.016756
0.016381,0.032327,0.047427,0.061287,0.073545,0.08387,0.091964,0.097559,0.10041,0.10029,0.096991,0.090361,0.080311,0.066907,0.05045,0.031603,0.011487,-0.0082668,-0.025601,-0.038292,-0.044404,-0.042818,-0.033673,-0.018502,1.9421e-06,0.018506,0.033677,0.042822,0.044407,0.038296,0.025604,0.0082698,-0.011484,-0.031601,-0.050448,-0.066905,-0.08031,-0.090359,-0.09699,-0.10029,-0.10041,-0.097558,-0.091964,-0.08387,-0.073545,-0.061287,-0.047427,-0.032327,-0.016381
0.016024,0.031615,0.046358,0.059865,0.071774,0.08176,0.089534,0.094836,0.097434,0.097118,0.093701,0.087038,0.077061,0.063846,0.047702,0.029286,0.0096963,-0.0094772,-0.026238,-0.038437,-0.044199,-0.042444,-0.033308,-0.018284,1.9156e-06,0.018287,0.033312,0.042448,0.044203,0.03844,0.026242,0.0094802,-0.0096936,-0.029283,-0.0477,-0.063844,-0.07706,-0.087037,-0.0937,-0.097117,-0.097433,-0.094835,-0.089533,-0.08176,-0.071774,-0.059865,-0.046358,-0.031615,-0.016024
0.015686,0.030937,0.045342,0.058511,0.070086,0.079748,0.087212,0.092231,0.094585,0.094078,0.09054,0.083842,0.073931,0.060895,0.04505,0.027046,0.0079634,-0.010651,-0.02686,-0.038581,-0.044003,-0.042083,-0.032954,-0.01807,1.8868e-06,0.018074,0.032957,0.042086,0.044007,0.038584,0.026863,0.010654,-0.0079607,-0.027044,-0.045048,-0.060893,-0.073929,-0.08384,-0.090539,-0.094077,-0.094584,-0.092231,-0.087212,-0.079748,-0.070086,-0.058511,-0.045342,-0.030937,-0.015686
0.015363,0.030292,0.044374,0.057221,0.068477,0.077827,0.084994,0.089738,0.091854,0.091159,0.0875,0.080764,0.070913,0.058048,0.042489,0.024882,0.0062863,-0.011789,-0.027464,-0.038723,-0.043815,-0.041732,-0.032609,-0.017862,1.8557e-06,0.017866,0.032613,0.041736,0.043819,0.038727,0.027467,0.011792,-0.0062836,-0.02488,-0.042487,-0.058046,-0.070912,-0.080762,-0.087499,-0.091158,-0.091853,-0.089738,-0.084993,-0.077827,-0.068477,-0.05722,-0.044374,-0.030292,-0.015363
0.015056,0.029676,0.04345,0.055989,0.06694,0.075991,0.08287,0.087349,0.089233,0.088354,0.084575,0.077798,0.068003,0.0553,0.040015,0.022789,0.0046629,-0.012893,-0.028052,-0.038863,-0.043634,-0.041392,-0.032273,-0.01766,1.8223e-06,0.017663,0.032277,0.041396,0.043638,0.038867,0.028055,0.012896,-0.0046602,-0.022787,-0.040013,-0.055298,-0.068001,-0.077797,-0.084573,-0.088353,-0.089232,-0.087349,-0.08287,-0.07599,-0.06694,-0.055989,-0.04345,-0.029676,-0.015056
0.014761,0.029087,0.042566,0.054811,0.06547,0.074233,0.080837,0.085059,0.086716,0.085656,0.081758,0.07494,0.065195,0.052645,0.037624,0.020765,0.0030914,-0.013963,-0.028623,-0.039001,-0.043459,-0.041062,-0.031946,-0.017462,1.7868e-06,0.017466,0.03195,0.041066,0.043463,0.039004,0.028627,0.013966,-0.0030887,-0.020763,-0.037621,-0.052643,-0.065193,-0.074938,-0.081757,-0.085655,-0.086715,-0.085058,-0.080836,-0.074233,-0.06547,-0.054811,-0.042566,-0.029087,-0.014761
0.014479,0.028523,0.04172,0.053683,0.064062,0.07255,0.078887,0.08286,0.084298,0.083061,0.079044,0.072182,0.062483,0.050081,0.035312,0.018807,0.0015699,-0.015,-0.029178,-0.039135,-0.04329,-0.040742,-0.031628,-0.017269,1.7491e-06,0.017273,0.031631,0.040745,0.043294,0.039139,0.029181,0.015003,-0.0015671,-0.018805,-0.035309,-0.050079,-0.062482,-0.072181,-0.079043,-0.08306,-0.084297,-0.08286,-0.078886,-0.07255,-0.064062,-0.053683,-0.04172,-0.028523,-0.014479
0.014208,0.027981,0.040907,0.052601,0.062711,0.070935,0.077015,0.080749,0.081973,0.080563,0.076429,0.069522,0.059865,0.047602,0.033075,0.016912,9.6596e-05,-0.016004,-0.029716,-0.039266,-0.043126,-0.040429,-0.031318,-0.017081,1.7094e-06,0.017084,0.031321,0.040433,0.04313,0.039269,0.029719,0.016007,-9.3886e-05,-0.01691,-0.033073,-0.0476,-0.059863,-0.06952,-0.076427,-0.080562,-0.081972,-0.080748,-0.077015,-0.070934,-0.062711,-0.052601,-0.040907,-0.027981,-0.014208
0.013946,0.027458,0.040124,0.051559,0.061413,0.069383,0.075217,0.078719,0.079736,0.078157,0.073907,0.066954,0.057334,0.045205,0.030912,0.015078,-0.00133,-0.016978,-0.030238,-0.039393,-0.042967,-0.040125,-0.031015,-0.016897,1.6677e-06,0.0169,0.031018,0.040129,0.04297,0.039396,0.030241,0.016981,0.0013327,-0.015076,-0.03091,-0.045203,-0.057333,-0.066952,-0.073905,-0.078156,-0.079735,-0.078718,-0.075217,-0.069382,-0.061413,-0.051559,-0.040124,-0.027458,-0.013946
0.013693,0.026953,0.039368,0.050554,0.060162,0.067889,0.073488,0.076766,0.077582,0.075838,0.071474,0.064474,0.054889,0.042887,0.028819,0.013303,-0.0027116,-0.017921,-0.030744,-0.039516,-0.042811,-0.039829,-0.03072,-0.016718,1.6243e-06,0.016721,0.030723,0.039832,0.042814,0.039519,0.030747,0.017924,0.0027142,-0.0133,-0.028817,-0.042885,-0.054887,-0.064472,-0.071473,-0.075837,-0.077581,-0.076765,-0.073487,-0.067889,-0.060162,-0.050554,-0.039368,-0.026953,-0.013693
0.013447,0.026462,0.038635,0.049582,0.058954,0.066448,0.071821,0.074885,0.075507,0.073603,0.069126,0.062078,0.052525,0.040644,0.026792,0.011583,-0.0040495,-0.018834,-0.031233,-0.039634,-0.042659,-0.03954,-0.030432,-0.016542,1.5791e-06,0.016546,0.030435,0.039543,0.042663,0.039637,0.031236,0.018837,0.0040522,-0.011581,-0.02679,-0.040642,-0.052523,-0.062077,-0.069125,-0.073602,-0.075506,-0.074884,-0.071821,-0.066448,-0.058953,-0.049582,-0.038635,-0.026462,-0.013447
0.013207,0.025983,0.037921,0.048638,0.057783,0.065056,0.070213,0.073071,0.073506,0.071446,0.06686,0.059763,0.050238,0.038474,0.024831,0.0099186,-0.0053453,-0.019719,-0.031707,-0.039748,-0.042511,-0.039258,-0.03015,-0.016371,1.5325e-06,0.016374,0.030153,0.039262,0.042514,0.039751,0.03171,0.019722,0.005348,-0.0099163,-0.024829,-0.038472,-0.050237,-0.059762,-0.066859,-0.071445,-0.073506,-0.07307,-0.070212,-0.065056,-0.057783,-0.048638,-0.037921,-0.025983,-0.013207
0.01297,0.025513,0.037223,0.047717,0.056645,0.063706,0.068657,0.071319,0.071575,0.069364,0.064671,0.057526,0.048027,0.036373,0.022931,0.0083063,-0.0066004,-0.020576,-0.032166,-0.039857,-0.042365,-0.038983,-0.029876,-0.016204,1.4846e-06,0.016207,0.029879,0.038986,0.042368,0.03986,0.032169,0.020579,0.006603,-0.0083039,-0.022929,-0.036371,-0.048025,-0.057525,-0.064669,-0.069363,-0.071575,-0.071318,-0.068657,-0.063706,-0.056645,-0.047717,-0.037223,-0.025513,-0.01297
0.012737,0.02505,0.036537,0.046815,0.055535,0.062394,0.067149,0.069624,0.069709,0.067353,0.062555,0.055363,0.045887,0.034339,0.021092,0.0067445,-0.0078161,-0.021405,-0.03261,-0.039962,-0.042222,-0.038714,-0.029608,-0.016041,1.4356e-06,0.016044,0.029611,0.038717,0.042225,0.039964,0.032612,0.021408,0.0078187,-0.0067421,-0.02109,-0.034337,-0.045885,-0.055361,-0.062554,-0.067352,-0.069708,-0.069623,-0.067149,-0.062394,-0.055535,-0.046815,-0.036537,-0.02505,-0.012737
0.012505,0.02459,0.035858,0.045926,0.054446,0.061113,0.065682,0.067981,0.067903,0.065408,0.060509,0.05327,0.043815,0.03237,0.01931,0.0052313,-0.0089938,-0.022209,-0.033038,-0.040061,-0.042082,-0.038451,-0.029346,-0.015882,1.3858e-06,0.015884,0.029349,0.038454,0.042085,0.040064,0.033041,0.022211,0.0089963,-0.005229,-0.019308,-0.032368,-0.043814,-0.053268,-0.060508,-0.065407,-0.067902,-0.06798,-0.065682,-0.061112,-0.054446,-0.045926,-0.035858,-0.02459,-0.012505
0.012272,0.02413,0.035181,0.045046,0.053373,0.059857,0.064251,0.066383,0.066152,0.063525,0.058529,0.051244,0.04181,0.030462,0.017583,0.0037651,-0.010135,-0.022986,-0.033453,-0.040157,-0.041944,-0.038194,-0.02909,-0.015726,1.3354e-06,0.015728,0.029093,0.038197,0.041947,0.040159,0.033455,0.022989,0.010137,-0.0037628,-0.017581,-0.030461,-0.041808,-0.051243,-0.058528,-0.063524,-0.066151,-0.066383,-0.064251,-0.059856,-0.053373,-0.045046,-0.035181,-0.02413,-0.012272
0.012037,0.023667,0.034502,0.044167,0.052308,0.058619,0.06285,0.064826,0.06445,0.061699,0.056612,0.049282,0.039867,0.028614,0.01591,0.002344,-0.01124,-0.023739,-0.033853,-0.040247,-0.041808,-0.037943,-0.02884,-0.015574,1.2848e-06,0.015576,0.028842,0.037946,0.041811,0.04025,0.033856,0.023742,0.011243,-0.0023418,-0.015908,-0.028612,-0.039866,-0.049281,-0.056611,-0.061698,-0.064449,-0.064825,-0.062849,-0.058619,-0.052308,-0.044167,-0.034503,-0.023667,-0.012037
0.011798,0.023197,0.033817,0.043284,0.051247,0.057393,0.06147,0.063302,0.062792,0.059925,0.054752,0.047381,0.037984,0.026822,0.014287,0.00096638,-0.012312,-0.024469,-0.03424,-0.040333,-0.041674,-0.037697,-0.028595,-0.015425,1.2341e-06,0.015427,0.028598,0.0377,0.041677,0.040336,0.034243,0.024471,0.012314,-0.00096422,-0.014285,-0.02682,-0.037983,-0.04738,-0.054751,-0.059925,-0.062792,-0.063302,-0.06147,-0.057393,-0.051246,-0.043284,-0.033817,-0.023197,-0.011798
0.011552,0.022716,0.033119,0.04239,0.05018,0.056171,0.060106,0.061805,0.061173,0.058199,0.052945,0.045536,0.036159,0.025085,0.012714,-0.00036951,-0.01335,-0.025175,-0.034614,-0.040415,-0.041542,-0.037457,-0.028357,-0.015279,1.1838e-06,0.015282,0.028359,0.037459,0.041545,0.040417,0.034616,0.025177,0.013353,0.00037162,-0.012712,-0.025083,-0.036157,-0.045535,-0.052944,-0.058198,-0.061173,-0.061805,-0.060106,-0.056171,-0.05018,-0.04239,-0.033119,-0.022716,-0.011552
0.011299,0.022221,0.032403,0.04148,0.049101,0.054946,0.058751,0.060329,0.059586,0.056515,0.051188,0.043745,0.034387,0.023399,0.011187,-0.0016653,-0.014357,-0.025859,-0.034975,-0.040492,-0.041412,-0.037221,-0.028123,-0.015137,1.1341e-06,0.01514,0.028125,0.037223,0.041414,0.040495,0.034977,0.025861,0.01436,0.0016674,-0.011186,-0.023397,-0.034385,-0.043744,-0.051188,-0.056514,-0.059586,-0.060329,-0.05875,-0.054946,-0.049101,-0.04148,-0.032403,-0.022222,-0.011299
0.011036,0.021709,0.031665,0.040547,0.048004,0.05371,0.057395,0.058866,0.058025,0.054868,0.049476,0.042003,0.032666,0.021762,0.0097059,-0.0029227,-0.015334,-0.026522,-0.035324,-0.040565,-0.041284,-0.036991,-0.027895,-0.014999,1.0855e-06,0.015001,0.027897,0.036993,0.041286,0.040568,0.035326,0.026524,0.015336,0.0029247,-0.0097041,-0.021761,-0.032664,-0.042002,-0.049475,-0.054867,-0.058025,-0.058866,-0.057395,-0.05371,-0.048004,-0.040547,-0.031665,-0.021709,-0.011036
0.010762,0.021175,0.030899,0.039585,0.04688,0.052456,0.056032,0.057409,0.056483,0.053252,0.047804,0.040307,0.030992,0.020172,0.0082673,-0.0041433,-0.016282,-0.027164,-0.035661,-0.040635,-0.041157,-0.036765,-0.027672,-0.014863,1.0381e-06,0.014865,0.027674,0.036767,0.04116,0.040637,0.035664,0.027167,0.016284,0.0041453,-0.0082655,-0.020171,-0.030991,-0.040306,-0.047804,-0.053251,-0.056483,-0.057409,-0.056032,-0.052456,-0.04688,-0.039585,-0.030899,-0.021175,-0.010762
0.010474,0.020617,0.030102,0.038587,0.045724,0.051176,0.054655,0.055951,0.054954,0.051661,0.046168,0.038653,0.029364,0.018627,0.0068695,-0.0053287,-0.017201,-0.027787,-0.035988,-0.040701,-0.041033,-0.036544,-0.027454,-0.014731,9.9251e-07,0.014733,0.027456,0.036546,0.041035,0.040703,0.03599,0.02779,0.017203,0.0053306,-0.0068678,-0.018625,-0.029363,-0.038652,-0.046167,-0.05166,-0.054954,-0.055951,-0.054655,-0.051176,-0.045724,-0.038587,-0.030102,-0.020617,-0.010474
0.010173,0.020032,0.029269,0.03755,0.044528,0.049863,0.053256,0.054485,0.053431,0.05009,0.044562,0.037037,0.027777,0.017123,0.0055106,-0.0064804,-0.018094,-0.028391,-0.036303,-0.040763,-0.04091,-0.036328,-0.027241,-0.014601,9.4894e-07,0.014603,0.027243,0.03633,0.040912,0.040765,0.036305,0.028394,0.018096,0.0064822,-0.005509,-0.017121,-0.027776,-0.037036,-0.044561,-0.050089,-0.053431,-0.054485,-0.053256,-0.049863,-0.044528,-0.03755,-0.029269,-0.020033,-0.010173
0.0098563,0.01942,0.028397,0.036469,0.043289,0.048512,0.051828,0.053004,0.051908,0.048533,0.042982,0.035455,0.026229,0.015658,0.0041888,-0.0075998,-0.018962,-0.028978,-0.036608,-0.040821,-0.040789,-0.036117,-0.027033,-0.014475,9.0778e-07,0.014477,0.027035,0.036118,0.040792,0.040824,0.03661,0.02898,0.018964,0.0076016,-0.0041873,-0.015657,-0.026228,-0.035454,-0.042981,-0.048532,-0.051908,-0.053003,-0.051828,-0.048512,-0.043289,-0.036469,-0.028398,-0.01942,-0.0098564
0.0095242,0.018777,0.027486,0.03534,0.042,0.047116,0.050366,0.051501,0.050379,0.046984,0.041422,0.033903,0.024717,0.014231,0.0029022,-0.0086885,-0.019804,-0.029546,-0.036903,-0.040877,-0.04067,-0.035909,-0.026829,-0.014351,8.6937e-07,0.014353,0.026831,0.035911,0.040672,0.040879,0.036905,0.029548,0.019806,0.0086902,-0.0029007,-0.014229,-0.024715,-0.033902,-0.041422,-0.046984,-0.050379,-0.051501,-0.050366,-0.047116,-0.042001,-0.035341,-0.027486,-0.018777,-0.0095243
0.0091767,0.018105,0.026532,0.034163,0.040661,0.045672,0.048863,0.049971,0.048837,0.045439,0.03988,0.032377,0.023236,0.012838,0.0016491,-0.0097476,-0.020623,-0.030098,-0.037189,-0.04093,-0.040553,-0.035707,-0.02663,-0.014231,8.3404e-07,0.014233,0.026632,0.035709,0.040555,0.040931,0.037191,0.0301,0.020625,0.0097492,-0.0016476,-0.012837,-0.023235,-0.032377,-0.039879,-0.045438,-0.048837,-0.049971,-0.048864,-0.045672,-0.040661,-0.034163,-0.026533,-0.018105,-0.0091768
0.0088141,0.017404,0.025538,0.032936,0.039268,0.044176,0.047317,0.048408,0.047278,0.043891,0.038349,0.030875,0.021786,0.011478,0.00042769,-0.010779,-0.02142,-0.030634,-0.037466,-0.040979,-0.040437,-0.035508,-0.026436,-0.014113,8.0213e-07,0.014115,0.026437,0.03551,0.040439,0.040981,0.037467,0.030636,0.021421,0.01078,-0.00042632,-0.011476,-0.021785,-0.030874,-0.038348,-0.043891,-0.047278,-0.048408,-0.047317,-0.044177,-0.039268,-0.032936,-0.025538,-0.017404,-0.0088142
0.0084373,0.016675,0.024504,0.031661,0.037821,0.042627,0.045723,0.046809,0.045697,0.042337,0.036826,0.029392,0.020362,0.010148,-0.00076347,-0.011782,-0.022194,-0.031154,-0.037733,-0.041025,-0.040323,-0.035314,-0.026245,-0.013998,7.7391e-07,0.013999,0.026247,0.035315,0.040325,0.041027,0.037735,0.031156,0.022196,0.011784,0.00076478,-0.010147,-0.020362,-0.029391,-0.036825,-0.042336,-0.045697,-0.046809,-0.045723,-0.042628,-0.037822,-0.031661,-0.024505,-0.016675,-0.0084374
0.0080477,0.015921,0.023434,0.030338,0.036322,0.041024,0.044079,0.04517,0.044089,0.040771,0.035306,0.027924,0.018963,0.0088462,-0.0019259,-0.01276,-0.022947,-0.031659,-0.037992,-0.041069,-0.04021,-0.035123,-0.026059,-0.013885,7.4966e-07,0.013886,0.026061,0.035124,0.040212,0.041071,0.037993,0.031661,0.022949,0.012761,0.0019271,-0.0088452,-0.018962,-0.027923,-0.035306,-0.040771,-0.044089,-0.04517,-0.044079,-0.041025,-0.036323,-0.030339,-0.023434,-0.015921,-0.0080478
0.0076469,0.015145,0.022329,0.028973,0.034773,0.039368,0.042384,0.043489,0.042451,0.039191,0.033787,0.026469,0.017585,0.0075712,-0.0030608,-0.013712,-0.023679,-0.032149,-0.038241,-0.041109,-0.040099,-0.034936,-0.025877,-0.013775,7.2963e-07,0.013776,0.025878,0.034937,0.0401,0.041111,0.038243,0.032151,0.023681,0.013714,0.003062,-0.0075702,-0.017584,-0.026468,-0.033786,-0.039191,-0.042452,-0.043489,-0.042385,-0.039369,-0.034773,-0.028973,-0.02233,-0.015145,-0.007647
0.0072369,0.014349,0.021196,0.027569,0.033176,0.037661,0.040639,0.041763,0.040781,0.037592,0.032264,0.025024,0.016227,0.0063209,-0.0041695,-0.01464,-0.024391,-0.032625,-0.038482,-0.041146,-0.039988,-0.034752,-0.025698,-0.013667,7.1401e-07,0.013668,0.0257,0.034753,0.03999,0.041148,0.038484,0.032626,0.024393,0.014642,0.0041706,-0.0063199,-0.016226,-0.025023,-0.032263,-0.037592,-0.040781,-0.041763,-0.04064,-0.037661,-0.033176,-0.027569,-0.021197,-0.014349,-0.007237
0.00682,0.013539,0.020039,0.026131,0.031537,0.035905,0.038845,0.039993,0.039076,0.035972,0.030734,0.023585,0.014885,0.0050937,-0.0052529,-0.015544,-0.025083,-0.033085,-0.038714,-0.041179,-0.039878,-0.03457,-0.025523,-0.013561,7.0295e-07,0.013562,0.025524,0.034572,0.039879,0.041181,0.038716,0.033087,0.025085,0.015546,0.005254,-0.0050928,-0.014884,-0.023585,-0.030734,-0.035972,-0.039077,-0.039993,-0.038846,-0.035905,-0.031537,-0.026131,-0.02004,-0.013539,-0.0068201
0.0063986,0.012719,0.018864,0.024666,0.029861,0.034105,0.037004,0.038179,0.037336,0.034329,0.029196,0.022151,0.013558,0.0038881,-0.0063121,-0.016425,-0.025755,-0.033531,-0.038937,-0.041208,-0.039767,-0.034392,-0.02535,-0.013457,6.9658e-07,0.013458,0.025352,0.034393,0.039769,0.04121,0.038939,0.033532,0.025757,0.016426,0.0063132,-0.0038873,-0.013558,-0.02215,-0.029195,-0.034329,-0.037336,-0.038179,-0.037005,-0.034106,-0.029862,-0.024666,-0.018865,-0.012719,-0.0063987
0.005975,0.011892,0.017677,0.02318,0.028155,0.032266,0.035119,0.036322,0.035558,0.032661,0.027645,0.020719,0.012245,0.0027029,-0.0073478,-0.017282,-0.026407,-0.033961,-0.03915,-0.041233,-0.039657,-0.034215,-0.02518,-0.013355,6.9495e-07,0.013356,0.025182,0.034216,0.039658,0.041234,0.039152,0.033963,0.026409,0.017284,0.0073488,-0.0027021,-0.012244,-0.020718,-0.027645,-0.032661,-0.035559,-0.036322,-0.03512,-0.032267,-0.028155,-0.02318,-0.017678,-0.011893,-0.0059751
0.0055518,0.011065,0.016484,0.021679,0.026424,0.030393,0.033194,0.034423,0.033745,0.030966,0.026082,0.019287,0.010943,0.001537,-0.0083606,-0.018117,-0.027039,-0.034376,-0.039353,-0.041252,-0.039545,-0.03404,-0.025013,-0.013254,6.9807e-07,0.013255,0.025014,0.034041,0.039546,0.041254,0.039354,0.034377,0.02704,0.018118,0.0083615,-0.0015362,-0.010942,-0.019286,-0.026082,-0.030966,-0.033745,-0.034423,-0.033194,-0.030394,-0.026425,-0.02168,-0.016484,-0.011065,-0.0055519
0.0051314,0.010241,0.015291,0.020173,0.024677,0.028493,0.031233,0.032486,0.031895,0.029244,0.024504,0.017853,0.0096504,0.0003892,-0.0093508,-0.018929,-0.027651,-0.034775,-0.039545,-0.041266,-0.039431,-0.033865,-0.024847,-0.013154,7.0587e-07,0.013156,0.024848,0.033867,0.039433,0.041267,0.039546,0.034776,0.027652,0.01893,0.0093518,-0.00038845,-0.0096499,-0.017852,-0.024503,-0.029244,-0.031896,-0.032486,-0.031234,-0.028494,-0.024677,-0.020173,-0.015292,-0.010241,-0.0051315
0.0047162,0.0094251,0.014105,0.018666,0.02292,0.026573,0.029243,0.030513,0.030012,0.027495,0.022909,0.016416,0.008367,-0.00074105,-0.010319,-0.019717,-0.028241,-0.035157,-0.039725,-0.041273,-0.039315,-0.033691,-0.024682,-0.013056,7.1823e-07,0.013058,0.024684,0.033692,0.039316,0.041274,0.039726,0.035158,0.028242,0.019718,0.01032,0.00074178,-0.0083664,-0.016416,-0.022909,-0.027495,-0.030012,-0.030514,-0.029243,-0.026573,-0.022921,-0.018667,-0.014106,-0.0094253,-0.0047163
0.0043086,0.0086218,0.012933,0.017168,0.021162,0.024639,0.027228,0.02851,0.028096,0.025719,0.021299,0.014975,0.0070914,-0.0018543,-0.011265,-0.020482,-0.02881,-0.035521,-0.039892,-0.041271,-0.039195,-0.033515,-0.024518,-0.012958,7.3497e-07,0.01296,0.024519,0.033517,0.039196,0.041273,0.039893,0.035522,0.028811,0.020483,0.011265,0.001855,-0.0070909,-0.014975,-0.021299,-0.025719,-0.028097,-0.02851,-0.027229,-0.02464,-0.021163,-0.017169,-0.012933,-0.008622,-0.0043087
0.0039109,0.0078356,0.011779,0.015686,0.019412,0.022701,0.025196,0.026481,0.026152,0.023919,0.019672,0.01353,0.0058233,-0.0029507,-0.012188,-0.021223,-0.029355,-0.035866,-0.040044,-0.041261,-0.03907,-0.033338,-0.024354,-0.012861,7.5582e-07,0.012862,0.024355,0.03334,0.039071,0.041262,0.040046,0.035867,0.029357,0.021224,0.012189,0.0029514,-0.0058228,-0.01353,-0.019672,-0.023919,-0.026153,-0.026481,-0.025197,-0.022701,-0.019412,-0.015687,-0.011779,-0.0078357,-0.003911
0.0035252,0.0070706,0.010651,0.014228,0.017677,0.020766,0.023155,0.024432,0.024184,0.022095,0.01803,0.01208,0.0045625,-0.0040301,-0.013088,-0.021938,-0.029877,-0.03619,-0.040181,-0.04124,-0.038938,-0.033158,-0.024188,-0.012763,7.8046e-07,0.012765,0.02419,0.03316,0.03894,0.041241,0.040183,0.036191,0.029878,0.021939,0.013089,0.0040308,-0.004562,-0.01208,-0.01803,-0.022095,-0.024184,-0.024432,-0.023156,-0.020767,-0.017677,-0.014228,-0.010652,-0.0070708,-0.0035252
0.0031535,0.0063313,0.0095554,0.012801,0.015967,0.018844,0.021114,0.02237,0.022196,0.020252,0.016374,0.010627,0.0033095,-0.0050919,-0.013964,-0.022626,-0.030372,-0.036492,-0.040301,-0.041206,-0.038799,-0.032974,-0.024021,-0.012665,8.0847e-07,0.012667,0.024023,0.032975,0.038801,0.041208,0.040302,0.036493,0.030374,0.022627,0.013965,0.0050926,-0.003309,-0.010627,-0.016374,-0.020252,-0.022196,-0.022371,-0.021114,-0.018845,-0.015967,-0.012802,-0.0095556,-0.0063314,-0.0031536
0.0027981,0.0056216,0.0084977,0.011415,0.014291,0.016946,0.019081,0.020304,0.020194,0.018393,0.014707,0.0091726,0.0020655,-0.006135,-0.014814,-0.023286,-0.03084,-0.036769,-0.0404,-0.041158,-0.038651,-0.032784,-0.023852,-0.012566,8.3938e-07,0.012568,0.023853,0.032786,0.038652,0.041159,0.040402,0.03677,0.030841,0.023287,0.014815,0.0061357,-0.0020649,-0.0091723,-0.014707,-0.018393,-0.020194,-0.020305,-0.019081,-0.016946,-0.014292,-0.011415,-0.0084979,-0.0056217,-0.0027981
0.0024607,0.0049456,0.0074843,0.010076,0.01266,0.015081,0.017067,0.018243,0.018187,0.016525,0.013033,0.0077182,0.00083214,-0.0071576,-0.015637,-0.023915,-0.031277,-0.037019,-0.040477,-0.041093,-0.03849,-0.032587,-0.023678,-0.012465,8.7263e-07,0.012467,0.023679,0.032589,0.038492,0.041094,0.040479,0.03702,0.031279,0.023916,0.015638,0.0071584,-0.00083158,-0.0077178,-0.013033,-0.016525,-0.018187,-0.018244,-0.017068,-0.015081,-0.01266,-0.010076,-0.0074845,-0.0049457,-0.0024607
0.0021433,0.0043071,0.0065214,0.0087944,0.011084,0.013262,0.015085,0.016199,0.016184,0.014653,0.011357,0.0062679,-0.00038776,-0.0081574,-0.01643,-0.024511,-0.031682,-0.037238,-0.040529,-0.041008,-0.038316,-0.032381,-0.023499,-0.012362,9.0762e-07,0.012363,0.0235,0.032382,0.038318,0.04101,0.040531,0.03724,0.031683,0.024512,0.016431,0.0081582,0.00038835,-0.0062675,-0.011357,-0.014653,-0.016184,-0.016199,-0.015086,-0.013262,-0.011084,-0.0087945,-0.0065216,-0.0043072,-0.0021433
0.0018475,0.0037099,0.0056151,0.0075777,0.0095737,0.011501,0.013148,0.014182,0.014195,0.012788,0.0096849,0.0048263,-0.0015906,-0.0091311,-0.01719,-0.02507,-0.032049,-0.037424,-0.040553,-0.040901,-0.038125,-0.032163,-0.023313,-0.012255,9.4364e-07,0.012257,0.023315,0.032165,0.038127,0.040903,0.040554,0.037426,0.03205,0.025071,0.017191,0.0091319,0.0015912,-0.0048259,-0.0096847,-0.012788,-0.014195,-0.014182,-0.013148,-0.011502,-0.0095738,-0.0075778,-0.0056151,-0.00371,-0.0018475
0.001575,0.0031575,0.0047709,0.0064346,0.00814,0.0098121,0.011269,0.012208,0.012232,0.010938,0.0080247,0.0033994,-0.0027715,-0.010075,-0.017913,-0.025588,-0.032375,-0.037573,-0.040544,-0.040768,-0.037914,-0.031932,-0.023118,-0.012145,9.7996e-07,0.012147,0.02312,0.031934,0.037916,0.040769,0.040545,0.037574,0.032377,0.025589,0.017914,0.010075,0.0027722,-0.0033989,-0.0080244,-0.010938,-0.012232,-0.012208,-0.011269,-0.0098121,-0.0081401,-0.0064347,-0.004771,-0.0031575,-0.001575
0.0013271,0.0026528,0.0039945,0.0053734,0.0067944,0.0082075,0.009464,0.010291,0.01031,0.0091156,0.0063859,0.0019947,-0.0039247,-0.010983,-0.018594,-0.026061,-0.032656,-0.037679,-0.040498,-0.040604,-0.037681,-0.031684,-0.022914,-0.012029,1.0158e-06,0.012031,0.022916,0.031686,0.037683,0.040606,0.040499,0.037681,0.032658,0.026062,0.018595,0.010984,0.0039254,-0.0019941,-0.0063855,-0.0091154,-0.01031,-0.010291,-0.009464,-0.0082075,-0.0067944,-0.0053734,-0.0039945,-0.0026528,-0.0013271
0.0011051,0.0021988,0.0032908,0.0044019,0.0055477,0.0067018,0.0077481,0.008447,0.0084435,0.0073342,0.0047795,0.00062091,-0.0050429,-0.011849,-0.019227,-0.026482,-0.032886,-0.037737,-0.04041,-0.040406,-0.03742,-0.031418,-0.022697,-0.011908,1.0502e-06,0.01191,0.022699,0.03142,0.037422,0.040408,0.040412,0.037739,0.032888,0.026484,0.019228,0.01185,0.0050437,-0.00062033,-0.0047791,-0.0073339,-0.0084433,-0.0084469,-0.007748,-0.0067017,-0.0055476,-0.0044018,-0.0032907,-0.0021988,-0.001105
0.00090974,0.0017976,0.002664,0.0035271,0.0044105,0.0053087,0.0061379,0.0066941,0.0066495,0.0056088,0.0032182,-0.00071146,-0.0061176,-0.012667,-0.019806,-0.026847,-0.033059,-0.037742,-0.040275,-0.040168,-0.037128,-0.031128,-0.022465,-0.011779,1.0823e-06,0.011781,0.022467,0.03113,0.03713,0.04017,0.040276,0.037744,0.033061,0.026848,0.019807,0.012668,0.0061185,0.00071211,-0.0032178,-0.0056085,-0.0066493,-0.006694,-0.0061378,-0.0053086,-0.0044104,-0.003527,-0.0026639,-0.0017975,-0.0009097
0.00074171,0.0014508,0.0021176,0.0027554,0.0033927,0.0040418,0.00465,0.0050503,0.0049463,0.0039562,0.0017165,-0.0019905,-0.0071388,-0.013428,-0.020323,-0.027146,-0.033168,-0.037686,-0.040085,-0.039885,-0.0368,-0.030811,-0.022215,-0.011642,1.1112e-06,0.011644,0.022218,0.030813,0.036802,0.039887,0.040087,0.037688,0.033169,0.027148,0.020324,0.013429,0.0071397,0.0019912,-0.001716,-0.0039557,-0.004946,-0.0050501,-0.0046498,-0.0040416,-0.0033925,-0.0027553,-0.0021174,-0.0014507,-0.00074166
0.0006012,0.0011593,0.001654,0.0020919,0.0025029,0.0029139,0.0033007,0.0035341,0.0033528,0.0023942,0.00029024,-0.0032027,-0.0080951,-0.014121,-0.020769,-0.027372,-0.033203,-0.037562,-0.039834,-0.039549,-0.03643,-0.030463,-0.021945,-0.011494,1.136e-06,0.011496,0.021948,0.030466,0.036432,0.039551,0.039836,0.037564,0.033205,0.027374,0.02077,0.014122,0.0080961,0.0032035,-0.00028962,-0.0023937,-0.0033524,-0.0035338,-0.0033004,-0.0029136,-0.0025026,-0.0020917,-0.0016538,-0.0011592,-0.00060113
0.00048801,0.0009232,0.0012746,0.0015402,0.0017483,0.0019362,0.0021054,0.0021641,0.0018889,0.00094202,-0.0010433,-0.0043331,-0.0089737,-0.014735,-0.021134,-0.027515,-0.033157,-0.03736,-0.039514,-0.039154,-0.036012,-0.030079,-0.021651,-0.011335,1.1556e-06,0.011337,0.021654,0.030082,0.036014,0.039156,0.039516,0.037362,0.033159,0.027517,0.021135,0.014736,0.0089748,0.004334,0.001044,-0.00094145,-0.0018884,-0.0021636,-0.002105,-0.0019358,-0.001748,-0.0015399,-0.0012743,-0.00092304,-0.00048793
0.0004015,0.00074164,0.00097905,0.0011021,0.0011342,0.0011186,0.0010786,0.00095812,0.00057445,-0.00038036,-0.0022658,-0.0053655,-0.0097606,-0.015259,-0.021406,-0.027565,-0.033019,-0.037071,-0.039115,-0.03869,-0.035538,-0.029653,-0.021329,-0.011161,1.1691e-06,0.011163,0.021331,0.029655,0.03554,0.038692,0.039117,0.037073,0.033021,0.027566,0.021408,0.01526,0.0097617,0.0053664,0.0022665,0.00038101,-0.00057388,-0.0009576,-0.0010781,-0.0011181,-0.0011338,-0.0011018,-0.00097878,-0.00074146,-0.00040141
0.00034055,0.00061276,0.00076573,0.00077741,0.00066327,0.00046824,0.00023234,-6.704e-05,-0.00057106,-0.0015527,-0.0033577,-0.0062824,-0.01044,-0.015678,-0.021573,-0.027509,-0.032777,-0.036684,-0.038626,-0.038149,-0.035,-0.029178,-0.020974,-0.010971,1.1755e-06,0.010973,0.020976,0.02918,0.035002,0.038151,0.038628,0.036686,0.032779,0.02751,0.021575,0.015679,0.010441,0.0062834,0.0033585,0.0015534,0.00057172,6.7647e-05,-0.00023178,-0.00046773,-0.00066281,-0.00077703,-0.00076543,-0.00061256,-0.00034045
0.00030351,0.00053359,0.00063113,0.00056339,0.00033559,-1.0563e-05,-0.00042361,-0.00089666,-0.0015292,-0.002555,-0.0042994,-0.0070656,-0.010997,-0.015977,-0.021621,-0.027333,-0.032418,-0.036185,-0.038035,-0.037518,-0.034387,-0.028646,-0.02058,-0.010761,1.174e-06,0.010763,0.020582,0.028648,0.034389,0.03752,0.038037,0.036187,0.03242,0.027335,0.021623,0.015979,0.010998,0.0070667,0.0043003,0.0025558,0.0015299,0.00089735,0.00042424,1.114e-05,-0.00033508,-0.00056297,-0.00063081,-0.00053338,-0.0003034
0.00028816,0.00049998,0.00056986,0.00045474,0.00014771,-0.00031723,-0.00088318,-0.0015188,-0.0022833,-0.0033679,-0.0050712,-0.0076963,-0.011412,-0.016141,-0.021535,-0.027024,-0.031927,-0.035561,-0.037328,-0.036786,-0.033691,-0.028049,-0.020142,-0.01053,1.1636e-06,0.010532,0.020145,0.028052,0.033693,0.036788,0.03733,0.035563,0.031929,0.027026,0.021536,0.016143,0.011413,0.0076974,0.0050721,0.0033688,0.0022841,0.0015196,0.00088388,0.00031786,-0.00014716,-0.0004543,-0.00056953,-0.00049976,-0.00028805
0.00029171,0.0005065,0.00057443,0.00044313,9.2379e-05,-0.00045555,-0.0011447,-0.0019254,-0.0028197,-0.003974,-0.0056539,-0.0081556,-0.011668,-0.016153,-0.021298,-0.026565,-0.031288,-0.034793,-0.036489,-0.035934,-0.032893,-0.027373,-0.019649,-0.01027,1.1436e-06,0.010272,0.019652,0.027375,0.032896,0.035936,0.036491,0.034795,0.03129,0.026566,0.021299,0.016154,0.011669,0.0081568,0.0056549,0.003975,0.0028206,0.0019262,0.0011454,0.00045621,-9.1809e-05,-0.00044267,-0.00057408,-0.00050627,-0.0002916
0.00031074,0.00054639,0.00063513,0.00051694,0.00015804,-0.0004344,-0.0012116,-0.0021132,-0.0031284,-0.0043584,-0.0060301,-0.0084252,-0.011748,-0.015994,-0.020892,-0.025936,-0.030482,-0.033865,-0.0355,-0.034951,-0.031987,-0.026613,-0.019101,-0.0099821,1.1132e-06,0.0099844,0.019104,0.026615,0.031989,0.034953,0.035502,0.033867,0.030484,0.025938,0.020894,0.015995,0.011749,0.0084264,0.0060311,0.0043594,0.0031293,0.0021141,0.0012124,0.00043509,-0.00015745,-0.00051647,-0.00063478,-0.00054615,-0.00031062
0.00034116,0.00061147,0.00073988,0.00066104,0.0003283,-0.00026857,-0.0010941,-0.0020851,-0.0032045,-0.0045099,-0.0061845,-0.008488,-0.011632,-0.015646,-0.020299,-0.02512,-0.029488,-0.032751,-0.034333,-0.033804,-0.030936,-0.025735,-0.018468,-0.0096502,1.072e-06,0.0096523,0.01847,0.025737,0.030938,0.033806,0.034335,0.032753,0.029489,0.025121,0.0203,0.015648,0.011634,0.0084892,0.0061856,0.0045109,0.0032055,0.002086,0.0010949,0.00026927,-0.00032772,-0.00066057,-0.00073953,-0.00061124,-0.00034105
0.00037827,0.00069214,0.00087419,0.00085653,0.00058152,2.0456e-05,-0.00080967,-0.0018515,-0.0030501,-0.0044225,-0.0061055,-0.008329,-0.011306,-0.015092,-0.019498,-0.024092,-0.028281,-0.031432,-0.032975,-0.032488,-0.029747,-0.024756,-0.01777,-0.0092866,1.0192e-06,0.0092886,0.017772,0.024758,0.029749,0.03249,0.032977,0.031433,0.028283,0.024094,0.0195,0.015093,0.011307,0.0083302,0.0061066,0.0044235,0.003051,0.0018524,0.00081047,-1.9763e-05,-0.00058094,-0.00085608,-0.00087385,-0.00069192,-0.00037816
0.00041669,0.00077742,0.0010211,0.0010806,0.00089032,0.00040363,-0.00038482,-0.001432,-0.0026753,-0.0040972,-0.0057867,-0.0079367,-0.010752,-0.014313,-0.018469,-0.022829,-0.026831,-0.029863,-0.031367,-0.03093,-0.028333,-0.023582,-0.016927,-0.0088457,9.5534e-07,0.0088476,0.016929,0.023584,0.028334,0.030932,0.031369,0.029865,0.026833,0.02283,0.01847,0.014314,0.010754,0.0079379,0.0057878,0.0040982,0.0026762,0.0014329,0.0003856,-0.00040296,-0.00088977,-0.0010802,-0.0010208,-0.00077721,-0.00041659
0.00045049,0.000855,0.0011613,0.0013067,0.0012214,0.0008435,0.00014352,-0.00085776,-0.0021012,-0.0035439,-0.0052285,-0.0073045,-0.0099604,-0.013292,-0.01719,-0.021305,-0.025116,-0.028033,-0.02952,-0.029171,-0.026767,-0.022309,-0.016029,-0.008381,8.788e-07,0.0083828,0.01603,0.02231,0.026768,0.029172,0.029522,0.028035,0.025117,0.021307,0.017191,0.013294,0.0099617,0.0073056,0.0052295,0.0035449,0.0021021,0.0008586,-0.00014278,-0.00084287,-0.0012209,-0.0013063,-0.001161,-0.00085481,-0.00045039
0.00047329,0.00091161,0.0012737,0.0015046,0.0015353,0.0012934,0.00072618,-0.00017362,-0.0013626,-0.0027847,-0.0044407,-0.0064327,-0.0089227,-0.012016,-0.015637,-0.019483,-0.023072,-0.025845,-0.027283,-0.026999,-0.02479,-0.020662,-0.014843,-0.0077594,7.9258e-07,0.007761,0.014845,0.020664,0.024791,0.027001,0.027285,0.025846,0.023074,0.019485,0.015638,0.012017,0.0089239,0.0064337,0.0044417,0.0027856,0.0013635,0.00017441,-0.0007255,-0.0012928,-0.0015348,-0.0015042,-0.0012734,-0.00091144,-0.00047321
0.0004786,0.00093354,0.0013358,0.0016412,0.0017869,0.0016969,0.0012997,0.0005579,-0.00051245,-0.0018576,-0.0034465,-0.0053315,-0.0076393,-0.010474,-0.013796,-0.017352,-0.020712,-0.023359,-0.024803,-0.024668,-0.022744,-0.019021,-0.013698,-0.0071716,6.9199e-07,0.007173,0.013699,0.019023,0.022746,0.02467,0.024805,0.02336,0.020713,0.017353,0.013797,0.010476,0.0076404,0.0053325,0.0034474,0.0018584,0.00051324,-0.0005572,-0.0012992,-0.0016964,-0.0017865,-0.0016409,-0.0013356,-0.0009334,-0.00047853
0.00046023,0.00090756,0.0013254,0.0016824,0.0019271,0.001988,0.0017845,0.001252,0.00037142,-0.00082375,-0.0022872,-0.004025,-0.006119,-0.0086601,-0.01163,-0.014823,-0.017852,-0.020248,-0.021561,-0.02146,-0.019774,-0.016516,-0.011877,-0.0062121,5.8748e-07,0.0062133,0.011878,0.016517,0.019775,0.021461,0.021563,0.020249,0.017853,0.014824,0.011631,0.0086611,0.0061199,0.0040259,0.002288,0.00082451,-0.00037074,-0.0012514,-0.001784,-0.0019876,-0.0019268,-0.0016821,-0.0013252,-0.00090744,-0.00046017
0.00041297,0.00082227,0.0012225,0.0015955,0.0019052,0.0020935,0.0020834,0.0017952,0.0011752,0.00021994,-0.0010335,-0.0025595,-0.0043907,-0.0065939,-0.0091765,-0.011996,-0.014745,-0.017014,-0.018389,-0.018535,-0.01726,-0.014536,-0.010517,-0.0055208,4.6257e-07,0.0055218,0.010518,0.014537,0.017261,0.018536,0.01839,0.017015,0.014746,0.011997,0.0091774,0.0065948,0.0043915,0.0025602,0.0010341,-0.00021932,-0.0011746,-0.0017948,-0.002083,-0.0020932,-0.001905,-0.0015954,-0.0012224,-0.00082219,-0.00041293
0.00033351,0.00067002,0.0010123,0.0013539,0.001675,0.0019378,0.0020839,0.0020391,0.0017308,0.001115,0.00019135,-0.0010151,-0.0024934,-0.0042554,-0.0062825,-0.0084542,-0.010528,-0.012192,-0.013149,-0.013183,-0.012194,-0.010204,-0.0073445,-0.0038425,3.5149e-07,0.0038433,0.0073452,0.010205,0.012195,0.013183,0.013149,0.012193,0.010529,0.0084549,0.0062832,0.004256,0.002494,0.0010156,-0.00019084,-0.0011145,-0.0017304,-0.0020388,-0.0020837,-0.0019376,-0.0016748,-0.0013538,-0.0010123,-0.00066996,-0.00033348
0.00022146,0.00044908,0.00068917,0.0009427,0.0012036,0.0014556,0.0016694,0.0017999,0.0017906,0.0015842,0.0011379,0.00042762,-0.00056446,-0.001859,-0.0034564,-0.0052855,-0.0071671,-0.0088333,-0.0099902,-0.010391,-0.0098859,-0.0084467,-0.0061675,-0.0032542,1.9756e-07,0.0032546,0.0061679,0.0084471,0.0098864,0.010391,0.0099907,0.0088338,0.0071676,0.0052859,0.0034569,0.0018594,0.00056485,-0.00042726,-0.0011376,-0.001584,-0.0017904,-0.0017998,-0.0016692,-0.0014555,-0.0012035,-0.00094263,-0.00068912,-0.00044905,-0.00022145
8.0591e-05,0.00016594,0.00026003,0.00036554,0.00048335,0.00061214,0.00074819,0.00088539,0.0010155,0.001129,0.0012159,0.0012676,0.0012787,0.001249,0.0011836,0.001092,0.00098474,0.00087034,0.00075377,0.00063628,0.0005168,0.00039369,0.00026604,0.00013429,1.1065e-07,-0.00013407,-0.00026583,-0.00039348,-0.0005166,-0.00063609,-0.00075359,-0.00087018,-0.00098459,-0.0010919,-0.0011835,-0.0012488,-0.0012786,-0.0012675,-0.0012158,-0.001129,-0.0010155,-0.00088534,-0.00074815,-0.00061211,-0.00048332,-0.00036552,-0.00026001,-0.00016593,-8.0586e-05
