0.00044267
9.2143e-05
-0.00021132
-9.3164e-05
-9.6109e-07
-1.2305e-05
-1.8113e-05
-1.0992e-05
-5.5824e-06
-2.7508e-06
-4.4045e-06
-1.0546e-05
3.1695e-06
3.0088e-05
-2.7302e-05
-0.00012076
-9.5852e-05
-4.1257e-05
1.3287e-05
6.7883e-05
-0.00081341
-0.00050781
-0.00021282
-0.00026088
-0.00030623
-0.00030011
-0.0002938
-0.00028487
-0.00027681
-0.00027758
-0.00027768
-0.00027232
-0.00026666
-0.00025901
-0.00025092
-0.00024042
-0.00022949
-0.00021648
-0.00020317
-0.00018852
-0.00017374
-0.00015842
-0.00014313
-0.00012796
-0.00011287
-9.8094e-05
-8.3587e-05
-6.9815e-05
-5.6317e-05
-4.3487e-05
-3.0971e-05
-1.9152e-05
-7.6223e-06
3.3209e-06
1.3988e-05
2.4112e-05
3.399e-05
4.3452e-05
5.2693e-05
6.1587e-05
7.0266e-05
7.8634e-05
8.6886e-05
9.4984e-05
0.00010286
0.00011045
0.00011797
0.00012542
0.00013276
0.00013997
0.00014706
0.00015404
0.00016105
0.0001681
0.00017491
0.00018153
0.0001882
0.00019489
0.00020148
0.00020799
0.00021437
0.00022067
0.00022702
0.00023339
0.00023941
0.00024522
0.00025105
0.00025689
0.00026253
0.00026808
0.00027341
0.00027865
0.00028391
0.00028916
0.00029396
0.00029859
0.00030325
0.00030793
0.00031244
0.0003169
0.0003213
0.00032568
0.00033006
0.00033444
0.0003386
0.00034271
0.00034801
0.0003535
0.00035501
0.00035604
0.00036558
0.00037596
0.00038168
0.00038706
0.00035069
0.00031215
0.00055046
0.00079725
-4.3614e-05
-9.279e-06
2.5023e-05
5.9358e-05
7.5151e-05
1.7013e-05
-1.9844e-05
-6.9496e-06
5.1548e-08
-1.8125e-06
-3.6893e-06
-5.5824e-06
-2.571e-06
3.7015e-06
-1.5314e-05
-4.5147e-05
4.7378e-05
0.00017057
-1.8144e-05
-0.00024164
0.00066897
0.0053234
0.0050829
0.0019607
0.0011308
0.0012126
0.0024476
0.0037575
0.003559
0.0018831
0.0018591
0.002187
0.0027557
0.0029406
0.0027981
0.002174
0.0023684
0.0027118
0.0024976
0.0023349
0.0029371
0.0023517
0.0020731
0.0030778
0.0021315
0.0020974
0.0028636
0.0024861
0.0025802
0.0024731
0.0024219
0.0027933
0.0026189
0.002088
0.0023972
0.0026348
0.0028042
0.0030932
0.0017531
0.0016528
0.0034194
0.0024505
0.0020628
0.0022113
0.0030537
0.0029558
0.0023703
0.0014307
0.0026559
0.003127
0.0022404
0.0026135
0.0025979
0.0023513
0.0019514
0.0024087
0.003009
0.0033549
0.00099281
0.0016555
0.0038443
0.0021053
0.0019919
0.0029954
0.003068
0.0021822
0.0020603
0.0024335
0.0026147
0.002393
0.001776
0.001006
0.003845
0.0046701
0.0028548
-0.00027414
0.00079835
0.0042664
0.0032525
0.0021362
0.0021956
0.0029545
0.0024822
0.0023685
0.0027225
0.0023426
0.0025426
0.0026942
0.0023739
0.002451
0.0024084
0.0022988
0.0025336
0.0027884
0.0027227
0.0019417
0.0011279
0.0019267
0.0047535
0.0056381
-0.0019155
-0.00047499
0.01554
-0.012829
-0.0052959
0.013549
0.0091109
-0.0015781
-0.0011327
0.0089156
0.0052063
-0.0090545
-0.00076682
0.01055
0.0089003
-0.0036235
-0.00026072
0.0099178
0.0017853
-0.0039135
-0.0015066
0.013239
0.0022417
-0.0064818
0.014099
-0.0023654
0.00074454
0.0072592
-0.0009119
0.0044357
0.0018007
0.0025256
0.0048956
0.0025048
-0.0056671
0.018964
-0.0071884
0.00044267
-0.00044267
-9.2143e-05
0.00021132
9.3164e-05
9.6254e-07
1.2303e-05
1.811e-05
1.0994e-05
5.5861e-06
2.7514e-06
4.3996e-06
1.0528e-05
-3.1535e-06
-3.004e-05
2.7287e-05
0.00012072
9.5773e-05
4.1239e-05
-1.3301e-05
-6.7835e-05
0.00081323
0.00050774
0.00021286
0.00026088
0.00030621
0.0003001
0.0002938
0.00028487
0.00027681
0.00027758
0.00027768
0.00027232
0.00026666
0.00025902
0.00025093
0.00024043
0.0002295
0.00021649
0.00020318
0.00018853
0.00017375
0.00015843
0.00014315
0.00012798
0.00011289
9.8111e-05
8.3606e-05
6.9835e-05
5.6338e-05
4.3509e-05
3.0994e-05
1.9176e-05
7.6471e-06
-3.295e-06
-1.3961e-05
-2.4083e-05
-3.3961e-05
-4.3421e-05
-5.2661e-05
-6.1555e-05
-7.0232e-05
-7.8599e-05
-8.6849e-05
-9.4946e-05
-0.00010282
-0.00011041
-0.00011793
-0.00012538
-0.00013271
-0.00013992
-0.00014702
-0.000154
-0.00016101
-0.00016805
-0.00017486
-0.00018148
-0.00018814
-0.00019484
-0.00020142
-0.00020793
-0.00021432
-0.00022061
-0.00022696
-0.00023333
-0.00023934
-0.00024516
-0.00025099
-0.00025683
-0.00026246
-0.00026801
-0.00027334
-0.00027858
-0.00028384
-0.00028909
-0.00029389
-0.00029851
-0.00030318
-0.00030785
-0.00031236
-0.00031682
-0.00032122
-0.0003256
-0.00032998
-0.00033436
-0.00033852
-0.00034262
-0.00034793
-0.00035341
-0.00035493
-0.00035596
-0.00036549
-0.00037588
-0.0003816
-0.00038696
-0.00035061
-0.00031208
-0.00055034
-0.00079707
4.3591e-05
9.2883e-06
-2.5018e-05
-5.9321e-05
-7.514e-05
-1.7006e-05
1.982e-05
6.9442e-06
-4.0918e-08
1.8104e-06
3.6852e-06
5.5853e-06
2.5734e-06
-3.7046e-06
1.5312e-05
4.5149e-05
-4.7377e-05
-0.00017057
1.814e-05
0.00024164
-0.00066897
-0.0053234
-0.0050829
-0.0019607
-0.0011308
-0.0012126
-0.0024476
-0.0037575
-0.003559
-0.0018831
-0.0018591
-0.002187
-0.0027557
-0.0029406
-0.0027981
-0.002174
-0.0023684
-0.0027118
-0.0024976
-0.0023349
-0.0029371
-0.0023517
-0.0020731
-0.0030778
-0.0021315
-0.0020974
-0.0028636
-0.0024861
-0.0025802
-0.0024731
-0.0024219
-0.0027933
-0.0026189
-0.002088
-0.0023972
-0.0026348
-0.0028042
-0.0030932
-0.0017531
-0.0016528
-0.0034194
-0.0024505
-0.0020628
-0.0022113
-0.0030537
-0.0029558
-0.0023703
-0.0014307
-0.002656
-0.003127
-0.0022404
-0.0026135
-0.0025979
-0.0023513
-0.0019514
-0.0024087
-0.003009
-0.0033549
-0.00099282
-0.0016555
-0.0038443
-0.0021053
-0.0019919
-0.0029954
-0.003068
-0.0021823
-0.0020603
-0.0024335
-0.0026147
-0.002393
-0.001776
-0.001006
-0.003845
-0.0046701
-0.0028549
0.00027414
-0.00079835
-0.0042664
-0.0032525
-0.0021362
-0.0021956
-0.0029545
-0.0024822
-0.0023685
-0.0027225
-0.0023426
-0.0025426
-0.0026942
-0.0023739
-0.002451
-0.0024084
-0.0022988
-0.0025336
-0.0027884
-0.0027227
-0.0019417
-0.0011279
-0.0019267
-0.0047535
-0.0056381
0.0019155
0.00047498
-0.01554
0.012829
0.0052959
-0.013549
-0.0091109
0.0015781
0.0011327
-0.0089156
-0.0052063
0.0090545
0.00076682
-0.01055
-0.0089003
0.0036235
0.00026071
-0.0099178
-0.0017853
0.0039135
0.0015066
-0.013239
-0.0022417
0.0064818
-0.014099
0.0023654
-0.00074454
-0.0072592
0.0009119
-0.0044357
-0.0018008
-0.0025257
-0.0048956
-0.0025048
0.005667
-0.018964
0.0071884
-0.00044267
