-1,-1,-1,-1,-1,-1,-1,-1,-1,-1,-1,-1,-1,-1,-1,-1,-1,-1,-1,-1,-1,-1,-1,-1,-1,-1,-1,-1,-1,-1,-1,-1,-1,-1,-1,-1,-1,-1,-1,-1,-1,-1,-1,-1,-1,-1,-1,-1,-1,-1
-0.9799,-0.9799,-0.9799,-0.9799,-0.9799,-0.9799,-0.9799,-0.9799,-0.9799,-0.9799,-0.9799,-0.9799,-0.9799,-0.9799,-0.9799,-0.9799,-0.9799,-0.9799,-0.9799,-0.9799,-0.9799,-0.9799,-0.9799,-0.9799,-0.9799,-0.9799,-0.9799,-0.9799,-0.9799,-0.9799,-0.9799,-0.9799,-0.9799,-0.9799,-0.9799,-0.9799,-0.9799,-0.9799,-0.9799,-0.9799,-0.9799,-0.9799,-0.9799,-0.9799,-0.9799,-0.9799,-0.9799,-0.9799,-0.9799,-0.9799
-0.9598,-0.9598,-0.9598,-0.9598,-0.9598,-0.9598,-0.9598,-0.9598,-0.9598,-0.9598,-0.9598,-0.9598,-0.9598,-0.9598,-0.9598,-0.9598,-0.9598,-0.9598,-0.9598,-0.9598,-0.9598,-0.9598,-0.9598,-0.9598,-0.9598,-0.9598,-0.9598,-0.9598,-0.9598,-0.9598,-0.9598,-0.9598,-0.9598,-0.9598,-0.9598,-0.9598,-0.9598,-0.9598,-0.9598,-0.9598,-0.9598,-0.9598,-0.9598,-0.9598,-0.9598,-0.9598,-0.9598,-0.9598,-0.9598,-0.9598
-0.9397,-0.9397,-0.9397,-0.9397,-0.9397,-0.9397,-0.9397,-0.9397,-0.9397,-0.9397,-0.9397,-0.9397,-0.9397,-0.9397,-0.9397,-0.9397,-0.9397,-0.9397,-0.9397,-0.9397,-0.9397,-0.9397,-0.9397,-0.9397,-0.9397,-0.9397,-0.9397,-0.9397,-0.9397,-0.9397,-0.9397,-0.9397,-0.9397,-0.9397,-0.9397,-0.9397,-0.9397,-0.9397,-0.9397,-0.9397,-0.9397,-0.9397,-0.9397,-0.9397,-0.9397,-0.9397,-0.9397,-0.9397,-0.9397,-0.9397
-0.9196,-0.9196,-0.9196,-0.9196,-0.9196,-0.9196,-0.9196,-0.9196,-0.9196,-0.9196,-0.9196,-0.9196,-0.9196,-0.9196,-0.9196,-0.9196,-0.9196,-0.9196,-0.9196,-0.9196,-0.9196,-0.9196,-0.9196,-0.9196,-0.9196,-0.9196,-0.9196,-0.9196,-0.9196,-0.9196,-0.9196,-0.9196,-0.9196,-0.9196,-0.9196,-0.9196,-0.9196,-0.9196,-0.9196,-0.9196,-0.9196,-0.9196,-0.9196,-0.9196,-0.9196,-0.9196,-0.9196,-0.9196,-0.9196,-0.9196
-0.8995,-0.8995,-0.8995,-0.8995,-0.8995,-0.8995,-0.8995,-0.8995,-0.8995,-0.8995,-0.8995,-0.8995,-0.8995,-0.8995,-0.8995,-0.8995,-0.8995,-0.8995,-0.8995,-0.8995,-0.8995,-0.8995,-0.8995,-0.8995,-0.8995,-0.8995,-0.8995,-0.8995,-0.8995,-0.8995,-0.8995,-0.8995,-0.8995,-0.8995,-0.8995,-0.8995,-0.8995,-0.8995,-0.8995,-0.8995,-0.8995,-0.8995,-0.8995,-0.8995,-0.8995,-0.8995,-0.8995,-0.8995,-0.8995,-0.8995
-0.8794,-0.8794,-0.8794,-0.8794,-0.8794,-0.8794,-0.8794,-0.8794,-0.8794,-0.8794,-0.8794,-0.8794,-0.8794,-0.8794,-0.8794,-0.8794,-0.8794,-0.8794,-0.8794,-0.8794,-0.8794,-0.8794,-0.8794,-0.8794,-0.8794,-0.8794,-0.8794,-0.8794,-0.8794,-0.8794,-0.8794,-0.8794,-0.8794,-0.8794,-0.8794,-0.8794,-0.8794,-0.8794,-0.8794,-0.8794,-0.8794,-0.8794,-0.8794,-0.8794,-0.8794,-0.8794,-0.8794,-0.8794,-0.8794,-0.8794
-0.8593,-0.8593,-0.8593,-0.8593,-0.8593,-0.8593,-0.8593,-0.8593,-0.8593,-0.8593,-0.8593,-0.8593,-0.8593,-0.8593,-0.8593,-0.8593,-0.8593,-0.8593,-0.8593,-0.8593,-0.8593,-0.8593,-0.8593,-0.8593,-0.8593,-0.8593,-0.8593,-0.8593,-0.8593,-0.8593,-0.8593,-0.8593,-0.8593,-0.8593,-0.8593,-0.8593,-0.8593,-0.8593,-0.8593,-0.8593,-0.8593,-0.8593,-0.8593,-0.8593,-0.8593,-0.8593,-0.8593,-0.8593,-0.8593,-0.8593
-0.8392,-0.8392,-0.8392,-0.8392,-0.8392,-0.8392,-0.8392,-0.8392,-0.8392,-0.8392,-0.8392,-0.8392,-0.8392,-0.8392,-0.8392,-0.8392,-0.8392,-0.8392,-0.8392,-0.8392,-0.8392,-0.8392,-0.8392,-0.8392,-0.8392,-0.8392,-0.8392,-0.8392,-0.8392,-0.8392,-0.8392,-0.8392,-0.8392,-0.8392,-0.8392,-0.8392,-0.8392,-0.8392,-0.8392,-0.8392,-0.8392,-0.8392,-0.8392,-0.8392,-0.8392,-0.8392,-0.8392,-0.8392,-0.8392,-0.8392
-0.8191,-0.8191,-0.8191,-0.8191,-0.8191,-0.8191,-0.8191,-0.8191,-0.8191,-0.8191,-0.8191,-0.8191,-0.8191,-0.8191,-0.8191,-0.8191,-0.8191,-0.8191,-0.8191,-0.8191,-0.8191,-0.8191,-0.8191,-0.8191,-0.8191,-0.8191,-0.8191,-0.8191,-0.8191,-0.8191,-0.8191,-0.8191,-0.8191,-0.8191,-0.8191,-0.8191,-0.8191,-0.8191,-0.8191,-0.8191,-0.8191,-0.8191,-0.8191,-0.8191,-0.8191,-0.8191,-0.8191,-0.8191,-0.8191,-0.8191
-0.79899,-0.79899,-0.79899,-0.79899,-0.79899,-0.79899,-0.79899,-0.79899,-0.79899,-0.79899,-0.79899,-0.79899,-0.79899,-0.79899,-0.79899,-0.79899,-0.79899,-0.79899,-0.79899,-0.79899,-0.79899,-0.79899,-0.79899,-0.79899,-0.79899,-0.79899,-0.79899,-0.79899,-0.79899,-0.79899,-0.79899,-0.79899,-0.79899,-0.79899,-0.79899,-0.79899,-0.79899,-0.79899,-0.79899,-0.79899,-0.79899,-0.79899,-0.79899,-0.79899,-0.79899,-0.79899,-0.79899,-0.79899,-0.79899,-0.79899
-0.77889,-0.77889,-0.77889,-0.77889,-0.77889,-0.77889,-0.77889,-0.77889,-0.77889,-0.77889,-0.77889,-0.77889,-0.77889,-0.77889,-0.77889,-0.77889,-0.77889,-0.77889,-0.77889,-0.77889,-0.77889,-0.77889,-0.77889,-0.77889,-0.77889,-0.77889,-0.77889,-0.77889,-0.77889,-0.77889,-0.77889,-0.77889,-0.77889,-0.77889,-0.77889,-0.77889,-0.77889,-0.77889,-0.77889,-0.77889,-0.77889,-0.77889,-0.77889,-0.77889,-0.77889,-0.77889,-0.77889,-0.77889,-0.77889,-0.77889
-0.75879,-0.75879,-0.75879,-0.75879,-0.75879,-0.75879,-0.75879,-0.75879,-0.75879,-0.75879,-0.75879,-0.75879,-0.75879,-0.75879,-0.75879,-0.75879,-0.75879,-0.75879,-0.75879,-0.75879,-0.75879,-0.75879,-0.75879,-0.75879,-0.75879,-0.75879,-0.75879,-0.75879,-0.75879,-0.75879,-0.75879,-0.75879,-0.75879,-0.75879,-0.75879,-0.75879,-0.75879,-0.75879,-0.75879,-0.75879,-0.75879,-0.75879,-0.75879,-0.75879,-0.75879,-0.75879,-0.75879,-0.75879,-0.75879,-0.75879
-0.73869,-0.73869,-0.73869,-0.73869,-0.73869,-0.73869,-0.73869,-0.73869,-0.73869,-0.73869,-0.73869,-0.73869,-0.73869,-0.73869,-0.73869,-0.73869,-0.73869,-0.73869,-0.73869,-0.73869,-0.73869,-0.73869,-0.73869,-0.73869,-0.73869,-0.73869,-0.73869,-0.73869,-0.73869,-0.73869,-0.73869,-0.73869,-0.73869,-0.73869,-0.73869,-0.73869,-0.73869,-0.73869,-0.73869,-0.73869,-0.73869,-0.73869,-0.73869,-0.73869,-0.73869,-0.73869,-0.73869,-0.73869,-0.73869,-0.73869
-0.71859,-0.71859,-0.71859,-0.71859,-0.71859,-0.71859,-0.71859,-0.71859,-0.71859,-0.71859,-0.71859,-0.71859,-0.71859,-0.71859,-0.71859,-0.71859,-0.71859,-0.71859,-0.71859,-0.71859,-0.71859,-0.71859,-0.71859,-0.71859,-0.71859,-0.71859,-0.71859,-0.71859,-0.71859,-0.71859,-0.71859,-0.71859,-0.71859,-0.71859,-0.71859,-0.71859,-0.71859,-0.71859,-0.71859,-0.71859,-0.71859,-0.71859,-0.71859,-0.71859,-0.71859,-0.71859,-0.71859,-0.71859,-0.71859,-0.71859
-0.69849,-0.69849,-0.69849,-0.69849,-0.69849,-0.69849,-0.69849,-0.69849,-0.69849,-0.69849,-0.69849,-0.69849,-0.69849,-0.69849,-0.69849,-0.69849,-0.69849,-0.69849,-0.69849,-0.69849,-0.69849,-0.69849,-0.69849,-0.69849,-0.69849,-0.69849,-0.69849,-0.69849,-0.69849,-0.69849,-0.69849,-0.69849,-0.69849,-0.69849,-0.69849,-0.69849,-0.69849,-0.69849,-0.69849,-0.69849,-0.69849,-0.69849,-0.69849,-0.69849,-0.69849,-0.69849,-0.69849,-0.69849,-0.69849,-0.69849
-0.67839,-0.67839,-0.67839,-0.67839,-0.67839,-0.67839,-0.67839,-0.67839,-0.67839,-0.67839,-0.67839,-0.67839,-0.67839,-0.67839,-0.67839,-0.67839,-0.67839,-0.67839,-0.67839,-0.67839,-0.67839,-0.67839,-0.67839,-0.67839,-0.67839,-0.67839,-0.67839,-0.67839,-0.67839,-0.67839,-0.67839,-0.67839,-0.67839,-0.67839,-0.67839,-0.67839,-0.67839,-0.67839,-0.67839,-0.67839,-0.67839,-0.67839,-0.67839,-0.67839,-0.67839,-0.67839,-0.67839,-0.67839,-0.67839,-0.67839
-0.65829,-0.65829,-0.65829,-0.65829,-0.65829,-0.65829,-0.65829,-0.65829,-0.65829,-0.65829,-0.65829,-0.65829,-0.65829,-0.65829,-0.65829,-0.65829,-0.65829,-0.65829,-0.65829,-0.65829,-0.65829,-0.65829,-0.65829,-0.65829,-0.65829,-0.65829,-0.65829,-0.65829,-0.65829,-0.65829,-0.65829,-0.65829,-0.65829,-0.65829,-0.65829,-0.65829,-0.65829,-0.65829,-0.65829,-0.65829,-0.65829,-0.65829,-0.65829,-0.65829,-0.65829,-0.65829,-0.65829,-0.65829,-0.65829,-0.65829
-0.63819,-0.63819,-0.63819,-0.63819,-0.63819,-0.63819,-0.63819,-0.63819,-0.63819,-0.63819,-0.63819,-0.63819,-0.63819,-0.63819,-0.63819,-0.63819,-0.63819,-0.63819,-0.63819,-0.63819,-0.63819,-0.63819,-0.63819,-0.63819,-0.63819,-0.63819,-0.63819,-0.63819,-0.63819,-0.63819,-0.63819,-0.63819,-0.63819,-0.63819,-0.63819,-0.63819,-0.63819,-0.63819,-0.63819,-0.63819,-0.63819,-0.63819,-0.63819,-0.63819,-0.63819,-0.63819,-0.63819,-0.63819,-0.63819,-0.63819
-0.61809,-0.61809,-0.61809,-0.61809,-0.61809,-0.61809,-0.61809,-0.61809,-0.61809,-0.61809,-0.61809,-0.61809,-0.61809,-0.61809,-0.61809,-0.61809,-0.61809,-0.61809,-0.61809,-0.61809,-0.61809,-0.61809,-0.61809,-0.61809,-0.61809,-0.61809,-0.61809,-0.61809,-0.61809,-0.61809,-0.61809,-0.61809,-0.61809,-0.61809,-0.61809,-0.61809,-0.61809,-0.61809,-0.61809,-0.61809,-0.61809,-0.61809,-0.61809,-0.61809,-0.61809,-0.61809,-0.61809,-0.61809,-0.61809,-0.61809
-0.59799,-0.59799,-0.59799,-0.59799,-0.59799,-0.59799,-0.59799,-0.59799,-0.59799,-0.59799,-0.59799,-0.59799,-0.59799,-0.59799,-0.59799,-0.59799,-0.59799,-0.59799,-0.59799,-0.59799,-0.59799,-0.59799,-0.59799,-0.59799,-0.59799,-0.59799,-0.59799,-0.59799,-0.59799,-0.59799,-0.59799,-0.59799,-0.59799,-0.59799,-0.59799,-0.59799,-0.59799,-0.59799,-0.59799,-0.59799,-0.59799,-0.59799,-0.59799,-0.59799,-0.59799,-0.59799,-0.59799,-0.59799,-0.59799,-0.59799
-0.57789,-0.57789,-0.57789,-0.57789,-0.57789,-0.57789,-0.57789,-0.57789,-0.57789,-0.57789,-0.57789,-0.57789,-0.57789,-0.57789,-0.57789,-0.57789,-0.57789,-0.57789,-0.57789,-0.57789,-0.57789,-0.57789,-0.57789,-0.57789,-0.57789,-0.57789,-0.57789,-0.57789,-0.57789,-0.57789,-0.57789,-0.57789,-0.57789,-0.57789,-0.57789,-0.57789,-0.57789,-0.57789,-0.57789,-0.57789,-0.57789,-0.57789,-0.57789,-0.57789,-0.57789,-0.57789,-0.57789,-0.57789,-0.57789,-0.57789
-0.55779,-0.55779,-0.55779,-0.55779,-0.55779,-0.55779,-0.55779,-0.55779,-0.55779,-0.55779,-0.55779,-0.55779,-0.55779,-0.55779,-0.55779,-0.55779,-0.55779,-0.55779,-0.55779,-0.55779,-0.55779,-0.55779,-0.55779,-0.55779,-0.55779,-0.55779,-0.55779,-0.55779,-0.55779,-0.55779,-0.55779,-0.55779,-0.55779,-0.55779,-0.55779,-0.55779,-0.55779,-0.55779,-0.55779,-0.55779,-0.55779,-0.55779,-0.55779,-0.55779,-0.55779,-0.55779,-0.55779,-0.55779,-0.55779,-0.55779
-0.53769,-0.53769,-0.53769,-0.53769,-0.53769,-0.53769,-0.53769,-0.53769,-0.53769,-0.53769,-0.53769,-0.53769,-0.53769,-0.53769,-0.53769,-0.53769,-0.53769,-0.53769,-0.53769,-0.53769,-0.53769,-0.53769,-0.53769,-0.53769,-0.53769,-0.53769,-0.53769,-0.53769,-0.53769,-0.53769,-0.53769,-0.53769,-0.53769,-0.53769,-0.53769,-0.53769,-0.53769,-0.53769,-0.53769,-0.53769,-0.53769,-0.53769,-0.53769,-0.53769,-0.53769,-0.53769,-0.53769,-0.53769,-0.53769,-0.53769
-0.51759,-0.51759,-0.51759,-0.51759,-0.51759,-0.51759,-0.51759,-0.51759,-0.51759,-0.51759,-0.51759,-0.51759,-0.51759,-0.51759,-0.51759,-0.51759,-0.51759,-0.51759,-0.51759,-0.51759,-0.51759,-0.51759,-0.51759,-0.51759,-0.51759,-0.51759,-0.51759,-0.51759,-0.51759,-0.51759,-0.51759,-0.51759,-0.51759,-0.51759,-0.51759,-0.51759,-0.51759,-0.51759,-0.51759,-0.51759,-0.51759,-0.51759,-0.51759,-0.51759,-0.51759,-0.51759,-0.51759,-0.51759,-0.51759,-0.51759
-0.49749,-0.49749,-0.49749,-0.49749,-0.49749,-0.49749,-0.49749,-0.49749,-0.49749,-0.49749,-0.49749,-0.49749,-0.49749,-0.49749,-0.49749,-0.49749,-0.49749,-0.49749,-0.49749,-0.49749,-0.49749,-0.49749,-0.49749,-0.49749,-0.49749,-0.49749,-0.49749,-0.49749,-0.49749,-0.49749,-0.49749,-0.49749,-0.49749,-0.49749,-0.49749,-0.49749,-0.49749,-0.49749,-0.49749,-0.49749,-0.49749,-0.49749,-0.49749,-0.49749,-0.49749,-0.49749,-0.49749,-0.49749,-0.49749,-0.49749
-0.47739,-0.47739,-0.47739,-0.47739,-0.47739,-0.47739,-0.47739,-0.47739,-0.47739,-0.47739,-0.47739,-0.47739,-0.47739,-0.47739,-0.47739,-0.47739,-0.47739,-0.47739,-0.47739,-0.47739,-0.47739,-0.47739,-0.47739,-0.47739,-0.47739,-0.47739,-0.47739,-0.47739,-0.47739,-0.47739,-0.47739,-0.47739,-0.47739,-0.47739,-0.47739,-0.47739,-0.47739,-0.47739,-0.47739,-0.47739,-0.47739,-0.47739,-0.47739,-0.47739,-0.47739,-0.47739,-0.47739,-0.47739,-0.47739,-0.47739
-0.45729,-0.45729,-0.45729,-0.45729,-0.45729,-0.45729,-0.45729,-0.45729,-0.45729,-0.45729,-0.45729,-0.45729,-0.45729,-0.45729,-0.45729,-0.45729,-0.45729,-0.45729,-0.45729,-0.45729,-0.45729,-0.45729,-0.45729,-0.45729,-0.45729,-0.45729,-0.45729,-0.45729,-0.45729,-0.45729,-0.45729,-0.45729,-0.45729,-0.45729,-0.45729,-0.45729,-0.45729,-0.45729,-0.45729,-0.45729,-0.45729,-0.45729,-0.45729,-0.45729,-0.45729,-0.45729,-0.45729,-0.45729,-0.45729,-0.45729
-0.43719,-0.43719,-0.43719,-0.43719,-0.43719,-0.43719,-0.43719,-0.43719,-0.43719,-0.43719,-0.43719,-0.43719,-0.43719,-0.43719,-0.43719,-0.43719,-0.43719,-0.43719,-0.43719,-0.43719,-0.43719,-0.43719,-0.43719,-0.43719,-0.43719,-0.43719,-0.43719,-0.43719,-0.43719,-0.43719,-0.43719,-0.43719,-0.43719,-0.43719,-0.43719,-0.43719,-0.43719,-0.43719,-0.43719,-0.43719,-0.43719,-0.43719,-0.43719,-0.43719,-0.43719,-0.43719,-0.43719,-0.43719,-0.43719,-0.43719
-0.41709,-0.41709,-0.41709,-0.41709,-0.41709,-0.41709,-0.41709,-0.41709,-0.41709,-0.41709,-0.41709,-0.41709,-0.41709,-0.41709,-0.41709,-0.41709,-0.41709,-0.41709,-0.41709,-0.41709,-0.41709,-0.41709,-0.41709,-0.41709,-0.41709,-0.41709,-0.41709,-0.41709,-0.41709,-0.41709,-0.41709,-0.41709,-0.41709,-0.41709,-0.41709,-0.41709,-0.41709,-0.41709,-0.41709,-0.41709,-0.41709,-0.41709,-0.41709,-0.41709,-0.41709,-0.41709,-0.41709,-0.41709,-0.41709,-0.41709
-0.39698,-0.39698,-0.39698,-0.39698,-0.39698,-0.39698,-0.39698,-0.39698,-0.39698,-0.39698,-0.39698,-0.39698,-0.39698,-0.39698,-0.39698,-0.39698,-0.39698,-0.39698,-0.39698,-0.39698,-0.39698,-0.39698,-0.39698,-0.39698,-0.39698,-0.39698,-0.39698,-0.39698,-0.39698,-0.39698,-0.39698,-0.39698,-0.39698,-0.39698,-0.39698,-0.39698,-0.39698,-0.39698,-0.39698,-0.39698,-0.39698,-0.39698,-0.39698,-0.39698,-0.39698,-0.39698,-0.39698,-0.39698,-0.39698,-0.39698
-0.37688,-0.37688,-0.37688,-0.37688,-0.37688,-0.37688,-0.37688,-0.37688,-0.37688,-0.37688,-0.37688,-0.37688,-0.37688,-0.37688,-0.37688,-0.37688,-0.37688,-0.37688,-0.37688,-0.37688,-0.37688,-0.37688,-0.37688,-0.37688,-0.37688,-0.37688,-0.37688,-0.37688,-0.37688,-0.37688,-0.37688,-0.37688,-0.37688,-0.37688,-0.37688,-0.37688,-0.37688,-0.37688,-0.37688,-0.37688,-0.37688,-0.37688,-0.37688,-0.37688,-0.37688,-0.37688,-0.37688,-0.37688,-0.37688,-0.37688
-0.35678,-0.35678,-0.35678,-0.35678,-0.35678,-0.35678,-0.35678,-0.35678,-0.35678,-0.35678,-0.35678,-0.35678,-0.35678,-0.35678,-0.35678,-0.35678,-0.35678,-0.35678,-0.35678,-0.35678,-0.35678,-0.35678,-0.35678,-0.35678,-0.35678,-0.35678,-0.35678,-0.35678,-0.35678,-0.35678,-0.35678,-0.35678,-0.35678,-0.35678,-0.35678,-0.35678,-0.35678,-0.35678,-0.35678,-0.35678,-0.35678,-0.35678,-0.35678,-0.35678,-0.35678,-0.35678,-0.35678,-0.35678,-0.35678,-0.35678
-0.33668,-0.33668,-0.33668,-0.33668,-0.33668,-0.33668,-0.33668,-0.33668,-0.33668,-0.33668,-0.33668,-0.33668,-0.33668,-0.33668,-0.33668,-0.33668,-0.33668,-0.33668,-0.33668,-0.33668,-0.33668,-0.33668,-0.33668,-0.33668,-0.33668,-0.33668,-0.33668,-0.33668,-0.33668,-0.33668,-0.33668,-0.33668,-0.33668,-0.33668,-0.33668,-0.33668,-0.33668,-0.33668,-0.33668,-0.33668,-0.33668,-0.33668,-0.33668,-0.33668,-0.33668,-0.33668,-0.33668,-0.33668,-0.33668,-0.33668
-0.31658,-0.31658,-0.31658,-0.31658,-0.31658,-0.31658,-0.31658,-0.31658,-0.31658,-0.31658,-0.31658,-0.31658,-0.31658,-0.31658,-0.31658,-0.31658,-0.31658,-0.31658,-0.31658,-0.31658,-0.31658,-0.31658,-0.31658,-0.31658,-0.31658,-0.31658,-0.31658,-0.31658,-0.31658,-0.31658,-0.31658,-0.31658,-0.31658,-0.31658,-0.31658,-0.31658,-0.31658,-0.31658,-0.31658,-0.31658,-0.31658,-0.31658,-0.31658,-0.31658,-0.31658,-0.31658,-0.31658,-0.31658,-0.31658,-0.31658
-0.29648,-0.29648,-0.29648,-0.29648,-0.29648,-0.29648,-0.29648,-0.29648,-0.29648,-0.29648,-0.29648,-0.29648,-0.29648,-0.29648,-0.29648,-0.29648,-0.29648,-0.29648,-0.29648,-0.29648,-0.29648,-0.29648,-0.29648,-0.29648,-0.29648,-0.29648,-0.29648,-0.29648,-0.29648,-0.29648,-0.29648,-0.29648,-0.29648,-0.29648,-0.29648,-0.29648,-0.29648,-0.29648,-0.29648,-0.29648,-0.29648,-0.29648,-0.29648,-0.29648,-0.29648,-0.29648,-0.29648,-0.29648,-0.29648,-0.29648
-0.27638,-0.27638,-0.27638,-0.27638,-0.27638,-0.27638,-0.27638,-0.27638,-0.27638,-0.27638,-0.27638,-0.27638,-0.27638,-0.27638,-0.27638,-0.27638,-0.27638,-0.27638,-0.27638,-0.27638,-0.27638,-0.27638,-0.27638,-0.27638,-0.27638,-0.27638,-0.27638,-0.27638,-0.27638,-0.27638,-0.27638,-0.27638,-0.27638,-0.27638,-0.27638,-0.27638,-0.27638,-0.27638,-0.27638,-0.27638,-0.27638,-0.27638,-0.27638,-0.27638,-0.27638,-0.27638,-0.27638,-0.27638,-0.27638,-0.27638
-0.25628,-0.25628,-0.25628,-0.25628,-0.25628,-0.25628,-0.25628,-0.25628,-0.25628,-0.25628,-0.25628,-0.25628,-0.25628,-0.25628,-0.25628,-0.25628,-0.25628,-0.25628,-0.25628,-0.25628,-0.25628,-0.25628,-0.25628,-0.25628,-0.25628,-0.25628,-0.25628,-0.25628,-0.25628,-0.25628,-0.25628,-0.25628,-0.25628,-0.25628,-0.25628,-0.25628,-0.25628,-0.25628,-0.25628,-0.25628,-0.25628,-0.25628,-0.25628,-0.25628,-0.25628,-0.25628,-0.25628,-0.25628,-0.25628,-0.25628
-0.23618,-0.23618,-0.23618,-0.23618,-0.23618,-0.23618,-0.23618,-0.23618,-0.23618,-0.23618,-0.23618,-0.23618,-0.23618,-0.23618,-0.23618,-0.23618,-0.23618,-0.23618,-0.23618,-0.23618,-0.23618,-0.23618,-0.23618,-0.23618,-0.23618,-0.23618,-0.23618,-0.23618,-0.23618,-0.23618,-0.23618,-0.23618,-0.23618,-0.23618,-0.23618,-0.23618,-0.23618,-0.23618,-0.23618,-0.23618,-0.23618,-0.23618,-0.23618,-0.23618,-0.23618,-0.23618,-0.23618,-0.23618,-0.23618,-0.23618
-0.21608,-0.21608,-0.21608,-0.21608,-0.21608,-0.21608,-0.21608,-0.21608,-0.21608,-0.21608,-0.21608,-0.21608,-0.21608,-0.21608,-0.21608,-0.21608,-0.21608,-0.21608,-0.21608,-0.21608,-0.21608,-0.21608,-0.21608,-0.21608,-0.21608,-0.21608,-0.21608,-0.21608,-0.21608,-0.21608,-0.21608,-0.21608,-0.21608,-0.21608,-0.21608,-0.21608,-0.21608,-0.21608,-0.21608,-0.21608,-0.21608,-0.21608,-0.21608,-0.21608,-0.21608,-0.21608,-0.21608,-0.21608,-0.21608,-0.21608
-0.19598,-0.19598,-0.19598,-0.19598,-0.19598,-0.19598,-0.19598,-0.19598,-0.19598,-0.19598,-0.19598,-0.19598,-0.19598,-0.19598,-0.19598,-0.19598,-0.19598,-0.19598,-0.19598,-0.19598,-0.19598,-0.19598,-0.19598,-0.19598,-0.19598,-0.19598,-0.19598,-0.19598,-0.19598,-0.19598,-0.19598,-0.19598,-0.19598,-0.19598,-0.19598,-0.19598,-0.19598,-0.19598,-0.19598,-0.19598,-0.19598,-0.19598,-0.19598,-0.19598,-0.19598,-0.19598,-0.19598,-0.19598,-0.19598,-0.19598
-0.17588,-0.17588,-0.17588,-0.17588,-0.17588,-0.17588,-0.17588,-0.17588,-0.17588,-0.17588,-0.17588,-0.17588,-0.17588,-0.17588,-0.17588,-0.17588,-0.17588,-0.17588,-0.17588,-0.17588,-0.17588,-0.17588,-0.17588,-0.17588,-0.17588,-0.17588,-0.17588,-0.17588,-0.17588,-0.17588,-0.17588,-0.17588,-0.17588,-0.17588,-0.17588,-0.17588,-0.17588,-0.17588,-0.17588,-0.17588,-0.17588,-0.17588,-0.17588,-0.17588,-0.17588,-0.17588,-0.17588,-0.17588,-0.17588,-0.17588
-0.15578,-0.15578,-0.15578,-0.15578,-0.15578,-0.15578,-0.15578,-0.15578,-0.15578,-0.15578,-0.15578,-0.15578,-0.15578,-0.15578,-0.15578,-0.15578,-0.15578,-0.15578,-0.15578,-0.15578,-0.15578,-0.15578,-0.15578,-0.15578,-0.15578,-0.15578,-0.15578,-0.15578,-0.15578,-0.15578,-0.15578,-0.15578,-0.15578,-0.15578,-0.15578,-0.15578,-0.15578,-0.15578,-0.15578,-0.15578,-0.15578,-0.15578,-0.15578,-0.15578,-0.15578,-0.15578,-0.15578,-0.15578,-0.15578,-0.15578
-0.13568,-0.13568,-0.13568,-0.13568,-0.13568,-0.13568,-0.13568,-0.13568,-0.13568,-0.13568,-0.13568,-0.13568,-0.13568,-0.13568,-0.13568,-0.13568,-0.13568,-0.13568,-0.13568,-0.13568,-0.13568,-0.13568,-0.13568,-0.13568,-0.13568,-0.13568,-0.13568,-0.13568,-0.13568,-0.13568,-0.13568,-0.13568,-0.13568,-0.13568,-0.13568,-0.13568,-0.13568,-0.13568,-0.13568,-0.13568,-0.13568,-0.13568,-0.13568,-0.13568,-0.13568,-0.13568,-0.13568,-0.13568,-0.13568,-0.13568
-0.11558,-0.11558,-0.11558,-0.11558,-0.11558,-0.11558,-0.11558,-0.11558,-0.11558,-0.11558,-0.11558,-0.11558,-0.11558,-0.11558,-0.11558,-0.11558,-0.11558,-0.11558,-0.11558,-0.11558,-0.11558,-0.11558,-0.11558,-0.11558,-0.11558,-0.11558,-0.11558,-0.11558,-0.11558,-0.11558,-0.11558,-0.11558,-0.11558,-0.11558,-0.11558,-0.11558,-0.11558,-0.11558,-0.11558,-0.11558,-0.11558,-0.11558,-0.11558,-0.11558,-0.11558,-0.11558,-0.11558,-0.11558,-0.11558,-0.11558
-0.095477,-0.095477,-0.095477,-0.095477,-0.095477,-0.095477,-0.095477,-0.095477,-0.095477,-0.095477,-0.095477,-0.095477,-0.095477,-0.095477,-0.095477,-0.095477,-0.095477,-0.095477,-0.095477,-0.095477,-0.095477,-0.095477,-0.095477,-0.095477,-0.095477,-0.095477,-0.095477,-0.095477,-0.095477,-0.095477,-0.095477,-0.095477,-0.095477,-0.095477,-0.095477,-0.095477,-0.095477,-0.095477,-0.095477,-0.095477,-0.095477,-0.095477,-0.095477,-0.095477,-0.095477,-0.095477,-0.095477,-0.095477,-0.095477,-0.095477
-0.075377,-0.075377,-0.075377,-0.075377,-0.075377,-0.075377,-0.075377,-0.075377,-0.075377,-0.075377,-0.075377,-0.075377,-0.075377,-0.075377,-0.075377,-0.075377,-0.075377,-0.075377,-0.075377,-0.075377,-0.075377,-0.075377,-0.075377,-0.075377,-0.075377,-0.075377,-0.075377,-0.075377,-0.075377,-0.075377,-0.075377,-0.075377,-0.075377,-0.075377,-0.075377,-0.075377,-0.075377,-0.075377,-0.075377,-0.075377,-0.075377,-0.075377,-0.075377,-0.075377,-0.075377,-0.075377,-0.075377,-0.075377,-0.075377,-0.075377
-0.055276,-0.055276,-0.055276,-0.055276,-0.055276,-0.055276,-0.055276,-0.055276,-0.055276,-0.055276,-0.055276,-0.055276,-0.055276,-0.055276,-0.055276,-0.055276,-0.055276,-0.055276,-0.055276,-0.055276,-0.055276,-0.055276,-0.055276,-0.055276,-0.055276,-0.055276,-0.055276,-0.055276,-0.055276,-0.055276,-0.055276,-0.055276,-0.055276,-0.055276,-0.055276,-0.055276,-0.055276,-0.055276,-0.055276,-0.055276,-0.055276,-0.055276,-0.055276,-0.055276,-0.055276,-0.055276,-0.055276,-0.055276,-0.055276,-0.055276
-0.035176,-0.035176,-0.035176,-0.035176,-0.035176,-0.035176,-0.035176,-0.035176,-0.035176,-0.035176,-0.035176,-0.035176,-0.035176,-0.035176,-0.035176,-0.035176,-0.035176,-0.035176,-0.035176,-0.035176,-0.035176,-0.035176,-0.035176,-0.035176,-0.035176,-0.035176,-0.035176,-0.035176,-0.035176,-0.035176,-0.035176,-0.035176,-0.035176,-0.035176,-0.035176,-0.035176,-0.035176,-0.035176,-0.035176,-0.035176,-0.035176,-0.035176,-0.035176,-0.035176,-0.035176,-0.035176,-0.035176,-0.035176,-0.035176,-0.035176
-0.015075,-0.015075,-0.015075,-0.015075,-0.015075,-0.015075,-0.015075,-0.015075,-0.015075,-0.015075,-0.015075,-0.015075,-0.015075,-0.015075,-0.015075,-0.015075,-0.015075,-0.015075,-0.015075,-0.015075,-0.015075,-0.015075,-0.015075,-0.015075,-0.015075,-0.015075,-0.015075,-0.015075,-0.015075,-0.015075,-0.015075,-0.015075,-0.015075,-0.015075,-0.015075,-0.015075,-0.015075,-0.015075,-0.015075,-0.015075,-0.015075,-0.015075,-0.015075,-0.015075,-0.015075,-0.015075,-0.015075,-0.015075,-0.015075,-0.015075
0.0050251,0.0050251,0.0050251,0.0050251,0.0050251,0.0050251,0.0050251,0.0050251,0.0050251,0.0050251,0.0050251,0.0050251,0.0050251,0.0050251,0.0050251,0.0050251,0.0050251,0.0050251,0.0050251,0.0050251,0.0050251,0.0050251,0.0050251,0.0050251,0.0050251,0.0050251,0.0050251,0.0050251,0.0050251,0.0050251,0.0050251,0.0050251,0.0050251,0.0050251,0.0050251,0.0050251,0.0050251,0.0050251,0.0050251,0.0050251,0.0050251,0.0050251,0.0050251,0.0050251,0.0050251,0.0050251,0.0050251,0.0050251,0.0050251,0.0050251
0.025126,0.025126,0.025126,0.025126,0.025126,0.025126,0.025126,0.025126,0.025126,0.025126,0.025126,0.025126,0.025126,0.025126,0.025126,0.025126,0.025126,0.025126,0.025126,0.025126,0.025126,0.025126,0.025126,0.025126,0.025126,0.025126,0.025126,0.025126,0.025126,0.025126,0.025126,0.025126,0.025126,0.025126,0.025126,0.025126,0.025126,0.025126,0.025126,0.025126,0.025126,0.025126,0.025126,0.025126,0.025126,0.025126,0.025126,0.025126,0.025126,0.025126
0.045226,0.045226,0.045226,0.045226,0.045226,0.045226,0.045226,0.045226,0.045226,0.045226,0.045226,0.045226,0.045226,0.045226,0.045226,0.045226,0.045226,0.045226,0.045226,0.045226,0.045226,0.045226,0.045226,0.045226,0.045226,0.045226,0.045226,0.045226,0.045226,0.045226,0.045226,0.045226,0.045226,0.045226,0.045226,0.045226,0.045226,0.045226,0.045226,0.045226,0.045226,0.045226,0.045226,0.045226,0.045226,0.045226,0.045226,0.045226,0.045226,0.045226
0.065327,0.065327,0.065327,0.065327,0.065327,0.065327,0.065327,0.065327,0.065327,0.065327,0.065327,0.065327,0.065327,0.065327,0.065327,0.065327,0.065327,0.065327,0.065327,0.065327,0.065327,0.065327,0.065327,0.065327,0.065327,0.065327,0.065327,0.065327,0.065327,0.065327,0.065327,0.065327,0.065327,0.065327,0.065327,0.065327,0.065327,0.065327,0.065327,0.065327,0.065327,0.065327,0.065327,0.065327,0.065327,0.065327,0.065327,0.065327,0.065327,0.065327
0.085427,0.085427,0.085427,0.085427,0.085427,0.085427,0.085427,0.085427,0.085427,0.085427,0.085427,0.085427,0.085427,0.085427,0.085427,0.085427,0.085427,0.085427,0.085427,0.085427,0.085427,0.085427,0.085427,0.085427,0.085427,0.085427,0.085427,0.085427,0.085427,0.085427,0.085427,0.085427,0.085427,0.085427,0.085427,0.085427,0.085427,0.085427,0.085427,0.085427,0.085427,0.085427,0.085427,0.085427,0.085427,0.085427,0.085427,0.085427,0.085427,0.085427
0.10553,0.10553,0.10553,0.10553,0.10553,0.10553,0.10553,0.10553,0.10553,0.10553,0.10553,0.10553,0.10553,0.10553,0.10553,0.10553,0.10553,0.10553,0.10553,0.10553,0.10553,0.10553,0.10553,0.10553,0.10553,0.10553,0.10553,0.10553,0.10553,0.10553,0.10553,0.10553,0.10553,0.10553,0.10553,0.10553,0.10553,0.10553,0.10553,0.10553,0.10553,0.10553,0.10553,0.10553,0.10553,0.10553,0.10553,0.10553,0.10553,0.10553
0.12563,0.12563,0.12563,0.12563,0.12563,0.12563,0.12563,0.12563,0.12563,0.12563,0.12563,0.12563,0.12563,0.12563,0.12563,0.12563,0.12563,0.12563,0.12563,0.12563,0.12563,0.12563,0.12563,0.12563,0.12563,0.12563,0.12563,0.12563,0.12563,0.12563,0.12563,0.12563,0.12563,0.12563,0.12563,0.12563,0.12563,0.12563,0.12563,0.12563,0.12563,0.12563,0.12563,0.12563,0.12563,0.12563,0.12563,0.12563,0.12563,0.12563
0.14573,0.14573,0.14573,0.14573,0.14573,0.14573,0.14573,0.14573,0.14573,0.14573,0.14573,0.14573,0.14573,0.14573,0.14573,0.14573,0.14573,0.14573,0.14573,0.14573,0.14573,0.14573,0.14573,0.14573,0.14573,0.14573,0.14573,0.14573,0.14573,0.14573,0.14573,0.14573,0.14573,0.14573,0.14573,0.14573,0.14573,0.14573,0.14573,0.14573,0.14573,0.14573,0.14573,0.14573,0.14573,0.14573,0.14573,0.14573,0.14573,0.14573
0.16583,0.16583,0.16583,0.16583,0.16583,0.16583,0.16583,0.16583,0.16583,0.16583,0.16583,0.16583,0.16583,0.16583,0.16583,0.16583,0.16583,0.16583,0.16583,0.16583,0.16583,0.16583,0.16583,0.16583,0.16583,0.16583,0.16583,0.16583,0.16583,0.16583,0.16583,0.16583,0.16583,0.16583,0.16583,0.16583,0.16583,0.16583,0.16583,0.16583,0.16583,0.16583,0.16583,0.16583,0.16583,0.16583,0.16583,0.16583,0.16583,0.16583
0.18593,0.18593,0.18593,0.18593,0.18593,0.18593,0.18593,0.18593,0.18593,0.18593,0.18593,0.18593,0.18593,0.18593,0.18593,0.18593,0.18593,0.18593,0.18593,0.18593,0.18593,0.18593,0.18593,0.18593,0.18593,0.18593,0.18593,0.18593,0.18593,0.18593,0.18593,0.18593,0.18593,0.18593,0.18593,0.18593,0.18593,0.18593,0.18593,0.18593,0.18593,0.18593,0.18593,0.18593,0.18593,0.18593,0.18593,0.18593,0.18593,0.18593
0.20603,0.20603,0.20603,0.20603,0.20603,0.20603,0.20603,0.20603,0.20603,0.20603,0.20603,0.20603,0.20603,0.20603,0.20603,0.20603,0.20603,0.20603,0.20603,0.20603,0.20603,0.20603,0.20603,0.20603,0.20603,0.20603,0.20603,0.20603,0.20603,0.20603,0.20603,0.20603,0.20603,0.20603,0.20603,0.20603,0.20603,0.20603,0.20603,0.20603,0.20603,0.20603,0.20603,0.20603,0.20603,0.20603,0.20603,0.20603,0.20603,0.20603
0.22613,0.22613,0.22613,0.22613,0.22613,0.22613,0.22613,0.22613,0.22613,0.22613,0.22613,0.22613,0.22613,0.22613,0.22613,0.22613,0.22613,0.22613,0.22613,0.22613,0.22613,0.22613,0.22613,0.22613,0.22613,0.22613,0.22613,0.22613,0.22613,0.22613,0.22613,0.22613,0.22613,0.22613,0.22613,0.22613,0.22613,0.22613,0.22613,0.22613,0.22613,0.22613,0.22613,0.22613,0.22613,0.22613,0.22613,0.22613,0.22613,0.22613
0.24623,0.24623,0.24623,0.24623,0.24623,0.24623,0.24623,0.24623,0.24623,0.24623,0.24623,0.24623,0.24623,0.24623,0.24623,0.24623,0.24623,0.24623,0.24623,0.24623,0.24623,0.24623,0.24623,0.24623,0.24623,0.24623,0.24623,0.24623,0.24623,0.24623,0.24623,0.24623,0.24623,0.24623,0.24623,0.24623,0.24623,0.24623,0.24623,0.24623,0.24623,0.24623,0.24623,0.24623,0.24623,0.24623,0.24623,0.24623,0.24623,0.24623
0.26633,0.26633,0.26633,0.26633,0.26633,0.26633,0.26633,0.26633,0.26633,0.26633,0.26633,0.26633,0.26633,0.26633,0.26633,0.26633,0.26633,0.26633,0.26633,0.26633,0.26633,0.26633,0.26633,0.26633,0.26633,0.26633,0.26633,0.26633,0.26633,0.26633,0.26633,0.26633,0.26633,0.26633,0.26633,0.26633,0.26633,0.26633,0.26633,0.26633,0.26633,0.26633,0.26633,0.26633,0.26633,0.26633,0.26633,0.26633,0.26633,0.26633
0.28643,0.28643,0.28643,0.28643,0.28643,0.28643,0.28643,0.28643,0.28643,0.28643,0.28643,0.28643,0.28643,0.28643,0.28643,0.28643,0.28643,0.28643,0.28643,0.28643,0.28643,0.28643,0.28643,0.28643,0.28643,0.28643,0.28643,0.28643,0.28643,0.28643,0.28643,0.28643,0.28643,0.28643,0.28643,0.28643,0.28643,0.28643,0.28643,0.28643,0.28643,0.28643,0.28643,0.28643,0.28643,0.28643,0.28643,0.28643,0.28643,0.28643
0.30653,0.30653,0.30653,0.30653,0.30653,0.30653,0.30653,0.30653,0.30653,0.30653,0.30653,0.30653,0.30653,0.30653,0.30653,0.30653,0.30653,0.30653,0.30653,0.30653,0.30653,0.30653,0.30653,0.30653,0.30653,0.30653,0.30653,0.30653,0.30653,0.30653,0.30653,0.30653,0.30653,0.30653,0.30653,0.30653,0.30653,0.30653,0.30653,0.30653,0.30653,0.30653,0.30653,0.30653,0.30653,0.30653,0.30653,0.30653,0.30653,0.30653
0.32663,0.32663,0.32663,0.32663,0.32663,0.32663,0.32663,0.32663,0.32663,0.32663,0.32663,0.32663,0.32663,0.32663,0.32663,0.32663,0.32663,0.32663,0.32663,0.32663,0.32663,0.32663,0.32663,0.32663,0.32663,0.32663,0.32663,0.32663,0.32663,0.32663,0.32663,0.32663,0.32663,0.32663,0.32663,0.32663,0.32663,0.32663,0.32663,0.32663,0.32663,0.32663,0.32663,0.32663,0.32663,0.32663,0.32663,0.32663,0.32663,0.32663
0.34673,0.34673,0.34673,0.34673,0.34673,0.34673,0.34673,0.34673,0.34673,0.34673,0.34673,0.34673,0.34673,0.34673,0.34673,0.34673,0.34673,0.34673,0.34673,0.34673,0.34673,0.34673,0.34673,0.34673,0.34673,0.34673,0.34673,0.34673,0.34673,0.34673,0.34673,0.34673,0.34673,0.34673,0.34673,0.34673,0.34673,0.34673,0.34673,0.34673,0.34673,0.34673,0.34673,0.34673,0.34673,0.34673,0.34673,0.34673,0.34673,0.34673
0.36683,0.36683,0.36683,0.36683,0.36683,0.36683,0.36683,0.36683,0.36683,0.36683,0.36683,0.36683,0.36683,0.36683,0.36683,0.36683,0.36683,0.36683,0.36683,0.36683,0.36683,0.36683,0.36683,0.36683,0.36683,0.36683,0.36683,0.36683,0.36683,0.36683,0.36683,0.36683,0.36683,0.36683,0.36683,0.36683,0.36683,0.36683,0.36683,0.36683,0.36683,0.36683,0.36683,0.36683,0.36683,0.36683,0.36683,0.36683,0.36683,0.36683
0.38693,0.38693,0.38693,0.38693,0.38693,0.38693,0.38693,0.38693,0.38693,0.38693,0.38693,0.38693,0.38693,0.38693,0.38693,0.38693,0.38693,0.38693,0.38693,0.38693,0.38693,0.38693,0.38693,0.38693,0.38693,0.38693,0.38693,0.38693,0.38693,0.38693,0.38693,0.38693,0.38693,0.38693,0.38693,0.38693,0.38693,0.38693,0.38693,0.38693,0.38693,0.38693,0.38693,0.38693,0.38693,0.38693,0.38693,0.38693,0.38693,0.38693
0.40704,0.40704,0.40704,0.40704,0.40704,0.40704,0.40704,0.40704,0.40704,0.40704,0.40704,0.40704,0.40704,0.40704,0.40704,0.40704,0.40704,0.40704,0.40704,0.40704,0.40704,0.40704,0.40704,0.40704,0.40704,0.40704,0.40704,0.40704,0.40704,0.40704,0.40704,0.40704,0.40704,0.40704,0.40704,0.40704,0.40704,0.40704,0.40704,0.40704,0.40704,0.40704,0.40704,0.40704,0.40704,0.40704,0.40704,0.40704,0.40704,0.40704
0.42714,0.42714,0.42714,0.42714,0.42714,0.42714,0.42714,0.42714,0.42714,0.42714,0.42714,0.42714,0.42714,0.42714,0.42714,0.42714,0.42714,0.42714,0.42714,0.42714,0.42714,0.42714,0.42714,0.42714,0.42714,0.42714,0.42714,0.42714,0.42714,0.42714,0.42714,0.42714,0.42714,0.42714,0.42714,0.42714,0.42714,0.42714,0.42714,0.42714,0.42714,0.42714,0.42714,0.42714,0.42714,0.42714,0.42714,0.42714,0.42714,0.42714
0.44724,0.44724,0.44724,0.44724,0.44724,0.44724,0.44724,0.44724,0.44724,0.44724,0.44724,0.44724,0.44724,0.44724,0.44724,0.44724,0.44724,0.44724,0.44724,0.44724,0.44724,0.44724,0.44724,0.44724,0.44724,0.44724,0.44724,0.44724,0.44724,0.44724,0.44724,0.44724,0.44724,0.44724,0.44724,0.44724,0.44724,0.44724,0.44724,0.44724,0.44724,0.44724,0.44724,0.44724,0.44724,0.44724,0.44724,0.44724,0.44724,0.44724
0.46734,0.46734,0.46734,0.46734,0.46734,0.46734,0.46734,0.46734,0.46734,0.46734,0.46734,0.46734,0.46734,0.46734,0.46734,0.46734,0.46734,0.46734,0.46734,0.46734,0.46734,0.46734,0.46734,0.46734,0.46734,0.46734,0.46734,0.46734,0.46734,0.46734,0.46734,0.46734,0.46734,0.46734,0.46734,0.46734,0.46734,0.46734,0.46734,0.46734,0.46734,0.46734,0.46734,0.46734,0.46734,0.46734,0.46734,0.46734,0.46734,0.46734
0.48744,0.48744,0.48744,0.48744,0.48744,0.48744,0.48744,0.48744,0.48744,0.48744,0.48744,0.48744,0.48744,0.48744,0.48744,0.48744,0.48744,0.48744,0.48744,0.48744,0.48744,0.48744,0.48744,0.48744,0.48744,0.48744,0.48744,0.48744,0.48744,0.48744,0.48744,0.48744,0.48744,0.48744,0.48744,0.48744,0.48744,0.48744,0.48744,0.48744,0.48744,0.48744,0.48744,0.48744,0.48744,0.48744,0.48744,0.48744,0.48744,0.48744
0.50754,0.50754,0.50754,0.50754,0.50754,0.50754,0.50754,0.50754,0.50754,0.50754,0.50754,0.50754,0.50754,0.50754,0.50754,0.50754,0.50754,0.50754,0.50754,0.50754,0.50754,0.50754,0.50754,0.50754,0.50754,0.50754,0.50754,0.50754,0.50754,0.50754,0.50754,0.50754,0.50754,0.50754,0.50754,0.50754,0.50754,0.50754,0.50754,0.50754,0.50754,0.50754,0.50754,0.50754,0.50754,0.50754,0.50754,0.50754,0.50754,0.50754
0.52764,0.52764,0.52764,0.52764,0.52764,0.52764,0.52764,0.52764,0.52764,0.52764,0.52764,0.52764,0.52764,0.52764,0.52764,0.52764,0.52764,0.52764,0.52764,0.52764,0.52764,0.52764,0.52764,0.52764,0.52764,0.52764,0.52764,0.52764,0.52764,0.52764,0.52764,0.52764,0.52764,0.52764,0.52764,0.52764,0.52764,0.52764,0.52764,0.52764,0.52764,0.52764,0.52764,0.52764,0.52764,0.52764,0.52764,0.52764,0.52764,0.52764
0.54774,0.54774,0.54774,0.54774,0.54774,0.54774,0.54774,0.54774,0.54774,0.54774,0.54774,0.54774,0.54774,0.54774,0.54774,0.54774,0.54774,0.54774,0.54774,0.54774,0.54774,0.54774,0.54774,0.54774,0.54774,0.54774,0.54774,0.54774,0.54774,0.54774,0.54774,0.54774,0.54774,0.54774,0.54774,0.54774,0.54774,0.54774,0.54774,0.54774,0.54774,0.54774,0.54774,0.54774,0.54774,0.54774,0.54774,0.54774,0.54774,0.54774
0.56784,0.56784,0.56784,0.56784,0.56784,0.56784,0.56784,0.56784,0.56784,0.56784,0.56784,0.56784,0.56784,0.56784,0.56784,0.56784,0.56784,0.56784,0.56784,0.56784,0.56784,0.56784,0.56784,0.56784,0.56784,0.56784,0.56784,0.56784,0.56784,0.56784,0.56784,0.56784,0.56784,0.56784,0.56784,0.56784,0.56784,0.56784,0.56784,0.56784,0.56784,0.56784,0.56784,0.56784,0.56784,0.56784,0.56784,0.56784,0.56784,0.56784
0.58794,0.58794,0.58794,0.58794,0.58794,0.58794,0.58794,0.58794,0.58794,0.58794,0.58794,0.58794,0.58794,0.58794,0.58794,0.58794,0.58794,0.58794,0.58794,0.58794,0.58794,0.58794,0.58794,0.58794,0.58794,0.58794,0.58794,0.58794,0.58794,0.58794,0.58794,0.58794,0.58794,0.58794,0.58794,0.58794,0.58794,0.58794,0.58794,0.58794,0.58794,0.58794,0.58794,0.58794,0.58794,0.58794,0.58794,0.58794,0.58794,0.58794
0.60804,0.60804,0.60804,0.60804,0.60804,0.60804,0.60804,0.60804,0.60804,0.60804,0.60804,0.60804,0.60804,0.60804,0.60804,0.60804,0.60804,0.60804,0.60804,0.60804,0.60804,0.60804,0.60804,0.60804,0.60804,0.60804,0.60804,0.60804,0.60804,0.60804,0.60804,0.60804,0.60804,0.60804,0.60804,0.60804,0.60804,0.60804,0.60804,0.60804,0.60804,0.60804,0.60804,0.60804,0.60804,0.60804,0.60804,0.60804,0.60804,0.60804
0.62814,0.62814,0.62814,0.62814,0.62814,0.62814,0.62814,0.62814,0.62814,0.62814,0.62814,0.62814,0.62814,0.62814,0.62814,0.62814,0.62814,0.62814,0.62814,0.62814,0.62814,0.62814,0.62814,0.62814,0.62814,0.62814,0.62814,0.62814,0.62814,0.62814,0.62814,0.62814,0.62814,0.62814,0.62814,0.62814,0.62814,0.62814,0.62814,0.62814,0.62814,0.62814,0.62814,0.62814,0.62814,0.62814,0.62814,0.62814,0.62814,0.62814
0.64824,0.64824,0.64824,0.64824,0.64824,0.64824,0.64824,0.64824,0.64824,0.64824,0.64824,0.64824,0.64824,0.64824,0.64824,0.64824,0.64824,0.64824,0.64824,0.64824,0.64824,0.64824,0.64824,0.64824,0.64824,0.64824,0.64824,0.64824,0.64824,0.64824,0.64824,0.64824,0.64824,0.64824,0.64824,0.64824,0.64824,0.64824,0.64824,0.64824,0.64824,0.64824,0.64824,0.64824,0.64824,0.64824,0.64824,0.64824,0.64824,0.64824
0.66834,0.66834,0.66834,0.66834,0.66834,0.66834,0.66834,0.66834,0.66834,0.66834,0.66834,0.66834,0.66834,0.66834,0.66834,0.66834,0.66834,0.66834,0.66834,0.66834,0.66834,0.66834,0.66834,0.66834,0.66834,0.66834,0.66834,0.66834,0.66834,0.66834,0.66834,0.66834,0.66834,0.66834,0.66834,0.66834,0.66834,0.66834,0.66834,0.66834,0.66834,0.66834,0.66834,0.66834,0.66834,0.66834,0.66834,0.66834,0.66834,0.66834
0.68844,0.68844,0.68844,0.68844,0.68844,0.68844,0.68844,0.68844,0.68844,0.68844,0.68844,0.68844,0.68844,0.68844,0.68844,0.68844,0.68844,0.68844,0.68844,0.68844,0.68844,0.68844,0.68844,0.68844,0.68844,0.68844,0.68844,0.68844,0.68844,0.68844,0.68844,0.68844,0.68844,0.68844,0.68844,0.68844,0.68844,0.68844,0.68844,0.68844,0.68844,0.68844,0.68844,0.68844,0.68844,0.68844,0.68844,0.68844,0.68844,0.68844
0.70854,0.70854,0.70854,0.70854,0.70854,0.70854,0.70854,0.70854,0.70854,0.70854,0.70854,0.70854,0.70854,0.70854,0.70854,0.70854,0.70854,0.70854,0.70854,0.70854,0.70854,0.70854,0.70854,0.70854,0.70854,0.70854,0.70854,0.70854,0.70854,0.70854,0.70854,0.70854,0.70854,0.70854,0.70854,0.70854,0.70854,0.70854,0.70854,0.70854,0.70854,0.70854,0.70854,0.70854,0.70854,0.70854,0.70854,0.70854,0.70854,0.70854
0.72864,0.72864,0.72864,0.72864,0.72864,0.72864,0.72864,0.72864,0.72864,0.72864,0.72864,0.72864,0.72864,0.72864,0.72864,0.72864,0.72864,0.72864,0.72864,0.72864,0.72864,0.72864,0.72864,0.72864,0.72864,0.72864,0.72864,0.72864,0.72864,0.72864,0.72864,0.72864,0.72864,0.72864,0.72864,0.72864,0.72864,0.72864,0.72864,0.72864,0.72864,0.72864,0.72864,0.72864,0.72864,0.72864,0.72864,0.72864,0.72864,0.72864
0.74874,0.74874,0.74874,0.74874,0.74874,0.74874,0.74874,0.74874,0.74874,0.74874,0.74874,0.74874,0.74874,0.74874,0.74874,0.74874,0.74874,0.74874,0.74874,0.74874,0.74874,0.74874,0.74874,0.74874,0.74874,0.74874,0.74874,0.74874,0.74874,0.74874,0.74874,0.74874,0.74874,0.74874,0.74874,0.74874,0.74874,0.74874,0.74874,0.74874,0.74874,0.74874,0.74874,0.74874,0.74874,0.74874,0.74874,0.74874,0.74874,0.74874
0.76884,0.76884,0.76884,0.76884,0.76884,0.76884,0.76884,0.76884,0.76884,0.76884,0.76884,0.76884,0.76884,0.76884,0.76884,0.76884,0.76884,0.76884,0.76884,0.76884,0.76884,0.76884,0.76884,0.76884,0.76884,0.76884,0.76884,0.76884,0.76884,0.76884,0.76884,0.76884,0.76884,0.76884,0.76884,0.76884,0.76884,0.76884,0.76884,0.76884,0.76884,0.76884,0.76884,0.76884,0.76884,0.76884,0.76884,0.76884,0.76884,0.76884
0.78894,0.78894,0.78894,0.78894,0.78894,0.78894,0.78894,0.78894,0.78894,0.78894,0.78894,0.78894,0.78894,0.78894,0.78894,0.78894,0.78894,0.78894,0.78894,0.78894,0.78894,0.78894,0.78894,0.78894,0.78894,0.78894,0.78894,0.78894,0.78894,0.78894,0.78894,0.78894,0.78894,0.78894,0.78894,0.78894,0.78894,0.78894,0.78894,0.78894,0.78894,0.78894,0.78894,0.78894,0.78894,0.78894,0.78894,0.78894,0.78894,0.78894
0.80905,0.80905,0.80905,0.80905,0.80905,0.80905,0.80905,0.80905,0.80905,0.80905,0.80905,0.80905,0.80905,0.80905,0.80905,0.80905,0.80905,0.80905,0.80905,0.80905,0.80905,0.80905,0.80905,0.80905,0.80905,0.80905,0.80905,0.80905,0.80905,0.80905,0.80905,0.80905,0.80905,0.80905,0.80905,0.80905,0.80905,0.80905,0.80905,0.80905,0.80905,0.80905,0.80905,0.80905,0.80905,0.80905,0.80905,0.80905,0.80905,0.80905
0.82915,0.82915,0.82915,0.82915,0.82915,0.82915,0.82915,0.82915,0.82915,0.82915,0.82915,0.82915,0.82915,0.82915,0.82915,0.82915,0.82915,0.82915,0.82915,0.82915,0.82915,0.82915,0.82915,0.82915,0.82915,0.82915,0.82915,0.82915,0.82915,0.82915,0.82915,0.82915,0.82915,0.82915,0.82915,0.82915,0.82915,0.82915,0.82915,0.82915,0.82915,0.82915,0.82915,0.82915,0.82915,0.82915,0.82915,0.82915,0.82915,0.82915
0.84925,0.84925,0.84925,0.84925,0.84925,0.84925,0.84925,0.84925,0.84925,0.84925,0.84925,0.84925,0.84925,0.84925,0.84925,0.84925,0.84925,0.84925,0.84925,0.84925,0.84925,0.84925,0.84925,0.84925,0.84925,0.84925,0.84925,0.84925,0.84925,0.84925,0.84925,0.84925,0.84925,0.84925,0.84925,0.84925,0.84925,0.84925,0.84925,0.84925,0.84925,0.84925,0.84925,0.84925,0.84925,0.84925,0.84925,0.84925,0.84925,0.84925
0.86935,0.86935,0.86935,0.86935,0.86935,0.86935,0.86935,0.86935,0.86935,0.86935,0.86935,0.86935,0.86935,0.86935,0.86935,0.86935,0.86935,0.86935,0.86935,0.86935,0.86935,0.86935,0.86935,0.86935,0.86935,0.86935,0.86935,0.86935,0.86935,0.86935,0.86935,0.86935,0.86935,0.86935,0.86935,0.86935,0.86935,0.86935,0.86935,0.86935,0.86935,0.86935,0.86935,0.86935,0.86935,0.86935,0.86935,0.86935,0.86935,0.86935
0.88945,0.88945,0.88945,0.88945,0.88945,0.88945,0.88945,0.88945,0.88945,0.88945,0.88945,0.88945,0.88945,0.88945,0.88945,0.88945,0.88945,0.88945,0.88945,0.88945,0.88945,0.88945,0.88945,0.88945,0.88945,0.88945,0.88945,0.88945,0.88945,0.88945,0.88945,0.88945,0.88945,0.88945,0.88945,0.88945,0.88945,0.88945,0.88945,0.88945,0.88945,0.88945,0.88945,0.88945,0.88945,0.88945,0.88945,0.88945,0.88945,0.88945
0.90955,0.90955,0.90955,0.90955,0.90955,0.90955,0.90955,0.90955,0.90955,0.90955,0.90955,0.90955,0.90955,0.90955,0.90955,0.90955,0.90955,0.90955,0.90955,0.90955,0.90955,0.90955,0.90955,0.90955,0.90955,0.90955,0.90955,0.90955,0.90955,0.90955,0.90955,0.90955,0.90955,0.90955,0.90955,0.90955,0.90955,0.90955,0.90955,0.90955,0.90955,0.90955,0.90955,0.90955,0.90955,0.90955,0.90955,0.90955,0.90955,0.90955
0.92965,0.92965,0.92965,0.92965,0.92965,0.92965,0.92965,0.92965,0.92965,0.92965,0.92965,0.92965,0.92965,0.92965,0.92965,0.92965,0.92965,0.92965,0.92965,0.92965,0.92965,0.92965,0.92965,0.92965,0.92965,0.92965,0.92965,0.92965,0.92965,0.92965,0.92965,0.92965,0.92965,0.92965,0.92965,0.92965,0.92965,0.92965,0.92965,0.92965,0.92965,0.92965,0.92965,0.92965,0.92965,0.92965,0.92965,0.92965,0.92965,0.92965
0.94975,0.94975,0.94975,0.94975,0.94975,0.94975,0.94975,0.94975,0.94975,0.94975,0.94975,0.94975,0.94975,0.94975,0.94975,0.94975,0.94975,0.94975,0.94975,0.94975,0.94975,0.94975,0.94975,0.94975,0.94975,0.94975,0.94975,0.94975,0.94975,0.94975,0.94975,0.94975,0.94975,0.94975,0.94975,0.94975,0.94975,0.94975,0.94975,0.94975,0.94975,0.94975,0.94975,0.94975,0.94975,0.94975,0.94975,0.94975,0.94975,0.94975
0.96985,0.96985,0.96985,0.96985,0.96985,0.96985,0.96985,0.96985,0.96985,0.96985,0.96985,0.96985,0.96985,0.96985,0.96985,0.96985,0.96985,0.96985,0.96985,0.96985,0.96985,0.96985,0.96985,0.96985,0.96985,0.96985,0.96985,0.96985,0.96985,0.96985,0.96985,0.96985,0.96985,0.96985,0.96985,0.96985,0.96985,0.96985,0.96985,0.96985,0.96985,0.96985,0.96985,0.96985,0.96985,0.96985,0.96985,0.96985,0.96985,0.96985
0.98995,0.98995,0.98995,0.98995,0.98995,0.98995,0.98995,0.98995,0.98995,0.98995,0.98995,0.98995,0.98995,0.98995,0.98995,0.98995,0.98995,0.98995,0.98995,0.98995,0.98995,0.98995,0.98995,0.98995,0.98995,0.98995,0.98995,0.98995,0.98995,0.98995,0.98995,0.98995,0.98995,0.98995,0.98995,0.98995,0.98995,0.98995,0.98995,0.98995,0.98995,0.98995,0.98995,0.98995,0.98995,0.98995,0.98995,0.98995,0.98995,0.98995
1.0101,1.0101,1.0101,1.0101,1.0101,1.0101,1.0101,1.0101,1.0101,1.0101,1.0101,1.0101,1.0101,1.0101,1.0101,1.0101,1.0101,1.0101,1.0101,1.0101,1.0101,1.0101,1.0101,1.0101,1.0101,1.0101,1.0101,1.0101,1.0101,1.0101,1.0101,1.0101,1.0101,1.0101,1.0101,1.0101,1.0101,1.0101,1.0101,1.0101,1.0101,1.0101,1.0101,1.0101,1.0101,1.0101,1.0101,1.0101,1.0101,1.0101
1.0302,1.0302,1.0302,1.0302,1.0302,1.0302,1.0302,1.0302,1.0302,1.0302,1.0302,1.0302,1.0302,1.0302,1.0302,1.0302,1.0302,1.0302,1.0302,1.0302,1.0302,1.0302,1.0302,1.0302,1.0302,1.0302,1.0302,1.0302,1.0302,1.0302,1.0302,1.0302,1.0302,1.0302,1.0302,1.0302,1.0302,1.0302,1.0302,1.0302,1.0302,1.0302,1.0302,1.0302,1.0302,1.0302,1.0302,1.0302,1.0302,1.0302
1.0503,1.0503,1.0503,1.0503,1.0503,1.0503,1.0503,1.0503,1.0503,1.0503,1.0503,1.0503,1.0503,1.0503,1.0503,1.0503,1.0503,1.0503,1.0503,1.0503,1.0503,1.0503,1.0503,1.0503,1.0503,1.0503,1.0503,1.0503,1.0503,1.0503,1.0503,1.0503,1.0503,1.0503,1.0503,1.0503,1.0503,1.0503,1.0503,1.0503,1.0503,1.0503,1.0503,1.0503,1.0503,1.0503,1.0503,1.0503,1.0503,1.0503
1.0704,1.0704,1.0704,1.0704,1.0704,1.0704,1.0704,1.0704,1.0704,1.0704,1.0704,1.0704,1.0704,1.0704,1.0704,1.0704,1.0704,1.0704,1.0704,1.0704,1.0704,1.0704,1.0704,1.0704,1.0704,1.0704,1.0704,1.0704,1.0704,1.0704,1.0704,1.0704,1.0704,1.0704,1.0704,1.0704,1.0704,1.0704,1.0704,1.0704,1.0704,1.0704,1.0704,1.0704,1.0704,1.0704,1.0704,1.0704,1.0704,1.0704
1.0905,1.0905,1.0905,1.0905,1.0905,1.0905,1.0905,1.0905,1.0905,1.0905,1.0905,1.0905,1.0905,1.0905,1.0905,1.0905,1.0905,1.0905,1.0905,1.0905,1.0905,1.0905,1.0905,1.0905,1.0905,1.0905,1.0905,1.0905,1.0905,1.0905,1.0905,1.0905,1.0905,1.0905,1.0905,1.0905,1.0905,1.0905,1.0905,1.0905,1.0905,1.0905,1.0905,1.0905,1.0905,1.0905,1.0905,1.0905,1.0905,1.0905
1.1106,1.1106,1.1106,1.1106,1.1106,1.1106,1.1106,1.1106,1.1106,1.1106,1.1106,1.1106,1.1106,1.1106,1.1106,1.1106,1.1106,1.1106,1.1106,1.1106,1.1106,1.1106,1.1106,1.1106,1.1106,1.1106,1.1106,1.1106,1.1106,1.1106,1.1106,1.1106,1.1106,1.1106,1.1106,1.1106,1.1106,1.1106,1.1106,1.1106,1.1106,1.1106,1.1106,1.1106,1.1106,1.1106,1.1106,1.1106,1.1106,1.1106
1.1307,1.1307,1.1307,1.1307,1.1307,1.1307,1.1307,1.1307,1.1307,1.1307,1.1307,1.1307,1.1307,1.1307,1.1307,1.1307,1.1307,1.1307,1.1307,1.1307,1.1307,1.1307,1.1307,1.1307,1.1307,1.1307,1.1307,1.1307,1.1307,1.1307,1.1307,1.1307,1.1307,1.1307,1.1307,1.1307,1.1307,1.1307,1.1307,1.1307,1.1307,1.1307,1.1307,1.1307,1.1307,1.1307,1.1307,1.1307,1.1307,1.1307
1.1508,1.1508,1.1508,1.1508,1.1508,1.1508,1.1508,1.1508,1.1508,1.1508,1.1508,1.1508,1.1508,1.1508,1.1508,1.1508,1.1508,1.1508,1.1508,1.1508,1.1508,1.1508,1.1508,1.1508,1.1508,1.1508,1.1508,1.1508,1.1508,1.1508,1.1508,1.1508,1.1508,1.1508,1.1508,1.1508,1.1508,1.1508,1.1508,1.1508,1.1508,1.1508,1.1508,1.1508,1.1508,1.1508,1.1508,1.1508,1.1508,1.1508
1.1709,1.1709,1.1709,1.1709,1.1709,1.1709,1.1709,1.1709,1.1709,1.1709,1.1709,1.1709,1.1709,1.1709,1.1709,1.1709,1.1709,1.1709,1.1709,1.1709,1.1709,1.1709,1.1709,1.1709,1.1709,1.1709,1.1709,1.1709,1.1709,1.1709,1.1709,1.1709,1.1709,1.1709,1.1709,1.1709,1.1709,1.1709,1.1709,1.1709,1.1709,1.1709,1.1709,1.1709,1.1709,1.1709,1.1709,1.1709,1.1709,1.1709
1.191,1.191,1.191,1.191,1.191,1.191,1.191,1.191,1.191,1.191,1.191,1.191,1.191,1.191,1.191,1.191,1.191,1.191,1.191,1.191,1.191,1.191,1.191,1.191,1.191,1.191,1.191,1.191,1.191,1.191,1.191,1.191,1.191,1.191,1.191,1.191,1.191,1.191,1.191,1.191,1.191,1.191,1.191,1.191,1.191,1.191,1.191,1.191,1.191,1.191
1.2111,1.2111,1.2111,1.2111,1.2111,1.2111,1.2111,1.2111,1.2111,1.2111,1.2111,1.2111,1.2111,1.2111,1.2111,1.2111,1.2111,1.2111,1.2111,1.2111,1.2111,1.2111,1.2111,1.2111,1.2111,1.2111,1.2111,1.2111,1.2111,1.2111,1.2111,1.2111,1.2111,1.2111,1.2111,1.2111,1.2111,1.2111,1.2111,1.2111,1.2111,1.2111,1.2111,1.2111,1.2111,1.2111,1.2111,1.2111,1.2111,1.2111
1.2312,1.2312,1.2312,1.2312,1.2312,1.2312,1.2312,1.2312,1.2312,1.2312,1.2312,1.2312,1.2312,1.2312,1.2312,1.2312,1.2312,1.2312,1.2312,1.2312,1.2312,1.2312,1.2312,1.2312,1.2312,1.2312,1.2312,1.2312,1.2312,1.2312,1.2312,1.2312,1.2312,1.2312,1.2312,1.2312,1.2312,1.2312,1.2312,1.2312,1.2312,1.2312,1.2312,1.2312,1.2312,1.2312,1.2312,1.2312,1.2312,1.2312
1.2513,1.2513,1.2513,1.2513,1.2513,1.2513,1.2513,1.2513,1.2513,1.2513,1.2513,1.2513,1.2513,1.2513,1.2513,1.2513,1.2513,1.2513,1.2513,1.2513,1.2513,1.2513,1.2513,1.2513,1.2513,1.2513,1.2513,1.2513,1.2513,1.2513,1.2513,1.2513,1.2513,1.2513,1.2513,1.2513,1.2513,1.2513,1.2513,1.2513,1.2513,1.2513,1.2513,1.2513,1.2513,1.2513,1.2513,1.2513,1.2513,1.2513
1.2714,1.2714,1.2714,1.2714,1.2714,1.2714,1.2714,1.2714,1.2714,1.2714,1.2714,1.2714,1.2714,1.2714,1.2714,1.2714,1.2714,1.2714,1.2714,1.2714,1.2714,1.2714,1.2714,1.2714,1.2714,1.2714,1.2714,1.2714,1.2714,1.2714,1.2714,1.2714,1.2714,1.2714,1.2714,1.2714,1.2714,1.2714,1.2714,1.2714,1.2714,1.2714,1.2714,1.2714,1.2714,1.2714,1.2714,1.2714,1.2714,1.2714
1.2915,1.2915,1.2915,1.2915,1.2915,1.2915,1.2915,1.2915,1.2915,1.2915,1.2915,1.2915,1.2915,1.2915,1.2915,1.2915,1.2915,1.2915,1.2915,1.2915,1.2915,1.2915,1.2915,1.2915,1.2915,1.2915,1.2915,1.2915,1.2915,1.2915,1.2915,1.2915,1.2915,1.2915,1.2915,1.2915,1.2915,1.2915,1.2915,1.2915,1.2915,1.2915,1.2915,1.2915,1.2915,1.2915,1.2915,1.2915,1.2915,1.2915
1.3116,1.3116,1.3116,1.3116,1.3116,1.3116,1.3116,1.3116,1.3116,1.3116,1.3116,1.3116,1.3116,1.3116,1.3116,1.3116,1.3116,1.3116,1.3116,1.3116,1.3116,1.3116,1.3116,1.3116,1.3116,1.3116,1.3116,1.3116,1.3116,1.3116,1.3116,1.3116,1.3116,1.3116,1.3116,1.3116,1.3116,1.3116,1.3116,1.3116,1.3116,1.3116,1.3116,1.3116,1.3116,1.3116,1.3116,1.3116,1.3116,1.3116
1.3317,1.3317,1.3317,1.3317,1.3317,1.3317,1.3317,1.3317,1.3317,1.3317,1.3317,1.3317,1.3317,1.3317,1.3317,1.3317,1.3317,1.3317,1.3317,1.3317,1.3317,1.3317,1.3317,1.3317,1.3317,1.3317,1.3317,1.3317,1.3317,1.3317,1.3317,1.3317,1.3317,1.3317,1.3317,1.3317,1.3317,1.3317,1.3317,1.3317,1.3317,1.3317,1.3317,1.3317,1.3317,1.3317,1.3317,1.3317,1.3317,1.3317
1.3518,1.3518,1.3518,1.3518,1.3518,1.3518,1.3518,1.3518,1.3518,1.3518,1.3518,1.3518,1.3518,1.3518,1.3518,1.3518,1.3518,1.3518,1.3518,1.3518,1.3518,1.3518,1.3518,1.3518,1.3518,1.3518,1.3518,1.3518,1.3518,1.3518,1.3518,1.3518,1.3518,1.3518,1.3518,1.3518,1.3518,1.3518,1.3518,1.3518,1.3518,1.3518,1.3518,1.3518,1.3518,1.3518,1.3518,1.3518,1.3518,1.3518
1.3719,1.3719,1.3719,1.3719,1.3719,1.3719,1.3719,1.3719,1.3719,1.3719,1.3719,1.3719,1.3719,1.3719,1.3719,1.3719,1.3719,1.3719,1.3719,1.3719,1.3719,1.3719,1.3719,1.3719,1.3719,1.3719,1.3719,1.3719,1.3719,1.3719,1.3719,1.3719,1.3719,1.3719,1.3719,1.3719,1.3719,1.3719,1.3719,1.3719,1.3719,1.3719,1.3719,1.3719,1.3719,1.3719,1.3719,1.3719,1.3719,1.3719
1.392,1.392,1.392,1.392,1.392,1.392,1.392,1.392,1.392,1.392,1.392,1.392,1.392,1.392,1.392,1.392,1.392,1.392,1.392,1.392,1.392,1.392,1.392,1.392,1.392,1.392,1.392,1.392,1.392,1.392,1.392,1.392,1.392,1.392,1.392,1.392,1.392,1.392,1.392,1.392,1.392,1.392,1.392,1.392,1.392,1.392,1.392,1.392,1.392,1.392
1.4121,1.4121,1.4121,1.4121,1.4121,1.4121,1.4121,1.4121,1.4121,1.4121,1.4121,1.4121,1.4121,1.4121,1.4121,1.4121,1.4121,1.4121,1.4121,1.4121,1.4121,1.4121,1.4121,1.4121,1.4121,1.4121,1.4121,1.4121,1.4121,1.4121,1.4121,1.4121,1.4121,1.4121,1.4121,1.4121,1.4121,1.4121,1.4121,1.4121,1.4121,1.4121,1.4121,1.4121,1.4121,1.4121,1.4121,1.4121,1.4121,1.4121
1.4322,1.4322,1.4322,1.4322,1.4322,1.4322,1.4322,1.4322,1.4322,1.4322,1.4322,1.4322,1.4322,1.4322,1.4322,1.4322,1.4322,1.4322,1.4322,1.4322,1.4322,1.4322,1.4322,1.4322,1.4322,1.4322,1.4322,1.4322,1.4322,1.4322,1.4322,1.4322,1.4322,1.4322,1.4322,1.4322,1.4322,1.4322,1.4322,1.4322,1.4322,1.4322,1.4322,1.4322,1.4322,1.4322,1.4322,1.4322,1.4322,1.4322
1.4523,1.4523,1.4523,1.4523,1.4523,1.4523,1.4523,1.4523,1.4523,1.4523,1.4523,1.4523,1.4523,1.4523,1.4523,1.4523,1.4523,1.4523,1.4523,1.4523,1.4523,1.4523,1.4523,1.4523,1.4523,1.4523,1.4523,1.4523,1.4523,1.4523,1.4523,1.4523,1.4523,1.4523,1.4523,1.4523,1.4523,1.4523,1.4523,1.4523,1.4523,1.4523,1.4523,1.4523,1.4523,1.4523,1.4523,1.4523,1.4523,1.4523
1.4724,1.4724,1.4724,1.4724,1.4724,1.4724,1.4724,1.4724,1.4724,1.4724,1.4724,1.4724,1.4724,1.4724,1.4724,1.4724,1.4724,1.4724,1.4724,1.4724,1.4724,1.4724,1.4724,1.4724,1.4724,1.4724,1.4724,1.4724,1.4724,1.4724,1.4724,1.4724,1.4724,1.4724,1.4724,1.4724,1.4724,1.4724,1.4724,1.4724,1.4724,1.4724,1.4724,1.4724,1.4724,1.4724,1.4724,1.4724,1.4724,1.4724
1.4925,1.4925,1.4925,1.4925,1.4925,1.4925,1.4925,1.4925,1.4925,1.4925,1.4925,1.4925,1.4925,1.4925,1.4925,1.4925,1.4925,1.4925,1.4925,1.4925,1.4925,1.4925,1.4925,1.4925,1.4925,1.4925,1.4925,1.4925,1.4925,1.4925,1.4925,1.4925,1.4925,1.4925,1.4925,1.4925,1.4925,1.4925,1.4925,1.4925,1.4925,1.4925,1.4925,1.4925,1.4925,1.4925,1.4925,1.4925,1.4925,1.4925
1.5126,1.5126,1.5126,1.5126,1.5126,1.5126,1.5126,1.5126,1.5126,1.5126,1.5126,1.5126,1.5126,1.5126,1.5126,1.5126,1.5126,1.5126,1.5126,1.5126,1.5126,1.5126,1.5126,1.5126,1.5126,1.5126,1.5126,1.5126,1.5126,1.5126,1.5126,1.5126,1.5126,1.5126,1.5126,1.5126,1.5126,1.5126,1.5126,1.5126,1.5126,1.5126,1.5126,1.5126,1.5126,1.5126,1.5126,1.5126,1.5126,1.5126
1.5327,1.5327,1.5327,1.5327,1.5327,1.5327,1.5327,1.5327,1.5327,1.5327,1.5327,1.5327,1.5327,1.5327,1.5327,1.5327,1.5327,1.5327,1.5327,1.5327,1.5327,1.5327,1.5327,1.5327,1.5327,1.5327,1.5327,1.5327,1.5327,1.5327,1.5327,1.5327,1.5327,1.5327,1.5327,1.5327,1.5327,1.5327,1.5327,1.5327,1.5327,1.5327,1.5327,1.5327,1.5327,1.5327,1.5327,1.5327,1.5327,1.5327
1.5528,1.5528,1.5528,1.5528,1.5528,1.5528,1.5528,1.5528,1.5528,1.5528,1.5528,1.5528,1.5528,1.5528,1.5528,1.5528,1.5528,1.5528,1.5528,1.5528,1.5528,1.5528,1.5528,1.5528,1.5528,1.5528,1.5528,1.5528,1.5528,1.5528,1.5528,1.5528,1.5528,1.5528,1.5528,1.5528,1.5528,1.5528,1.5528,1.5528,1.5528,1.5528,1.5528,1.5528,1.5528,1.5528,1.5528,1.5528,1.5528,1.5528
1.5729,1.5729,1.5729,1.5729,1.5729,1.5729,1.5729,1.5729,1.5729,1.5729,1.5729,1.5729,1.5729,1.5729,1.5729,1.5729,1.5729,1.5729,1.5729,1.5729,1.5729,1.5729,1.5729,1.5729,1.5729,1.5729,1.5729,1.5729,1.5729,1.5729,1.5729,1.5729,1.5729,1.5729,1.5729,1.5729,1.5729,1.5729,1.5729,1.5729,1.5729,1.5729,1.5729,1.5729,1.5729,1.5729,1.5729,1.5729,1.5729,1.5729
1.593,1.593,1.593,1.593,1.593,1.593,1.593,1.593,1.593,1.593,1.593,1.593,1.593,1.593,1.593,1.593,1.593,1.593,1.593,1.593,1.593,1.593,1.593,1.593,1.593,1.593,1.593,1.593,1.593,1.593,1.593,1.593,1.593,1.593,1.593,1.593,1.593,1.593,1.593,1.593,1.593,1.593,1.593,1.593,1.593,1.593,1.593,1.593,1.593,1.593
1.6131,1.6131,1.6131,1.6131,1.6131,1.6131,1.6131,1.6131,1.6131,1.6131,1.6131,1.6131,1.6131,1.6131,1.6131,1.6131,1.6131,1.6131,1.6131,1.6131,1.6131,1.6131,1.6131,1.6131,1.6131,1.6131,1.6131,1.6131,1.6131,1.6131,1.6131,1.6131,1.6131,1.6131,1.6131,1.6131,1.6131,1.6131,1.6131,1.6131,1.6131,1.6131,1.6131,1.6131,1.6131,1.6131,1.6131,1.6131,1.6131,1.6131
1.6332,1.6332,1.6332,1.6332,1.6332,1.6332,1.6332,1.6332,1.6332,1.6332,1.6332,1.6332,1.6332,1.6332,1.6332,1.6332,1.6332,1.6332,1.6332,1.6332,1.6332,1.6332,1.6332,1.6332,1.6332,1.6332,1.6332,1.6332,1.6332,1.6332,1.6332,1.6332,1.6332,1.6332,1.6332,1.6332,1.6332,1.6332,1.6332,1.6332,1.6332,1.6332,1.6332,1.6332,1.6332,1.6332,1.6332,1.6332,1.6332,1.6332
1.6533,1.6533,1.6533,1.6533,1.6533,1.6533,1.6533,1.6533,1.6533,1.6533,1.6533,1.6533,1.6533,1.6533,1.6533,1.6533,1.6533,1.6533,1.6533,1.6533,1.6533,1.6533,1.6533,1.6533,1.6533,1.6533,1.6533,1.6533,1.6533,1.6533,1.6533,1.6533,1.6533,1.6533,1.6533,1.6533,1.6533,1.6533,1.6533,1.6533,1.6533,1.6533,1.6533,1.6533,1.6533,1.6533,1.6533,1.6533,1.6533,1.6533
1.6734,1.6734,1.6734,1.6734,1.6734,1.6734,1.6734,1.6734,1.6734,1.6734,1.6734,1.6734,1.6734,1.6734,1.6734,1.6734,1.6734,1.6734,1.6734,1.6734,1.6734,1.6734,1.6734,1.6734,1.6734,1.6734,1.6734,1.6734,1.6734,1.6734,1.6734,1.6734,1.6734,1.6734,1.6734,1.6734,1.6734,1.6734,1.6734,1.6734,1.6734,1.6734,1.6734,1.6734,1.6734,1.6734,1.6734,1.6734,1.6734,1.6734
1.6935,1.6935,1.6935,1.6935,1.6935,1.6935,1.6935,1.6935,1.6935,1.6935,1.6935,1.6935,1.6935,1.6935,1.6935,1.6935,1.6935,1.6935,1.6935,1.6935,1.6935,1.6935,1.6935,1.6935,1.6935,1.6935,1.6935,1.6935,1.6935,1.6935,1.6935,1.6935,1.6935,1.6935,1.6935,1.6935,1.6935,1.6935,1.6935,1.6935,1.6935,1.6935,1.6935,1.6935,1.6935,1.6935,1.6935,1.6935,1.6935,1.6935
1.7136,1.7136,1.7136,1.7136,1.7136,1.7136,1.7136,1.7136,1.7136,1.7136,1.7136,1.7136,1.7136,1.7136,1.7136,1.7136,1.7136,1.7136,1.7136,1.7136,1.7136,1.7136,1.7136,1.7136,1.7136,1.7136,1.7136,1.7136,1.7136,1.7136,1.7136,1.7136,1.7136,1.7136,1.7136,1.7136,1.7136,1.7136,1.7136,1.7136,1.7136,1.7136,1.7136,1.7136,1.7136,1.7136,1.7136,1.7136,1.7136,1.7136
1.7337,1.7337,1.7337,1.7337,1.7337,1.7337,1.7337,1.7337,1.7337,1.7337,1.7337,1.7337,1.7337,1.7337,1.7337,1.7337,1.7337,1.7337,1.7337,1.7337,1.7337,1.7337,1.7337,1.7337,1.7337,1.7337,1.7337,1.7337,1.7337,1.7337,1.7337,1.7337,1.7337,1.7337,1.7337,1.7337,1.7337,1.7337,1.7337,1.7337,1.7337,1.7337,1.7337,1.7337,1.7337,1.7337,1.7337,1.7337,1.7337,1.7337
1.7538,1.7538,1.7538,1.7538,1.7538,1.7538,1.7538,1.7538,1.7538,1.7538,1.7538,1.7538,1.7538,1.7538,1.7538,1.7538,1.7538,1.7538,1.7538,1.7538,1.7538,1.7538,1.7538,1.7538,1.7538,1.7538,1.7538,1.7538,1.7538,1.7538,1.7538,1.7538,1.7538,1.7538,1.7538,1.7538,1.7538,1.7538,1.7538,1.7538,1.7538,1.7538,1.7538,1.7538,1.7538,1.7538,1.7538,1.7538,1.7538,1.7538
1.7739,1.7739,1.7739,1.7739,1.7739,1.7739,1.7739,1.7739,1.7739,1.7739,1.7739,1.7739,1.7739,1.7739,1.7739,1.7739,1.7739,1.7739,1.7739,1.7739,1.7739,1.7739,1.7739,1.7739,1.7739,1.7739,1.7739,1.7739,1.7739,1.7739,1.7739,1.7739,1.7739,1.7739,1.7739,1.7739,1.7739,1.7739,1.7739,1.7739,1.7739,1.7739,1.7739,1.7739,1.7739,1.7739,1.7739,1.7739,1.7739,1.7739
1.794,1.794,1.794,1.794,1.794,1.794,1.794,1.794,1.794,1.794,1.794,1.794,1.794,1.794,1.794,1.794,1.794,1.794,1.794,1.794,1.794,1.794,1.794,1.794,1.794,1.794,1.794,1.794,1.794,1.794,1.794,1.794,1.794,1.794,1.794,1.794,1.794,1.794,1.794,1.794,1.794,1.794,1.794,1.794,1.794,1.794,1.794,1.794,1.794,1.794
1.8141,1.8141,1.8141,1.8141,1.8141,1.8141,1.8141,1.8141,1.8141,1.8141,1.8141,1.8141,1.8141,1.8141,1.8141,1.8141,1.8141,1.8141,1.8141,1.8141,1.8141,1.8141,1.8141,1.8141,1.8141,1.8141,1.8141,1.8141,1.8141,1.8141,1.8141,1.8141,1.8141,1.8141,1.8141,1.8141,1.8141,1.8141,1.8141,1.8141,1.8141,1.8141,1.8141,1.8141,1.8141,1.8141,1.8141,1.8141,1.8141,1.8141
1.8342,1.8342,1.8342,1.8342,1.8342,1.8342,1.8342,1.8342,1.8342,1.8342,1.8342,1.8342,1.8342,1.8342,1.8342,1.8342,1.8342,1.8342,1.8342,1.8342,1.8342,1.8342,1.8342,1.8342,1.8342,1.8342,1.8342,1.8342,1.8342,1.8342,1.8342,1.8342,1.8342,1.8342,1.8342,1.8342,1.8342,1.8342,1.8342,1.8342,1.8342,1.8342,1.8342,1.8342,1.8342,1.8342,1.8342,1.8342,1.8342,1.8342
1.8543,1.8543,1.8543,1.8543,1.8543,1.8543,1.8543,1.8543,1.8543,1.8543,1.8543,1.8543,1.8543,1.8543,1.8543,1.8543,1.8543,1.8543,1.8543,1.8543,1.8543,1.8543,1.8543,1.8543,1.8543,1.8543,1.8543,1.8543,1.8543,1.8543,1.8543,1.8543,1.8543,1.8543,1.8543,1.8543,1.8543,1.8543,1.8543,1.8543,1.8543,1.8543,1.8543,1.8543,1.8543,1.8543,1.8543,1.8543,1.8543,1.8543
1.8744,1.8744,1.8744,1.8744,1.8744,1.8744,1.8744,1.8744,1.8744,1.8744,1.8744,1.8744,1.8744,1.8744,1.8744,1.8744,1.8744,1.8744,1.8744,1.8744,1.8744,1.8744,1.8744,1.8744,1.8744,1.8744,1.8744,1.8744,1.8744,1.8744,1.8744,1.8744,1.8744,1.8744,1.8744,1.8744,1.8744,1.8744,1.8744,1.8744,1.8744,1.8744,1.8744,1.8744,1.8744,1.8744,1.8744,1.8744,1.8744,1.8744
1.8945,1.8945,1.8945,1.8945,1.8945,1.8945,1.8945,1.8945,1.8945,1.8945,1.8945,1.8945,1.8945,1.8945,1.8945,1.8945,1.8945,1.8945,1.8945,1.8945,1.8945,1.8945,1.8945,1.8945,1.8945,1.8945,1.8945,1.8945,1.8945,1.8945,1.8945,1.8945,1.8945,1.8945,1.8945,1.8945,1.8945,1.8945,1.8945,1.8945,1.8945,1.8945,1.8945,1.8945,1.8945,1.8945,1.8945,1.8945,1.8945,1.8945
1.9146,1.9146,1.9146,1.9146,1.9146,1.9146,1.9146,1.9146,1.9146,1.9146,1.9146,1.9146,1.9146,1.9146,1.9146,1.9146,1.9146,1.9146,1.9146,1.9146,1.9146,1.9146,1.9146,1.9146,1.9146,1.9146,1.9146,1.9146,1.9146,1.9146,1.9146,1.9146,1.9146,1.9146,1.9146,1.9146,1.9146,1.9146,1.9146,1.9146,1.9146,1.9146,1.9146,1.9146,1.9146,1.9146,1.9146,1.9146,1.9146,1.9146
1.9347,1.9347,1.9347,1.9347,1.9347,1.9347,1.9347,1.9347,1.9347,1.9347,1.9347,1.9347,1.9347,1.9347,1.9347,1.9347,1.9347,1.9347,1.9347,1.9347,1.9347,1.9347,1.9347,1.9347,1.9347,1.9347,1.9347,1.9347,1.9347,1.9347,1.9347,1.9347,1.9347,1.9347,1.9347,1.9347,1.9347,1.9347,1.9347,1.9347,1.9347,1.9347,1.9347,1.9347,1.9347,1.9347,1.9347,1.9347,1.9347,1.9347
1.9548,1.9548,1.9548,1.9548,1.9548,1.9548,1.9548,1.9548,1.9548,1.9548,1.9548,1.9548,1.9548,1.9548,1.9548,1.9548,1.9548,1.9548,1.9548,1.9548,1.9548,1.9548,1.9548,1.9548,1.9548,1.9548,1.9548,1.9548,1.9548,1.9548,1.9548,1.9548,1.9548,1.9548,1.9548,1.9548,1.9548,1.9548,1.9548,1.9548,1.9548,1.9548,1.9548,1.9548,1.9548,1.9548,1.9548,1.9548,1.9548,1.9548
1.9749,1.9749,1.9749,1.9749,1.9749,1.9749,1.9749,1.9749,1.9749,1.9749,1.9749,1.9749,1.9749,1.9749,1.9749,1.9749,1.9749,1.9749,1.9749,1.9749,1.9749,1.9749,1.9749,1.9749,1.9749,1.9749,1.9749,1.9749,1.9749,1.9749,1.9749,1.9749,1.9749,1.9749,1.9749,1.9749,1.9749,1.9749,1.9749,1.9749,1.9749,1.9749,1.9749,1.9749,1.9749,1.9749,1.9749,1.9749,1.9749,1.9749
1.995,1.995,1.995,1.995,1.995,1.995,1.995,1.995,1.995,1.995,1.995,1.995,1.995,1.995,1.995,1.995,1.995,1.995,1.995,1.995,1.995,1.995,1.995,1.995,1.995,1.995,1.995,1.995,1.995,1.995,1.995,1.995,1.995,1.995,1.995,1.995,1.995,1.995,1.995,1.995,1.995,1.995,1.995,1.995,1.995,1.995,1.995,1.995,1.995,1.995
2.0151,2.0151,2.0151,2.0151,2.0151,2.0151,2.0151,2.0151,2.0151,2.0151,2.0151,2.0151,2.0151,2.0151,2.0151,2.0151,2.0151,2.0151,2.0151,2.0151,2.0151,2.0151,2.0151,2.0151,2.0151,2.0151,2.0151,2.0151,2.0151,2.0151,2.0151,2.0151,2.0151,2.0151,2.0151,2.0151,2.0151,2.0151,2.0151,2.0151,2.0151,2.0151,2.0151,2.0151,2.0151,2.0151,2.0151,2.0151,2.0151,2.0151
2.0352,2.0352,2.0352,2.0352,2.0352,2.0352,2.0352,2.0352,2.0352,2.0352,2.0352,2.0352,2.0352,2.0352,2.0352,2.0352,2.0352,2.0352,2.0352,2.0352,2.0352,2.0352,2.0352,2.0352,2.0352,2.0352,2.0352,2.0352,2.0352,2.0352,2.0352,2.0352,2.0352,2.0352,2.0352,2.0352,2.0352,2.0352,2.0352,2.0352,2.0352,2.0352,2.0352,2.0352,2.0352,2.0352,2.0352,2.0352,2.0352,2.0352
2.0553,2.0553,2.0553,2.0553,2.0553,2.0553,2.0553,2.0553,2.0553,2.0553,2.0553,2.0553,2.0553,2.0553,2.0553,2.0553,2.0553,2.0553,2.0553,2.0553,2.0553,2.0553,2.0553,2.0553,2.0553,2.0553,2.0553,2.0553,2.0553,2.0553,2.0553,2.0553,2.0553,2.0553,2.0553,2.0553,2.0553,2.0553,2.0553,2.0553,2.0553,2.0553,2.0553,2.0553,2.0553,2.0553,2.0553,2.0553,2.0553,2.0553
2.0754,2.0754,2.0754,2.0754,2.0754,2.0754,2.0754,2.0754,2.0754,2.0754,2.0754,2.0754,2.0754,2.0754,2.0754,2.0754,2.0754,2.0754,2.0754,2.0754,2.0754,2.0754,2.0754,2.0754,2.0754,2.0754,2.0754,2.0754,2.0754,2.0754,2.0754,2.0754,2.0754,2.0754,2.0754,2.0754,2.0754,2.0754,2.0754,2.0754,2.0754,2.0754,2.0754,2.0754,2.0754,2.0754,2.0754,2.0754,2.0754,2.0754
2.0955,2.0955,2.0955,2.0955,2.0955,2.0955,2.0955,2.0955,2.0955,2.0955,2.0955,2.0955,2.0955,2.0955,2.0955,2.0955,2.0955,2.0955,2.0955,2.0955,2.0955,2.0955,2.0955,2.0955,2.0955,2.0955,2.0955,2.0955,2.0955,2.0955,2.0955,2.0955,2.0955,2.0955,2.0955,2.0955,2.0955,2.0955,2.0955,2.0955,2.0955,2.0955,2.0955,2.0955,2.0955,2.0955,2.0955,2.0955,2.0955,2.0955
2.1156,2.1156,2.1156,2.1156,2.1156,2.1156,2.1156,2.1156,2.1156,2.1156,2.1156,2.1156,2.1156,2.1156,2.1156,2.1156,2.1156,2.1156,2.1156,2.1156,2.1156,2.1156,2.1156,2.1156,2.1156,2.1156,2.1156,2.1156,2.1156,2.1156,2.1156,2.1156,2.1156,2.1156,2.1156,2.1156,2.1156,2.1156,2.1156,2.1156,2.1156,2.1156,2.1156,2.1156,2.1156,2.1156,2.1156,2.1156,2.1156,2.1156
2.1357,2.1357,2.1357,2.1357,2.1357,2.1357,2.1357,2.1357,2.1357,2.1357,2.1357,2.1357,2.1357,2.1357,2.1357,2.1357,2.1357,2.1357,2.1357,2.1357,2.1357,2.1357,2.1357,2.1357,2.1357,2.1357,2.1357,2.1357,2.1357,2.1357,2.1357,2.1357,2.1357,2.1357,2.1357,2.1357,2.1357,2.1357,2.1357,2.1357,2.1357,2.1357,2.1357,2.1357,2.1357,2.1357,2.1357,2.1357,2.1357,2.1357
2.1558,2.1558,2.1558,2.1558,2.1558,2.1558,2.1558,2.1558,2.1558,2.1558,2.1558,2.1558,2.1558,2.1558,2.1558,2.1558,2.1558,2.1558,2.1558,2.1558,2.1558,2.1558,2.1558,2.1558,2.1558,2.1558,2.1558,2.1558,2.1558,2.1558,2.1558,2.1558,2.1558,2.1558,2.1558,2.1558,2.1558,2.1558,2.1558,2.1558,2.1558,2.1558,2.1558,2.1558,2.1558,2.1558,2.1558,2.1558,2.1558,2.1558
2.1759,2.1759,2.1759,2.1759,2.1759,2.1759,2.1759,2.1759,2.1759,2.1759,2.1759,2.1759,2.1759,2.1759,2.1759,2.1759,2.1759,2.1759,2.1759,2.1759,2.1759,2.1759,2.1759,2.1759,2.1759,2.1759,2.1759,2.1759,2.1759,2.1759,2.1759,2.1759,2.1759,2.1759,2.1759,2.1759,2.1759,2.1759,2.1759,2.1759,2.1759,2.1759,2.1759,2.1759,2.1759,2.1759,2.1759,2.1759,2.1759,2.1759
2.196,2.196,2.196,2.196,2.196,2.196,2.196,2.196,2.196,2.196,2.196,2.196,2.196,2.196,2.196,2.196,2.196,2.196,2.196,2.196,2.196,2.196,2.196,2.196,2.196,2.196,2.196,2.196,2.196,2.196,2.196,2.196,2.196,2.196,2.196,2.196,2.196,2.196,2.196,2.196,2.196,2.196,2.196,2.196,2.196,2.196,2.196,2.196,2.196,2.196
2.2161,2.2161,2.2161,2.2161,2.2161,2.2161,2.2161,2.2161,2.2161,2.2161,2.2161,2.2161,2.2161,2.2161,2.2161,2.2161,2.2161,2.2161,2.2161,2.2161,2.2161,2.2161,2.2161,2.2161,2.2161,2.2161,2.2161,2.2161,2.2161,2.2161,2.2161,2.2161,2.2161,2.2161,2.2161,2.2161,2.2161,2.2161,2.2161,2.2161,2.2161,2.2161,2.2161,2.2161,2.2161,2.2161,2.2161,2.2161,2.2161,2.2161
2.2362,2.2362,2.2362,2.2362,2.2362,2.2362,2.2362,2.2362,2.2362,2.2362,2.2362,2.2362,2.2362,2.2362,2.2362,2.2362,2.2362,2.2362,2.2362,2.2362,2.2362,2.2362,2.2362,2.2362,2.2362,2.2362,2.2362,2.2362,2.2362,2.2362,2.2362,2.2362,2.2362,2.2362,2.2362,2.2362,2.2362,2.2362,2.2362,2.2362,2.2362,2.2362,2.2362,2.2362,2.2362,2.2362,2.2362,2.2362,2.2362,2.2362
2.2563,2.2563,2.2563,2.2563,2.2563,2.2563,2.2563,2.2563,2.2563,2.2563,2.2563,2.2563,2.2563,2.2563,2.2563,2.2563,2.2563,2.2563,2.2563,2.2563,2.2563,2.2563,2.2563,2.2563,2.2563,2.2563,2.2563,2.2563,2.2563,2.2563,2.2563,2.2563,2.2563,2.2563,2.2563,2.2563,2.2563,2.2563,2.2563,2.2563,2.2563,2.2563,2.2563,2.2563,2.2563,2.2563,2.2563,2.2563,2.2563,2.2563
2.2764,2.2764,2.2764,2.2764,2.2764,2.2764,2.2764,2.2764,2.2764,2.2764,2.2764,2.2764,2.2764,2.2764,2.2764,2.2764,2.2764,2.2764,2.2764,2.2764,2.2764,2.2764,2.2764,2.2764,2.2764,2.2764,2.2764,2.2764,2.2764,2.2764,2.2764,2.2764,2.2764,2.2764,2.2764,2.2764,2.2764,2.2764,2.2764,2.2764,2.2764,2.2764,2.2764,2.2764,2.2764,2.2764,2.2764,2.2764,2.2764,2.2764
2.2965,2.2965,2.2965,2.2965,2.2965,2.2965,2.2965,2.2965,2.2965,2.2965,2.2965,2.2965,2.2965,2.2965,2.2965,2.2965,2.2965,2.2965,2.2965,2.2965,2.2965,2.2965,2.2965,2.2965,2.2965,2.2965,2.2965,2.2965,2.2965,2.2965,2.2965,2.2965,2.2965,2.2965,2.2965,2.2965,2.2965,2.2965,2.2965,2.2965,2.2965,2.2965,2.2965,2.2965,2.2965,2.2965,2.2965,2.2965,2.2965,2.2965
2.3166,2.3166,2.3166,2.3166,2.3166,2.3166,2.3166,2.3166,2.3166,2.3166,2.3166,2.3166,2.3166,2.3166,2.3166,2.3166,2.3166,2.3166,2.3166,2.3166,2.3166,2.3166,2.3166,2.3166,2.3166,2.3166,2.3166,2.3166,2.3166,2.3166,2.3166,2.3166,2.3166,2.3166,2.3166,2.3166,2.3166,2.3166,2.3166,2.3166,2.3166,2.3166,2.3166,2.3166,2.3166,2.3166,2.3166,2.3166,2.3166,2.3166
2.3367,2.3367,2.3367,2.3367,2.3367,2.3367,2.3367,2.3367,2.3367,2.3367,2.3367,2.3367,2.3367,2.3367,2.3367,2.3367,2.3367,2.3367,2.3367,2.3367,2.3367,2.3367,2.3367,2.3367,2.3367,2.3367,2.3367,2.3367,2.3367,2.3367,2.3367,2.3367,2.3367,2.3367,2.3367,2.3367,2.3367,2.3367,2.3367,2.3367,2.3367,2.3367,2.3367,2.3367,2.3367,2.3367,2.3367,2.3367,2.3367,2.3367
2.3568,2.3568,2.3568,2.3568,2.3568,2.3568,2.3568,2.3568,2.3568,2.3568,2.3568,2.3568,2.3568,2.3568,2.3568,2.3568,2.3568,2.3568,2.3568,2.3568,2.3568,2.3568,2.3568,2.3568,2.3568,2.3568,2.3568,2.3568,2.3568,2.3568,2.3568,2.3568,2.3568,2.3568,2.3568,2.3568,2.3568,2.3568,2.3568,2.3568,2.3568,2.3568,2.3568,2.3568,2.3568,2.3568,2.3568,2.3568,2.3568,2.3568
2.3769,2.3769,2.3769,2.3769,2.3769,2.3769,2.3769,2.3769,2.3769,2.3769,2.3769,2.3769,2.3769,2.3769,2.3769,2.3769,2.3769,2.3769,2.3769,2.3769,2.3769,2.3769,2.3769,2.3769,2.3769,2.3769,2.3769,2.3769,2.3769,2.3769,2.3769,2.3769,2.3769,2.3769,2.3769,2.3769,2.3769,2.3769,2.3769,2.3769,2.3769,2.3769,2.3769,2.3769,2.3769,2.3769,2.3769,2.3769,2.3769,2.3769
2.397,2.397,2.397,2.397,2.397,2.397,2.397,2.397,2.397,2.397,2.397,2.397,2.397,2.397,2.397,2.397,2.397,2.397,2.397,2.397,2.397,2.397,2.397,2.397,2.397,2.397,2.397,2.397,2.397,2.397,2.397,2.397,2.397,2.397,2.397,2.397,2.397,2.397,2.397,2.397,2.397,2.397,2.397,2.397,2.397,2.397,2.397,2.397,2.397,2.397
2.4171,2.4171,2.4171,2.4171,2.4171,2.4171,2.4171,2.4171,2.4171,2.4171,2.4171,2.4171,2.4171,2.4171,2.4171,2.4171,2.4171,2.4171,2.4171,2.4171,2.4171,2.4171,2.4171,2.4171,2.4171,2.4171,2.4171,2.4171,2.4171,2.4171,2.4171,2.4171,2.4171,2.4171,2.4171,2.4171,2.4171,2.4171,2.4171,2.4171,2.4171,2.4171,2.4171,2.4171,2.4171,2.4171,2.4171,2.4171,2.4171,2.4171
2.4372,2.4372,2.4372,2.4372,2.4372,2.4372,2.4372,2.4372,2.4372,2.4372,2.4372,2.4372,2.4372,2.4372,2.4372,2.4372,2.4372,2.4372,2.4372,2.4372,2.4372,2.4372,2.4372,2.4372,2.4372,2.4372,2.4372,2.4372,2.4372,2.4372,2.4372,2.4372,2.4372,2.4372,2.4372,2.4372,2.4372,2.4372,2.4372,2.4372,2.4372,2.4372,2.4372,2.4372,2.4372,2.4372,2.4372,2.4372,2.4372,2.4372
2.4573,2.4573,2.4573,2.4573,2.4573,2.4573,2.4573,2.4573,2.4573,2.4573,2.4573,2.4573,2.4573,2.4573,2.4573,2.4573,2.4573,2.4573,2.4573,2.4573,2.4573,2.4573,2.4573,2.4573,2.4573,2.4573,2.4573,2.4573,2.4573,2.4573,2.4573,2.4573,2.4573,2.4573,2.4573,2.4573,2.4573,2.4573,2.4573,2.4573,2.4573,2.4573,2.4573,2.4573,2.4573,2.4573,2.4573,2.4573,2.4573,2.4573
2.4774,2.4774,2.4774,2.4774,2.4774,2.4774,2.4774,2.4774,2.4774,2.4774,2.4774,2.4774,2.4774,2.4774,2.4774,2.4774,2.4774,2.4774,2.4774,2.4774,2.4774,2.4774,2.4774,2.4774,2.4774,2.4774,2.4774,2.4774,2.4774,2.4774,2.4774,2.4774,2.4774,2.4774,2.4774,2.4774,2.4774,2.4774,2.4774,2.4774,2.4774,2.4774,2.4774,2.4774,2.4774,2.4774,2.4774,2.4774,2.4774,2.4774
2.4975,2.4975,2.4975,2.4975,2.4975,2.4975,2.4975,2.4975,2.4975,2.4975,2.4975,2.4975,2.4975,2.4975,2.4975,2.4975,2.4975,2.4975,2.4975,2.4975,2.4975,2.4975,2.4975,2.4975,2.4975,2.4975,2.4975,2.4975,2.4975,2.4975,2.4975,2.4975,2.4975,2.4975,2.4975,2.4975,2.4975,2.4975,2.4975,2.4975,2.4975,2.4975,2.4975,2.4975,2.4975,2.4975,2.4975,2.4975,2.4975,2.4975
2.5176,2.5176,2.5176,2.5176,2.5176,2.5176,2.5176,2.5176,2.5176,2.5176,2.5176,2.5176,2.5176,2.5176,2.5176,2.5176,2.5176,2.5176,2.5176,2.5176,2.5176,2.5176,2.5176,2.5176,2.5176,2.5176,2.5176,2.5176,2.5176,2.5176,2.5176,2.5176,2.5176,2.5176,2.5176,2.5176,2.5176,2.5176,2.5176,2.5176,2.5176,2.5176,2.5176,2.5176,2.5176,2.5176,2.5176,2.5176,2.5176,2.5176
2.5377,2.5377,2.5377,2.5377,2.5377,2.5377,2.5377,2.5377,2.5377,2.5377,2.5377,2.5377,2.5377,2.5377,2.5377,2.5377,2.5377,2.5377,2.5377,2.5377,2.5377,2.5377,2.5377,2.5377,2.5377,2.5377,2.5377,2.5377,2.5377,2.5377,2.5377,2.5377,2.5377,2.5377,2.5377,2.5377,2.5377,2.5377,2.5377,2.5377,2.5377,2.5377,2.5377,2.5377,2.5377,2.5377,2.5377,2.5377,2.5377,2.5377
2.5578,2.5578,2.5578,2.5578,2.5578,2.5578,2.5578,2.5578,2.5578,2.5578,2.5578,2.5578,2.5578,2.5578,2.5578,2.5578,2.5578,2.5578,2.5578,2.5578,2.5578,2.5578,2.5578,2.5578,2.5578,2.5578,2.5578,2.5578,2.5578,2.5578,2.5578,2.5578,2.5578,2.5578,2.5578,2.5578,2.5578,2.5578,2.5578,2.5578,2.5578,2.5578,2.5578,2.5578,2.5578,2.5578,2.5578,2.5578,2.5578,2.5578
2.5779,2.5779,2.5779,2.5779,2.5779,2.5779,2.5779,2.5779,2.5779,2.5779,2.5779,2.5779,2.5779,2.5779,2.5779,2.5779,2.5779,2.5779,2.5779,2.5779,2.5779,2.5779,2.5779,2.5779,2.5779,2.5779,2.5779,2.5779,2.5779,2.5779,2.5779,2.5779,2.5779,2.5779,2.5779,2.5779,2.5779,2.5779,2.5779,2.5779,2.5779,2.5779,2.5779,2.5779,2.5779,2.5779,2.5779,2.5779,2.5779,2.5779
2.598,2.598,2.598,2.598,2.598,2.598,2.598,2.598,2.598,2.598,2.598,2.598,2.598,2.598,2.598,2.598,2.598,2.598,2.598,2.598,2.598,2.598,2.598,2.598,2.598,2.598,2.598,2.598,2.598,2.598,2.598,2.598,2.598,2.598,2.598,2.598,2.598,2.598,2.598,2.598,2.598,2.598,2.598,2.598,2.598,2.598,2.598,2.598,2.598,2.598
2.6181,2.6181,2.6181,2.6181,2.6181,2.6181,2.6181,2.6181,2.6181,2.6181,2.6181,2.6181,2.6181,2.6181,2.6181,2.6181,2.6181,2.6181,2.6181,2.6181,2.6181,2.6181,2.6181,2.6181,2.6181,2.6181,2.6181,2.6181,2.6181,2.6181,2.6181,2.6181,2.6181,2.6181,2.6181,2.6181,2.6181,2.6181,2.6181,2.6181,2.6181,2.6181,2.6181,2.6181,2.6181,2.6181,2.6181,2.6181,2.6181,2.6181
2.6382,2.6382,2.6382,2.6382,2.6382,2.6382,2.6382,2.6382,2.6382,2.6382,2.6382,2.6382,2.6382,2.6382,2.6382,2.6382,2.6382,2.6382,2.6382,2.6382,2.6382,2.6382,2.6382,2.6382,2.6382,2.6382,2.6382,2.6382,2.6382,2.6382,2.6382,2.6382,2.6382,2.6382,2.6382,2.6382,2.6382,2.6382,2.6382,2.6382,2.6382,2.6382,2.6382,2.6382,2.6382,2.6382,2.6382,2.6382,2.6382,2.6382
2.6583,2.6583,2.6583,2.6583,2.6583,2.6583,2.6583,2.6583,2.6583,2.6583,2.6583,2.6583,2.6583,2.6583,2.6583,2.6583,2.6583,2.6583,2.6583,2.6583,2.6583,2.6583,2.6583,2.6583,2.6583,2.6583,2.6583,2.6583,2.6583,2.6583,2.6583,2.6583,2.6583,2.6583,2.6583,2.6583,2.6583,2.6583,2.6583,2.6583,2.6583,2.6583,2.6583,2.6583,2.6583,2.6583,2.6583,2.6583,2.6583,2.6583
2.6784,2.6784,2.6784,2.6784,2.6784,2.6784,2.6784,2.6784,2.6784,2.6784,2.6784,2.6784,2.6784,2.6784,2.6784,2.6784,2.6784,2.6784,2.6784,2.6784,2.6784,2.6784,2.6784,2.6784,2.6784,2.6784,2.6784,2.6784,2.6784,2.6784,2.6784,2.6784,2.6784,2.6784,2.6784,2.6784,2.6784,2.6784,2.6784,2.6784,2.6784,2.6784,2.6784,2.6784,2.6784,2.6784,2.6784,2.6784,2.6784,2.6784
2.6985,2.6985,2.6985,2.6985,2.6985,2.6985,2.6985,2.6985,2.6985,2.6985,2.6985,2.6985,2.6985,2.6985,2.6985,2.6985,2.6985,2.6985,2.6985,2.6985,2.6985,2.6985,2.6985,2.6985,2.6985,2.6985,2.6985,2.6985,2.6985,2.6985,2.6985,2.6985,2.6985,2.6985,2.6985,2.6985,2.6985,2.6985,2.6985,2.6985,2.6985,2.6985,2.6985,2.6985,2.6985,2.6985,2.6985,2.6985,2.6985,2.6985
2.7186,2.7186,2.7186,2.7186,2.7186,2.7186,2.7186,2.7186,2.7186,2.7186,2.7186,2.7186,2.7186,2.7186,2.7186,2.7186,2.7186,2.7186,2.7186,2.7186,2.7186,2.7186,2.7186,2.7186,2.7186,2.7186,2.7186,2.7186,2.7186,2.7186,2.7186,2.7186,2.7186,2.7186,2.7186,2.7186,2.7186,2.7186,2.7186,2.7186,2.7186,2.7186,2.7186,2.7186,2.7186,2.7186,2.7186,2.7186,2.7186,2.7186
2.7387,2.7387,2.7387,2.7387,2.7387,2.7387,2.7387,2.7387,2.7387,2.7387,2.7387,2.7387,2.7387,2.7387,2.7387,2.7387,2.7387,2.7387,2.7387,2.7387,2.7387,2.7387,2.7387,2.7387,2.7387,2.7387,2.7387,2.7387,2.7387,2.7387,2.7387,2.7387,2.7387,2.7387,2.7387,2.7387,2.7387,2.7387,2.7387,2.7387,2.7387,2.7387,2.7387,2.7387,2.7387,2.7387,2.7387,2.7387,2.7387,2.7387
2.7588,2.7588,2.7588,2.7588,2.7588,2.7588,2.7588,2.7588,2.7588,2.7588,2.7588,2.7588,2.7588,2.7588,2.7588,2.7588,2.7588,2.7588,2.7588,2.7588,2.7588,2.7588,2.7588,2.7588,2.7588,2.7588,2.7588,2.7588,2.7588,2.7588,2.7588,2.7588,2.7588,2.7588,2.7588,2.7588,2.7588,2.7588,2.7588,2.7588,2.7588,2.7588,2.7588,2.7588,2.7588,2.7588,2.7588,2.7588,2.7588,2.7588
2.7789,2.7789,2.7789,2.7789,2.7789,2.7789,2.7789,2.7789,2.7789,2.7789,2.7789,2.7789,2.7789,2.7789,2.7789,2.7789,2.7789,2.7789,2.7789,2.7789,2.7789,2.7789,2.7789,2.7789,2.7789,2.7789,2.7789,2.7789,2.7789,2.7789,2.7789,2.7789,2.7789,2.7789,2.7789,2.7789,2.7789,2.7789,2.7789,2.7789,2.7789,2.7789,2.7789,2.7789,2.7789,2.7789,2.7789,2.7789,2.7789,2.7789
2.799,2.799,2.799,2.799,2.799,2.799,2.799,2.799,2.799,2.799,2.799,2.799,2.799,2.799,2.799,2.799,2.799,2.799,2.799,2.799,2.799,2.799,2.799,2.799,2.799,2.799,2.799,2.799,2.799,2.799,2.799,2.799,2.799,2.799,2.799,2.799,2.799,2.799,2.799,2.799,2.799,2.799,2.799,2.799,2.799,2.799,2.799,2.799,2.799,2.799
2.8191,2.8191,2.8191,2.8191,2.8191,2.8191,2.8191,2.8191,2.8191,2.8191,2.8191,2.8191,2.8191,2.8191,2.8191,2.8191,2.8191,2.8191,2.8191,2.8191,2.8191,2.8191,2.8191,2.8191,2.8191,2.8191,2.8191,2.8191,2.8191,2.8191,2.8191,2.8191,2.8191,2.8191,2.8191,2.8191,2.8191,2.8191,2.8191,2.8191,2.8191,2.8191,2.8191,2.8191,2.8191,2.8191,2.8191,2.8191,2.8191,2.8191
2.8392,2.8392,2.8392,2.8392,2.8392,2.8392,2.8392,2.8392,2.8392,2.8392,2.8392,2.8392,2.8392,2.8392,2.8392,2.8392,2.8392,2.8392,2.8392,2.8392,2.8392,2.8392,2.8392,2.8392,2.8392,2.8392,2.8392,2.8392,2.8392,2.8392,2.8392,2.8392,2.8392,2.8392,2.8392,2.8392,2.8392,2.8392,2.8392,2.8392,2.8392,2.8392,2.8392,2.8392,2.8392,2.8392,2.8392,2.8392,2.8392,2.8392
2.8593,2.8593,2.8593,2.8593,2.8593,2.8593,2.8593,2.8593,2.8593,2.8593,2.8593,2.8593,2.8593,2.8593,2.8593,2.8593,2.8593,2.8593,2.8593,2.8593,2.8593,2.8593,2.8593,2.8593,2.8593,2.8593,2.8593,2.8593,2.8593,2.8593,2.8593,2.8593,2.8593,2.8593,2.8593,2.8593,2.8593,2.8593,2.8593,2.8593,2.8593,2.8593,2.8593,2.8593,2.8593,2.8593,2.8593,2.8593,2.8593,2.8593
2.8794,2.8794,2.8794,2.8794,2.8794,2.8794,2.8794,2.8794,2.8794,2.8794,2.8794,2.8794,2.8794,2.8794,2.8794,2.8794,2.8794,2.8794,2.8794,2.8794,2.8794,2.8794,2.8794,2.8794,2.8794,2.8794,2.8794,2.8794,2.8794,2.8794,2.8794,2.8794,2.8794,2.8794,2.8794,2.8794,2.8794,2.8794,2.8794,2.8794,2.8794,2.8794,2.8794,2.8794,2.8794,2.8794,2.8794,2.8794,2.8794,2.8794
2.8995,2.8995,2.8995,2.8995,2.8995,2.8995,2.8995,2.8995,2.8995,2.8995,2.8995,2.8995,2.8995,2.8995,2.8995,2.8995,2.8995,2.8995,2.8995,2.8995,2.8995,2.8995,2.8995,2.8995,2.8995,2.8995,2.8995,2.8995,2.8995,2.8995,2.8995,2.8995,2.8995,2.8995,2.8995,2.8995,2.8995,2.8995,2.8995,2.8995,2.8995,2.8995,2.8995,2.8995,2.8995,2.8995,2.8995,2.8995,2.8995,2.8995
2.9196,2.9196,2.9196,2.9196,2.9196,2.9196,2.9196,2.9196,2.9196,2.9196,2.9196,2.9196,2.9196,2.9196,2.9196,2.9196,2.9196,2.9196,2.9196,2.9196,2.9196,2.9196,2.9196,2.9196,2.9196,2.9196,2.9196,2.9196,2.9196,2.9196,2.9196,2.9196,2.9196,2.9196,2.9196,2.9196,2.9196,2.9196,2.9196,2.9196,2.9196,2.9196,2.9196,2.9196,2.9196,2.9196,2.9196,2.9196,2.9196,2.9196
2.9397,2.9397,2.9397,2.9397,2.9397,2.9397,2.9397,2.9397,2.9397,2.9397,2.9397,2.9397,2.9397,2.9397,2.9397,2.9397,2.9397,2.9397,2.9397,2.9397,2.9397,2.9397,2.9397,2.9397,2.9397,2.9397,2.9397,2.9397,2.9397,2.9397,2.9397,2.9397,2.9397,2.9397,2.9397,2.9397,2.9397,2.9397,2.9397,2.9397,2.9397,2.9397,2.9397,2.9397,2.9397,2.9397,2.9397,2.9397,2.9397,2.9397
2.9598,2.9598,2.9598,2.9598,2.9598,2.9598,2.9598,2.9598,2.9598,2.9598,2.9598,2.9598,2.9598,2.9598,2.9598,2.9598,2.9598,2.9598,2.9598,2.9598,2.9598,2.9598,2.9598,2.9598,2.9598,2.9598,2.9598,2.9598,2.9598,2.9598,2.9598,2.9598,2.9598,2.9598,2.9598,2.9598,2.9598,2.9598,2.9598,2.9598,2.9598,2.9598,2.9598,2.9598,2.9598,2.9598,2.9598,2.9598,2.9598,2.9598
2.9799,2.9799,2.9799,2.9799,2.9799,2.9799,2.9799,2.9799,2.9799,2.9799,2.9799,2.9799,2.9799,2.9799,2.9799,2.9799,2.9799,2.9799,2.9799,2.9799,2.9799,2.9799,2.9799,2.9799,2.9799,2.9799,2.9799,2.9799,2.9799,2.9799,2.9799,2.9799,2.9799,2.9799,2.9799,2.9799,2.9799,2.9799,2.9799,2.9799,2.9799,2.9799,2.9799,2.9799,2.9799,2.9799,2.9799,2.9799,2.9799,2.9799
3,3,3,3,3,3,3,3,3,3,3,3,3,3,3,3,3,3,3,3,3,3,3,3,3,3,3,3,3,3,3,3,3,3,3,3,3,3,3,3,3,3,3,3,3,3,3,3,3,3
