-1.7714
-1.6442
-1.2886
-1.3387
-1.344
-1.3115
-1.2113
-1.2504
-1.1798
-1.168
-1.1633
-1.158
-1.1492
-1.1468
-1.1681
-1.1178
-1.1094
-1.1344
-1.1196
-1.129
-1.1
-1.0484
-1.046
-1.0152
-0.9831
-0.97322
-0.97673
-0.96801
-0.94503
-0.917
-0.89915
-0.89592
-0.89895
-0.90145
-0.89575
-0.87541
-0.83593
-0.78653
-0.77378
-0.80338
-0.82935
-0.73495
-0.64874
-0.62404
-0.64949
-0.6368
-0.50829
-0.4434
-0.17519
-0.73996
-0.56322
-0.24552
-0.11291
0.087146
0.50858
0.69345
0.80123
1.0224
0.40828
-0.32696
-0.62602
-0.6906
-0.7048
-0.77314
-0.76718
-0.84949
-0.84914
-0.85528
-0.84304
-0.84666
-0.8694
-0.86848
-0.86951
-0.87484
-0.86966
-0.85634
-0.84407
-0.85445
-0.8848
-0.89909
-0.87714
-0.85927
-0.89195
-0.92211
-0.90849
-0.89697
-0.9111
-0.91056
-0.93884
-0.95683
-0.93194
-0.90854
-0.9177
-0.93398
-0.93929
-0.94242
-0.95421
-0.97544
-1.0089
-1.0322
-1.0542
-1.0923
-1.1143
-1.1454
-1.1976
-1.1925
-1.1976
-1.1792
-1.5971
-1.7842
-1.8221
