0.0011397
-0.00031754
9.4169e-05
-5.1594e-05
-7.1211e-05
3.9034e-05
-2.8194e-06
-1.6991e-05
-3.3849e-05
-5.7199e-05
-1.457e-05
-3.859e-05
-1.6764e-05
-4.6681e-06
-3.6123e-06
6.4782e-06
-2.0364e-05
-1.5984e-06
2.6363e-05
2.6652e-05
3.5938e-05
2.4148e-05
1.0335e-05
-1.2889e-05
-7.3536e-06
-7.9693e-06
-1.7918e-05
-2.1634e-05
-2.4052e-05
-1.9786e-05
-1.434e-05
-1.3725e-05
-1.4752e-05
-1.5086e-05
-1.5363e-05
-1.6943e-05
-1.466e-05
-1.4814e-05
-1.7148e-05
-1.6024e-05
-1.0028e-05
-2.7311e-05
-9.9768e-06
-2.8877e-05
-1.4986e-05
-4.2957e-05
-1.7808e-05
-6.4521e-05
-4.719e-05
-0.00010568
-6.4048e-05
-6.2163e-05
-3.2341e-05
-4.9246e-05
-1.9969e-05
-3.4743e-05
-2.8886e-05
1.579e-05
7.0233e-05
9.926e-05
3.9886e-05
6.5936e-06
3.2786e-05
2.3551e-06
-1.2121e-05
1.2982e-05
2.3263e-06
4.5913e-06
2.5324e-06
-3.8334e-06
3.0023e-06
4.027e-06
7.0864e-06
7.4265e-06
6.2505e-06
5.5725e-06
3.9538e-06
8.4339e-06
7.0159e-06
-6.4024e-06
-8.0141e-06
-1.9753e-06
-5.5505e-06
-2.4868e-05
-9.333e-06
-4.78e-06
-1.6932e-05
-3.0882e-06
6.1324e-06
-1.7209e-06
-2.0908e-06
9.1475e-06
1.8809e-05
2.763e-05
2.9735e-05
3.5365e-05
4.2104e-05
5.309e-05
5.1106e-05
5.6836e-05
7.9659e-05
4.6992e-05
6.5374e-05
5.7094e-05
6.6204e-05
0.00012235
0.00018471
6.4305e-05
0.00029259
-0.00014577
-0.00072953
