-0.00026223
-0.00057144
-0.0008585
-0.00033728
-0.00032371
-0.00033591
-0.00012252
-0.0001026
-7.3737e-05
-8.5698e-05
-4.1871e-05
-1.3747e-05
9.1732e-06
6.8697e-05
9.4481e-05
0.00011881
0.00011821
0.00016613
0.00023054
0.00023057
0.00022096
0.00019271
0.00014797
0.00010857
8.8031e-05
6.7506e-05
4.9642e-05
3.4292e-05
3.0081e-05
3.297e-05
4.0423e-05
5.0114e-05
6.638e-05
9.1885e-05
0.0001189
0.00012643
9.2127e-05
7.2595e-05
7.5275e-05
0.00010407
8.2012e-05
6.4983e-05
0.00011626
8.4086e-05
0.00011747
9.7876e-05
0.00013336
8.5289e-05
0.00029212
7.0882e-05
8.1418e-05
6.2053e-05
8.0079e-05
3.577e-05
7.8129e-05
3.455e-05
6.2504e-05
5.0478e-05
0.00013419
9.7778e-05
5.7339e-05
9.5619e-05
5.5993e-05
4.0335e-05
4.0953e-05
0.00011606
5.2593e-05
5.9532e-05
5.7191e-05
3.7748e-05
5.2545e-05
4.2198e-05
3.061e-05
2.6311e-05
2.721e-05
2.67e-05
2.7207e-05
3.0885e-05
4.2851e-05
5.7394e-05
7.6393e-05
9.2657e-05
0.00010126
9.3726e-05
0.00014551
0.00015188
0.0001269
0.00015814
0.00016421
0.0001454
0.00015327
0.00013779
0.00010302
8.7886e-05
7.0495e-05
4.636e-05
-7.6207e-06
-6.1647e-05
-0.00010283
-0.00014869
-0.00029854
-0.0004557
-0.00030823
-0.00056365
-0.00034979
-0.00071829
-0.00067173
-0.00034663
-1.8504e-05
4.1881e-05
-0.00024116
