0.001674
0.004178
0.0095285
0.01413
0.019495
0.025541
0.032163
0.039236
0.042901
0.046628
0.050398
0.054193
0.057995
0.061785
0.065545
0.069257
0.072902
0.076465
0.079926
0.083271
0.086484
0.089549
0.092453
0.095181
0.097721
0.10006
0.10219
0.1041
0.10578
0.10723
0.10843
0.10938
0.11008
0.11052
0.1107
0.11061
0.11027
0.10966
0.10879
0.10766
0.10628
0.10464
0.10276
0.10064
0.098293
0.095717
0.092926
0.089929
0.086736
0.079809
0.07224
0.064136
0.05561
0.046785
0.037784
0.028738
0.019775
0.0067719
-0.0090907
-0.022436
-0.027922
-0.032515
-0.036158
-0.038815
-0.04047
-0.041127
-0.04109
-0.040818
-0.040316
-0.039595
-0.038665
-0.037537
-0.036225
-0.034744
-0.033109
-0.031339
-0.029449
-0.027461
-0.025393
-0.023266
-0.021101
-0.018918
-0.016739
-0.014584
-0.012474
-0.010428
-0.008464
-0.0066002
-0.0048523
-0.0032344
-0.0017587
-0.00043561
0.00072704
0.0017236
0.0025511
0.0032089
0.0036992
0.0040267
0.0041987
0.0042249
0.0041173
0.0038902
0.0035598
0.003144
0.0026622
0.0015834
0.00049627
-0.00042241
-0.0010018
-0.0010861
0.00073592
