-11.77
-12.744
-12.7
-12.575
-12.486
-12.425
-12.384
-12.336
-12.3
-12.278
-12.25
-12.224
-12.209
-12.196
-12.173
-12.162
-12.165
-12.091
-11.967
-10.678
-25.042
-27.325
-27.267
-26.904
-26.713
-26.554
-26.379
-26.25
-26.146
-26.051
-25.961
-25.91
-25.868
-25.834
-25.808
-25.805
-25.803
-25.805
-25.812
-25.831
-25.848
-25.861
-25.879
-25.904
-25.923
-25.934
-25.952
-25.972
-25.985
-25.988
-26.001
-26.014
-26.017
-26.014
-26.021
-26.025
-26.021
-26.013
-26.016
-26.013
-26.003
-25.994
-25.993
-25.987
-25.974
-25.966
-25.962
-25.953
-25.94
-25.933
-25.928
-25.919
-25.907
-25.902
-25.895
-25.887
-25.878
-25.873
-25.867
-25.859
-25.853
-25.848
-25.843
-25.836
-25.831
-25.827
-25.822
-25.816
-25.812
-25.806
-25.801
-25.796
-25.791
-25.784
-25.778
-25.773
-25.765
-25.755
-25.746
-25.738
-25.724
-25.709
-25.693
-25.677
-25.65
-25.622
-25.594
-25.559
-25.506
-25.453
-25.397
-25.323
-25.223
-25.132
-25.025
-24.823
-24.673
-25.63
-32.322
-32.006
-31.905
-31.879
-31.878
-31.876
-31.884
-31.887
-31.89
-31.901
-31.912
-31.917
-31.931
-31.949
-31.957
-31.975
-32.005
-31.994
-32.038
-34.165
-31.626
-32.412
-32.562
-32.25
-32.199
-32.063
-32.362
-32.061
-32.589
-32.006
-32.77
-32.006
-32.618
-31.752
-32.282
-32.526
-32.094
-32.797
-32.068
-32.67
-32.673
-32.079
-32.858
-31.899
-32.612
-32.927
-32.146
-33.028
-32.878
-32.226
-33.18
-32.31
-32.43
-33.323
-32.663
-32.55
-33.599
-33.126
-32.39
-33.484
-33.362
-32.44
-33.25
-34.072
-33.211
-32.898
-33.951
-34.074
-32.854
-33.127
-34.186
-34.471
-33.444
-33.383
-34.35
-34.886
-33.982
-33.308
-33.895
-34.861
-35.231
-34.574
-33.958
-34.073
-34.954
-35.461
-35.265
-34.567
-34.162
-34.355
-35.057
-35.782
-35.858
-35.357
-34.856
-34.48
-34.369
-34.578
-35.059
-35.576
-35.83
-35.711
-35.398
-34.974
-34.743
-34.477
-34.204
-34.014
-33.879
-33.77
-33.699
-33.681
-33.669
-33.637
-33.578
-33.502
-33.385
-33.234
-32.993
-32.416
-31.429
-30.285
-29.19
-29.218
-30.215
-29.41
-27.141
-26.05
-26.069
-24.878
-23.895
-23.178
-22.546
-21.454
-21.283
-20.092
-19.971
-19.085
-18.552
-18.619
-17.577
-16.932
-17.1
-17.3
-16.57
-15.782
-15.188
-14.756
-14.473
-14.28
-14.149
-14.004
-13.806
-13.246
-12.465
-13.187
-15.239
-11.77
-11.77
-12.744
-12.7
-12.575
-12.486
-12.425
-12.384
-12.336
-12.3
-12.278
-12.25
-12.224
-12.209
-12.196
-12.173
-12.162
-12.165
-12.091
-11.966
-10.679
-25.045
-27.328
-27.269
-26.906
-26.714
-26.555
-26.38
-26.25
-26.147
-26.051
-25.962
-25.911
-25.868
-25.834
-25.808
-25.805
-25.803
-25.805
-25.812
-25.831
-25.848
-25.862
-25.879
-25.904
-25.923
-25.934
-25.952
-25.972
-25.985
-25.988
-26.001
-26.014
-26.017
-26.014
-26.021
-26.025
-26.021
-26.013
-26.016
-26.013
-26.003
-25.994
-25.993
-25.987
-25.974
-25.966
-25.962
-25.953
-25.94
-25.933
-25.928
-25.919
-25.907
-25.902
-25.895
-25.887
-25.878
-25.873
-25.867
-25.859
-25.853
-25.848
-25.843
-25.836
-25.831
-25.827
-25.822
-25.816
-25.812
-25.806
-25.801
-25.796
-25.791
-25.784
-25.778
-25.773
-25.765
-25.755
-25.746
-25.738
-25.724
-25.709
-25.693
-25.677
-25.65
-25.622
-25.593
-25.559
-25.506
-25.453
-25.397
-25.322
-25.222
-25.131
-25.024
-24.822
-24.671
-25.629
-32.322
-32.007
-31.905
-31.879
-31.878
-31.876
-31.884
-31.887
-31.89
-31.901
-31.912
-31.917
-31.931
-31.949
-31.957
-31.975
-32.005
-31.994
-32.038
-34.165
-31.626
-32.412
-32.562
-32.25
-32.199
-32.063
-32.362
-32.061
-32.589
-32.006
-32.77
-32.006
-32.618
-31.752
-32.282
-32.526
-32.094
-32.797
-32.068
-32.67
-32.673
-32.079
-32.858
-31.899
-32.612
-32.927
-32.146
-33.028
-32.878
-32.226
-33.18
-32.31
-32.43
-33.323
-32.663
-32.55
-33.599
-33.126
-32.39
-33.484
-33.362
-32.44
-33.25
-34.072
-33.211
-32.898
-33.951
-34.074
-32.854
-33.127
-34.186
-34.471
-33.444
-33.383
-34.35
-34.886
-33.982
-33.308
-33.895
-34.861
-35.231
-34.574
-33.958
-34.073
-34.954
-35.461
-35.265
-34.567
-34.162
-34.355
-35.057
-35.782
-35.858
-35.357
-34.856
-34.48
-34.369
-34.578
-35.059
-35.575
-35.83
-35.711
-35.398
-34.974
-34.743
-34.477
-34.204
-34.014
-33.879
-33.77
-33.699
-33.681
-33.669
-33.637
-33.578
-33.502
-33.385
-33.234
-32.993
-32.416
-31.429
-30.285
-29.19
-29.218
-30.215
-29.41
-27.141
-26.05
-26.069
-24.878
-23.895
-23.178
-22.546
-21.454
-21.283
-20.092
-19.971
-19.085
-18.552
-18.619
-17.577
-16.932
-17.1
-17.3
-16.57
-15.782
-15.188
-14.756
-14.473
-14.28
-14.149
-14.004
-13.806
-13.246
-12.465
-13.187
-15.239
-11.77
