0.0055741
0.0036399
0.0075941
0.0030907
0.0059913
0.0070034
0.0030561
0.0044112
0.006658
0.0032897
0.0029776
0.0063346
0.0037484
0.0016214
0.0058289
0.0042314
-0.00010118
0.0057146
-0.0022754
-0.0012833
0.0037269
0.0024094
0.0018058
0.0010019
0.00040109
0.00057223
0.00043245
0.00047376
0.00032595
0.00047278
0.00023911
0.00030084
0.00023852
0.00032547
0.0001598
0.00022587
0.00021547
0.00026024
0.00012715
0.00020278
0.00020407
0.00021416
0.00012199
0.00018131
0.0001847
0.00016357
0.00011503
0.00015254
0.00015096
0.00010428
9.6135e-05
0.00011347
0.00010667
4.4195e-05
6.7483e-05
6.4304e-05
5.8595e-05
-7.8167e-06
3.5026e-05
9.8696e-06
1.2453e-05
-4.7514e-05
1.9442e-06
-3.7999e-05
-3.2508e-05
-7.0813e-05
-3.3654e-05
-7.2478e-05
-6.9462e-05
-8.6332e-05
-6.4729e-05
-9.5708e-05
-9.6305e-05
-9.5593e-05
-9.1758e-05
-0.00010809
-0.00011443
-9.8667e-05
-0.00011456
-0.00011102
-0.00012683
-9.802e-05
-0.00012728
-0.00011394
-0.00012782
-0.00010224
-0.00012863
-0.0001147
-0.0001213
-0.00010674
-0.00012231
-0.0001146
-0.0001099
-0.0001091
-0.00011082
-0.00011202
-9.6562e-05
-0.00010548
-9.7667e-05
-0.00010446
-8.1863e-05
-9.2664e-05
-8.4506e-05
-9.0658e-05
-6.4018e-05
-7.5845e-05
-6.4745e-05
-7.2319e-05
-4.4669e-05
-5.8547e-05
-4.2316e-05
-4.6482e-05
-0.00010399
-0.00021268
-3.4425e-05
3.627e-05
0.00084081
0.0039734
0.0082077
0.026731
0.022844
0.027349
0.025067
0.021106
0.027387
0.026403
0.020022
0.027184
0.02717
0.020023
0.026397
0.027348
0.021104
0.025051
0.027377
0.022339
0.023301
0.018324
0.007392
0.012841
0.0090723
0.0058583
0.012701
0.0065865
0.010128
0.0085602
0.0084216
0.0089816
0.0078294
0.011263
0.0051264
0.011956
0.0058306
0.0092451
0.0078608
0.0070637
0.010205
0.0045739
0.011064
0.004435
0.0099309
0.0070836
0.0068787
0.0066247
0.0085337
0.0051589
0.0083794
0.005623
0.0076174
0.0067346
0.0057894
0.0064729
0.0055237
0.0073589
0.0046759
0.0066733
0.0053072
0.0060467
0.0059713
0.0042147
0.006028
0.0044155
0.0046541
0.0057333
0.0040979
0.0057356
0.0029229
0.0046296
0.0046602
0.0032925
0.0031906
0.0044788
0.0018846
0.0060708
0.00066215
0.0038733
0.0024935
0.0022122
0.002889
0.0010953
0.0031491
0.0012536
9.7179e-05
0.0028705
0.00043806
0.0012372
0.00055953
0.00084165
-0.0005238
-0.0006611
-0.00012768
-5.5185e-06
-0.0007079
0.00048812
-0.0018834
-0.0015655
-0.0015862
-0.0024195
-0.0021262
-0.0028328
-0.0031229
-0.001209
-0.0015797
-0.0017056
-0.0025569
-0.0028928
-0.0034896
-0.0033251
-0.0039039
-0.0037997
-0.0036786
-0.0036656
-0.0039746
-0.003584
-0.00345
-0.0050097
-0.0056137
-0.0052896
-0.0070743
-0.0062356
0.0022336
0.0055354
0.0024572
-0.0039809
0.0032504
0.0018397
0.0058388
0.0072255
0.004962
0.0065852
0.0084358
0.0067118
0.0093878
0.0092572
0.0058438
0.013805
0.0074204
0.011038
0.0086927
0.01013
0.010004
0.009968
0.0098921
0.0099318
0.01003
0.0094681
0.0093154
0.0089768
0.009095
0.0088215
0.0085151
0.0066731
0.0050326
0.0077419
0.0039247
0.0055741
0.0055742
0.0036402
0.0075943
0.0030911
0.0059916
0.0070037
0.0030565
0.0044116
0.0066604
0.0032818
0.0029848
0.0063336
0.0037502
0.0016183
0.005834
0.0042163
-7.8449e-05
0.0057087
-0.0022827
-0.001279
0.0037227
0.002412
0.0018065
0.0010023
0.00040085
0.00057254
0.00043258
0.00047386
0.000326
0.0004728
0.00023912
0.00030081
0.00023853
0.00032542
0.00015979
0.00022584
0.00021545
0.00026021
0.00012714
0.00020277
0.00020405
0.00021415
0.00012198
0.00018131
0.00018469
0.00016357
0.00011502
0.00015254
0.00015095
0.00010428
9.6129e-05
0.00011347
0.00010666
4.4192e-05
6.7479e-05
6.43e-05
5.8589e-05
-7.8209e-06
3.5021e-05
9.8638e-06
1.2448e-05
-4.7519e-05
1.9391e-06
-3.8005e-05
-3.2513e-05
-7.0818e-05
-3.3659e-05
-7.2484e-05
-6.9468e-05
-8.6338e-05
-6.4735e-05
-9.5714e-05
-9.631e-05
-9.5598e-05
-9.1764e-05
-0.00010809
-0.00011444
-9.8673e-05
-0.00011457
-0.00011102
-0.00012683
-9.8027e-05
-0.00012729
-0.00011394
-0.00012783
-0.00010225
-0.00012863
-0.00011471
-0.00012131
-0.00010675
-0.00012232
-0.00011461
-0.00010991
-0.00010911
-0.00011082
-0.00011204
-9.6573e-05
-0.00010549
-9.7679e-05
-0.00010447
-8.1881e-05
-9.2675e-05
-8.4524e-05
-9.0664e-05
-6.4036e-05
-7.5847e-05
-6.4755e-05
-7.2315e-05
-4.4653e-05
-5.8534e-05
-4.2279e-05
-4.6443e-05
-0.00010392
-0.0002129
-3.4576e-05
3.5897e-05
0.00084072
0.0039733
0.0081993
0.026739
0.022852
0.027329
0.025079
0.021111
0.027389
0.026399
0.020021
0.027178
0.027176
0.020023
0.026397
0.027348
0.021104
0.025051
0.027377
0.022339
0.023301
0.018324
0.007392
0.012841
0.0090723
0.0058582
0.012701
0.0065865
0.010128
0.0085602
0.0084216
0.0089815
0.0078294
0.011263
0.0051263
0.011956
0.0058306
0.0092451
0.0078607
0.0070636
0.010205
0.0045739
0.011064
0.004435
0.0099309
0.0070836
0.0068787
0.0066246
0.0085336
0.0051589
0.0083794
0.005623
0.0076173
0.0067346
0.0057894
0.0064729
0.0055237
0.0073589
0.0046759
0.0066732
0.0053072
0.0060467
0.0059712
0.0042147
0.006028
0.0044155
0.004654
0.0057333
0.0040979
0.0057356
0.0029229
0.0046296
0.0046602
0.0032925
0.0031906
0.0044788
0.0018846
0.0060708
0.00066211
0.0038733
0.0024935
0.0022122
0.002889
0.0010953
0.0031491
0.0012536
9.7156e-05
0.0028705
0.00043803
0.0012371
0.0005595
0.00084162
-0.00052382
-0.00066113
-0.00012771
-5.5456e-06
-0.00070793
0.0004881
-0.0018834
-0.0015655
-0.0015863
-0.0024195
-0.0021262
-0.0028328
-0.0031229
-0.001209
-0.0015797
-0.0017057
-0.0025569
-0.0028929
-0.0034896
-0.0033251
-0.0039039
-0.0037998
-0.0036786
-0.0036656
-0.0039746
-0.003584
-0.00345
-0.0050097
-0.0056137
-0.0052896
-0.0070743
-0.0062357
0.0022336
0.0055354
0.0024573
-0.0039809
0.0032504
0.0018397
0.0058388
0.0072255
0.004962
0.0065852
0.0084359
0.0067119
0.0093878
0.0092572
0.0058439
0.013805
0.0074204
0.011038
0.0086928
0.01013
0.010004
0.0099681
0.0098921
0.0099319
0.01003
0.0094682
0.0093155
0.0089769
0.0090951
0.0088217
0.0085153
0.0066733
0.0050328
0.0077421
0.0039249
0.0055742
