0.0016765
0.0032405
0.00105
-0.00038023
-0.00024882
-0.00036261
-0.00032487
-0.00025599
-0.00053745
-0.0005399
-0.00034906
-0.00052621
-0.00069123
-0.00047542
-0.00045107
-0.00087495
-0.0016474
-0.0016944
-0.0025668
-0.0044511
-0.0045801
-0.0027315
-0.0029942
-0.0014344
-0.0015294
-0.0013697
-0.0017776
-0.0014815
-0.0011702
-0.001061
-0.0011049
-0.00091049
-0.00066585
-0.00066401
-0.00061703
-0.00051898
-0.00035131
-0.00037475
-0.00029012
-0.00023676
-0.00014135
-0.00013383
-3.6461e-05
-8.6858e-06
3.142e-05
8.5982e-05
0.00017111
0.00016554
0.0001951
0.00027135
0.00032548
0.00028171
0.00033428
0.00040458
0.00042114
0.00034102
0.00043634
0.00047496
0.00046279
0.00036076
0.00049317
0.00049469
0.00044823
0.00038578
0.00049416
0.00048046
0.00041094
0.00039354
0.00046881
0.00044449
0.00036303
0.00038805
0.00042636
0.00039746
0.00030987
0.00037147
0.00037076
0.00034262
0.00025628
0.00034052
0.00030807
0.00027207
0.00022353
0.00028182
0.00024182
0.00020068
0.00018333
0.00020996
0.00016933
0.00013152
0.00013288
0.00012978
9.2645e-05
6.6296e-05
7.3563e-05
4.7572e-05
1.8237e-05
1.0397e-05
1.0837e-05
-2.4957e-05
-3.8648e-05
-2.964e-05
-4.0545e-05
-7.121e-05
-6.5423e-05
-5.6712e-05
-7.507e-05
-0.00010161
-0.00010007
-0.00011535
-0.00017615
-0.00025364
-0.00032707
-0.00053798
-0.00097156
-0.00093987
-0.00041772
0.001275
0.0034236
0.0022812
0.0011366
0.00028154
-1.1424e-05
0.00024723
0.00021862
0.00015064
0.00032013
0.00026696
0.00013891
0.00031843
0.00033742
5.9603e-05
7.6694e-05
0.00053878
0.0013683
-0.00080075
-0.0039677
-0.004211
-0.016901
-0.015754
-0.017464
-0.015881
-0.015857
-0.017809
-0.016322
-0.017799
-0.017094
-0.017228
-0.01726
-0.016473
-0.016156
-0.015902
-0.018182
-0.015792
-0.017824
-0.017636
-0.016013
-0.017698
-0.015595
-0.016318
-0.016962
-0.015899
-0.018259
-0.015908
-0.016667
-0.017546
-0.015874
-0.015368
-0.016382
-0.016043
-0.016482
-0.017394
-0.014913
-0.017014
-0.015777
-0.01558
-0.014717
-0.01573
-0.015092
-0.016475
-0.014178
-0.016176
-0.014565
-0.014747
-0.013469
-0.014097
-0.014252
-0.013965
-0.013318
-0.013905
-0.013218
-0.012717
-0.011966
-0.011378
-0.011974
-0.011331
-0.010935
-0.010785
-0.0098234
-0.010259
-0.0085597
-0.00838
-0.0080832
-0.0071675
-0.0067037
-0.0074306
-0.0043903
-0.0050995
-0.0042811
-0.0028896
-0.0032116
-0.0017239
-0.0012101
-0.00012046
0.0012806
0.0018183
0.0027075
0.0036981
0.0047971
0.0043799
0.006669
0.0078035
0.0080863
0.010064
0.010739
0.012734
0.013936
0.013365
0.015124
0.017386
0.018587
0.019755
0.021028
0.02227
0.023516
0.024663
0.023966
0.028355
0.028931
0.029894
0.029143
0.029735
0.034641
0.03253
0.024551
0.035486
0.030323
0.023054
0.028406
0.029254
0.020676
0.028105
0.019796
0.022279
0.022176
0.015145
0.019537
0.015827
0.01539
0.014192
0.013061
0.012359
0.011029
0.010109
0.0094718
0.0090385
0.0083926
0.0078622
0.0070608
0.0062628
0.0059749
0.0054646
0.0068063
-0.0018584
-0.0035501
0.0016765
-0.0016765
-0.0032405
-0.00105
0.00038024
0.00024881
0.00036263
0.00032503
0.00025611
0.00053714
0.00053962
0.00034971
0.00052552
0.00069076
0.0004766
0.00045284
0.00087354
0.001648
0.0016944
0.0025663
0.0044505
0.004582
0.0027343
0.0029967
0.0014355
0.0015304
0.0013703
0.0017779
0.0014814
0.0011699
0.0010606
0.0011043
0.00090985
0.00066533
0.00066345
0.00061642
0.00051843
0.00035092
0.0003743
0.0002897
0.0002364
0.0001411
0.00013353
3.621e-05
8.4815e-06
-3.1578e-05
-8.6158e-05
-0.00017126
-0.00016565
-0.0001952
-0.00027145
-0.00032556
-0.00028177
-0.00033433
-0.00040463
-0.00042118
-0.00034105
-0.00043637
-0.00047499
-0.00046281
-0.00036077
-0.00049319
-0.0004947
-0.00044824
-0.00038578
-0.00049417
-0.00048046
-0.00041095
-0.00039355
-0.00046882
-0.00044449
-0.00036303
-0.00038805
-0.00042635
-0.00039746
-0.00030987
-0.00037147
-0.00037076
-0.00034262
-0.00025628
-0.00034051
-0.00030806
-0.00027206
-0.00022351
-0.0002818
-0.0002418
-0.00020066
-0.00018331
-0.00020993
-0.00016929
-0.00013148
-0.00013284
-0.00012972
-9.2575e-05
-6.6234e-05
-7.3483e-05
-4.7473e-05
-1.8119e-05
-1.03e-05
-1.0698e-05
2.5117e-05
3.882e-05
2.9785e-05
4.0748e-05
7.143e-05
6.5621e-05
5.6887e-05
7.5281e-05
0.00010179
0.00010018
0.00011543
0.00017621
0.00025357
0.00032699
0.00053797
0.00097188
0.00094091
0.00041886
-0.0012726
-0.0034221
-0.0022814
-0.0011364
-0.00028194
1.1298e-05
-0.00024681
-0.00021835
-0.00015124
-0.00031983
-0.00026673
-0.00013926
-0.00031833
-0.00033738
-5.9612e-05
-7.67e-05
-0.00053879
-0.0013683
0.00080075
0.0039677
0.004211
0.016901
0.015754
0.017464
0.015881
0.015857
0.017809
0.016322
0.017799
0.017094
0.017228
0.01726
0.016473
0.016156
0.015902
0.018182
0.015792
0.017824
0.017636
0.016013
0.017698
0.015595
0.016318
0.016962
0.015899
0.018259
0.015908
0.016667
0.017546
0.015874
0.015368
0.016382
0.016043
0.016482
0.017394
0.014913
0.017014
0.015777
0.01558
0.014717
0.01573
0.015092
0.016475
0.014178
0.016176
0.014565
0.014747
0.013469
0.014097
0.014252
0.013964
0.013317
0.013905
0.013218
0.012717
0.011966
0.011378
0.011974
0.011331
0.010935
0.010785
0.0098233
0.010259
0.0085596
0.0083799
0.0080831
0.0071674
0.0067036
0.0074305
0.0043902
0.0050994
0.004281
0.0028895
0.0032115
0.0017238
0.00121
0.00012036
-0.0012807
-0.0018184
-0.0027076
-0.0036983
-0.0047972
-0.00438
-0.0066691
-0.0078036
-0.0080865
-0.010064
-0.010739
-0.012734
-0.013936
-0.013365
-0.015124
-0.017386
-0.018588
-0.019755
-0.021028
-0.022271
-0.023516
-0.024663
-0.023966
-0.028356
-0.028931
-0.029894
-0.029144
-0.029735
-0.034641
-0.03253
-0.024551
-0.035486
-0.030323
-0.023054
-0.028406
-0.029254
-0.020676
-0.028105
-0.019796
-0.022279
-0.022176
-0.015146
-0.019537
-0.015827
-0.015391
-0.014192
-0.013062
-0.01236
-0.011029
-0.010109
-0.0094719
-0.0090386
-0.0083928
-0.0078623
-0.007061
-0.006263
-0.0059751
-0.0054648
-0.0068065
0.0018582
0.0035498
-0.0016765
