0.8
0.81053
0.82105
0.83158
0.84211
0.85263
0.86316
0.87368
0.88421
0.89474
0.90526
0.91579
0.92632
0.93684
0.94737
0.95789
0.96842
0.97895
0.98947
1
1
1
1
1
1
1
1
1
1
1
1
1
1
1
1
1
1
1
1
1
1
1
1
1
1
1
1
1
1
1
1
1
1
1
1
1
1
1
1
1
1
1
1
1
1
1
1
1
1
1
1
1
1
1
1
1
1
1
1
1
1
1
1
1
1
1
1
1
1
1
1
1
1
1
1
1
1
1
1
1
1
1
1
1
1
1
1
1
1
1
1
1
1
1
1
1
1
1
1
0.98947
0.97895
0.96842
0.95789
0.94737
0.93684
0.92632
0.91579
0.90526
0.89474
0.88421
0.87368
0.86316
0.85263
0.84211
0.83158
0.82105
0.81053
0.8
0.79598
0.792
0.78806
0.78416
0.78031
0.77649
0.77272
0.76898
0.76529
0.76164
0.75802
0.75445
0.75092
0.74743
0.74399
0.74058
0.73721
0.73388
0.7306
0.72735
0.72415
0.72099
0.71787
0.71478
0.71174
0.70874
0.70579
0.70287
0.69999
0.69715
0.69436
0.6916
0.68889
0.68622
0.68358
0.68099
0.67844
0.67593
0.67346
0.67103
0.66865
0.6663
0.66399
0.66173
0.6595
0.65732
0.65518
0.65308
0.65102
0.649
0.64702
0.64508
0.64318
0.64132
0.63951
0.63773
0.636
0.6343
0.63265
0.63104
0.62947
0.62794
0.62645
0.625
0.62359
0.62222
0.6209
0.61961
0.61837
0.61716
0.616
0.61488
0.61379
0.61275
0.61175
0.61079
0.60988
0.609
0.60816
0.60737
0.60661
0.6059
0.60522
0.60459
0.604
0.60345
0.60294
0.60247
0.60204
0.60165
0.60131
0.601
0.60073
0.60051
0.60033
0.60018
0.60008
0.60002
0.6
0.60013
0.60053
0.60118
0.6021
0.60329
0.60473
0.60644
0.60842
0.61065
0.61315
0.61591
0.61893
0.62222
0.62577
0.62959
0.63366
0.638
0.6426
0.64747
0.6526
0.65799
0.66364
0.66956
0.67574
0.68218
0.68889
0.69586
0.70309
0.71059
0.71834
0.72636
0.73465
0.7432
0.75201
0.76108
0.77041
0.78001
0.78988
0.8
0.2
0.18947
0.17895
0.16842
0.15789
0.14737
0.13684
0.12632
0.11579
0.10526
0.094737
0.084211
0.073684
0.063158
0.052632
0.042105
0.031579
0.021053
0.010526
-9.11e-18
-9.11e-18
-9.11e-18
-9.11e-18
-9.11e-18
-9.11e-18
-9.11e-18
-9.11e-18
-9.11e-18
-9.11e-18
-9.11e-18
-9.11e-18
-9.11e-18
-9.11e-18
-9.11e-18
-9.11e-18
-9.11e-18
-9.11e-18
-9.11e-18
-9.11e-18
-9.11e-18
-9.11e-18
-9.11e-18
-9.11e-18
-9.11e-18
-9.11e-18
-9.11e-18
-9.11e-18
-9.11e-18
-9.11e-18
-9.11e-18
-9.11e-18
-9.11e-18
-9.11e-18
-9.11e-18
-9.11e-18
-9.11e-18
-9.11e-18
-9.11e-18
-9.11e-18
-9.11e-18
-9.11e-18
-9.11e-18
-9.11e-18
-9.11e-18
-9.11e-18
-9.11e-18
-9.11e-18
-9.11e-18
-9.11e-18
-9.11e-18
-9.11e-18
-9.11e-18
-9.11e-18
-9.11e-18
-9.11e-18
-9.11e-18
-9.11e-18
-9.11e-18
-9.11e-18
-9.11e-18
-9.11e-18
-9.11e-18
-9.11e-18
-9.11e-18
-9.11e-18
-9.11e-18
-9.11e-18
-9.11e-18
-9.11e-18
-9.11e-18
-9.11e-18
-9.11e-18
-9.11e-18
-9.11e-18
-9.11e-18
-9.11e-18
-9.11e-18
-9.11e-18
-9.11e-18
-9.11e-18
-9.11e-18
-9.11e-18
-9.11e-18
-9.11e-18
-9.11e-18
-9.11e-18
-9.11e-18
-9.11e-18
-9.11e-18
-9.11e-18
-9.11e-18
-9.11e-18
-9.11e-18
-9.11e-18
-9.11e-18
-9.11e-18
-9.11e-18
-9.11e-18
-9.11e-18
0.010526
0.021053
0.031579
0.042105
0.052632
0.063158
0.073684
0.084211
0.094737
0.10526
0.11579
0.12632
0.13684
0.14737
0.15789
0.16842
0.17895
0.18947
0.2
0.20402
0.208
0.21194
0.21584
0.21969
0.22351
0.22728
0.23102
0.23471
0.23836
0.24198
0.24555
0.24908
0.25257
0.25601
0.25942
0.26279
0.26612
0.2694
0.27265
0.27585
0.27901
0.28213
0.28522
0.28826
0.29126
0.29421
0.29713
0.30001
0.30285
0.30564
0.3084
0.31111
0.31378
0.31642
0.31901
0.32156
0.32407
0.32654
0.32897
0.33135
0.3337
0.33601
0.33827
0.3405
0.34268
0.34482
0.34692
0.34898
0.351
0.35298
0.35492
0.35682
0.35868
0.36049
0.36227
0.364
0.3657
0.36735
0.36896
0.37053
0.37206
0.37355
0.375
0.37641
0.37778
0.3791
0.38039
0.38163
0.38284
0.384
0.38512
0.38621
0.38725
0.38825
0.38921
0.39012
0.391
0.39184
0.39263
0.39339
0.3941
0.39478
0.39541
0.396
0.39655
0.39706
0.39753
0.39796
0.39835
0.39869
0.399
0.39927
0.39949
0.39967
0.39982
0.39992
0.39998
0.4
0.39987
0.39947
0.39882
0.3979
0.39671
0.39527
0.39356
0.39158
0.38935
0.38685
0.38409
0.38107
0.37778
0.37423
0.37041
0.36634
0.362
0.3574
0.35253
0.3474
0.34201
0.33636
0.33044
0.32426
0.31782
0.31111
0.30414
0.29691
0.28941
0.28166
0.27364
0.26535
0.2568
0.24799
0.23892
0.22959
0.21999
0.21012
0.2
