122
124.32
129.46
134.89
138.41
134.94
130.9
133.64
139.91
139.27
142.64
140.5
142.58
145.52
150.45
163.87
155.12
160.48
156.01
145.55
147.97
146.33
180.19
168.44
150.67
135.34
119.08
131.56
167.21
202.64
174.56
47.948
94.753
101.03
77.576
113.96
76.558
38.463
13.147
-20.274
11.761
-28.356
-78.716
-15.958
-56.993
-141.03
-148.38
-72.014
-58.853
-50.312
-50.312
-58.853
-72.014
-148.38
-141.03
-56.993
-15.958
-78.716
-28.356
11.761
-20.274
13.147
38.463
76.558
113.96
77.576
101.03
94.753
47.948
174.56
202.64
167.21
131.56
119.08
135.34
150.67
168.44
180.19
146.33
147.97
145.55
156.01
160.48
155.12
163.87
150.45
145.52
142.58
140.5
142.64
139.27
139.91
133.64
130.9
134.94
138.41
134.89
129.46
124.32
122
