230.38
266.34
238.82
241.74
239.67
239.08
238.79
238.65
238.6
238.61
238.65
238.71
238.78
238.89
239.02
239.15
239.07
237.65
231.61
220.88
475.27
545.17
534.59
522
514.7
508.69
502.77
497.08
491.79
487.01
482.76
479.08
476.01
473.52
471.64
470.34
469.6
469.36
469.59
470.23
471.23
472.53
474.07
475.79
477.65
479.58
481.55
483.52
485.43
487.25
488.95
490.52
491.94
493.2
494.3
495.22
495.98
496.56
496.99
497.27
497.42
497.43
497.34
497.15
496.88
496.54
496.14
495.71
495.24
494.75
494.26
493.77
493.28
492.8
492.35
491.93
491.52
491.13
490.77
490.44
490.14
489.86
489.59
489.34
489.1
488.86
488.61
488.34
488.06
487.74
487.38
486.98
486.53
486.02
485.44
484.79
484.06
483.26
482.38
481.41
480.36
479.23
478
476.66
475.21
473.69
472.04
470.22
468.23
466.03
463.59
460.88
457.92
454.59
450.68
445.27
444.83
480.14
669.26
673.01
671.14
668.93
668.92
669.03
669.08
669.08
669.06
669.02
668.95
668.87
668.78
668.68
668.57
668.54
668.66
668.39
674.11
713.71
661.66
682.97
658.7
680.65
658.19
682.32
687.94
622.01
698.88
657.03
656.97
716.88
601.14
677.86
719.27
576.88
707.48
721.68
570.24
725.85
726.94
550.01
687.57
778.59
563.47
659.24
852.32
608.35
522.07
764.43
774.86
473.59
712.39
914
653.53
420.67
740.28
922.07
612.55
413.93
755.81
968.57
693.27
284.16
609.21
966.21
872.31
500.09
386.35
862.71
999.82
827.05
433.3
350.32
737.2
1051.3
960.54
655.19
251.25
446.12
795.59
1062
1088.9
716.76
483.88
277.21
434.69
798.85
1104.1
1176.9
916.94
615.47
407.91
278.38
501.94
584.7
741.73
1002
1206.4
1184.6
1002.7
775.18
614.4
410.94
254.9
723.26
524.04
437.06
470.76
565.68
632.94
689.26
753.4
799.93
837.41
869.86
900.16
909.06
891.22
817.62
648.02
330.73
-404.14
-929.35
406.32
1102.4
1149.4
492.59
-464.61
671.12
561.39
410.57
206.29
415.52
165.43
182.68
399.73
191.98
441.66
212.67
270.78
305.95
93.867
303.13
392.51
123.99
226.01
462.26
182.14
205.33
191.8
167.31
215.17
180.78
205.12
263.56
303.06
230.38
230.38
266.34
238.82
241.74
239.67
239.08
238.79
238.65
238.6
238.61
238.65
238.71
238.78
238.89
239.02
239.15
239.07
237.63
231.62
221.01
475.47
545.3
534.69
522.08
514.77
508.74
502.82
497.11
491.82
487.03
482.78
479.1
476.02
473.54
471.65
470.35
469.61
469.37
469.6
470.24
471.23
472.53
474.07
475.79
477.65
479.58
481.55
483.52
485.43
487.25
488.95
490.52
491.94
493.2
494.3
495.22
495.98
496.56
496.99
497.27
497.42
497.43
497.34
497.15
496.88
496.54
496.14
495.7
495.24
494.75
494.26
493.76
493.28
492.8
492.35
491.93
491.52
491.13
490.77
490.44
490.14
489.86
489.59
489.34
489.1
488.85
488.6
488.34
488.05
487.74
487.38
486.98
486.53
486.01
485.43
484.78
484.06
483.26
482.37
481.41
480.36
479.22
478
476.65
475.2
473.68
472.02
470.2
468.21
466.01
463.56
460.85
457.89
454.54
450.63
445.2
444.75
480.04
669.21
673.01
671.14
668.93
668.92
669.03
669.08
669.08
669.06
669.01
668.95
668.87
668.78
668.68
668.57
668.54
668.66
668.38
674.11
713.71
661.66
682.97
658.7
680.65
658.19
682.32
687.94
622.01
698.88
657.03
656.97
716.88
601.14
677.86
719.27
576.87
707.48
721.68
570.23
725.85
726.94
550
687.57
778.59
563.47
659.24
852.32
608.35
522.07
764.43
774.86
473.59
712.39
914
653.53
420.67
740.28
922.07
612.55
413.93
755.81
968.58
693.27
284.15
609.21
966.21
872.31
500.08
386.35
862.72
999.83
827.05
433.29
350.31
737.2
1051.3
960.54
655.19
251.25
446.11
795.59
1062
1088.9
716.76
483.87
277.2
434.69
798.85
1104.1
1176.9
916.94
615.46
407.9
278.37
501.93
584.69
741.73
1002.1
1206.4
1184.6
1002.7
775.18
614.4
410.94
254.89
723.25
524.03
437.06
470.75
565.68
632.93
689.25
753.4
799.93
837.41
869.86
900.16
909.06
891.22
817.62
648.02
330.73
-404.14
-929.35
406.32
1102.4
1149.4
492.59
-464.61
671.13
561.39
410.56
206.29
415.52
165.43
182.69
399.73
191.98
441.66
212.67
270.77
305.95
93.868
303.13
392.5
123.99
226.01
462.26
182.14
205.33
191.8
167.31
215.17
180.78
205.12
263.56
303.06
230.38
