-0.56505
-0.81526
-0.94347
-0.91444
-0.90008
-0.90006
-0.89085
-0.88607
-0.87936
-0.87435
-0.86834
-0.85016
-0.82502
-0.83019
-0.84098
-0.78842
-0.85363
-0.88064
-0.33071
-0.065768
-0.021542
-0.054398
-0.048443
0.017677
0.035779
0.024603
0.013649
0.0086288
0.0066502
0.0054795
0.0044623
0.0034681
0.0025871
0.0015087
0.00079303
-0.00024576
-0.0011822
-0.0021924
-0.0031371
-0.0040423
-0.004854
-0.0055567
-0.00613
-0.0065624
-0.0068358
-0.0069471
-0.0069547
-0.006827
-0.0065031
-0.0061306
-0.0056792
-0.0051456
-0.0045794
-0.0039626
-0.0033793
-0.0027665
-0.0021894
-0.0016425
-0.0011332
-0.00067522
-0.00028153
1.8594e-05
0.00028074
0.00060693
0.00071839
0.00088876
0.0009288
0.0009652
0.00094385
0.00089288
0.00080819
0.00069715
0.00057041
0.0004365
0.00024272
6.8905e-05
9.9819e-06
-0.00016782
-0.00037126
-0.00050545
-0.00064045
-0.0007635
-0.00087391
-0.00095835
-0.0010437
-0.0010957
-0.0011393
-0.0011573
-0.001174
-0.0011703
-0.0011727
-0.0011189
-0.0010887
-0.0010387
-0.00099699
-0.00094562
-0.00089561
-0.00084692
-0.00080236
-0.00075901
-0.00070677
-0.00064301
-0.00058366
-0.00042943
-0.00021471
0.00011817
0.00061983
0.0012862
0.0022029
0.0033576
0.0049377
0.0077631
0.012672
0.020198
0.020919
0.013676
-0.036772
-0.11789
-0.51571
-1.5341
-1.5027
-1.3152
-1.3579
-1.3518
-1.3235
-1.2654
-1.347
-1.3473
-1.3465
-1.3502
-1.3511
-1.3529
-1.356
-1.3599
-1.3604
-1.3643
-1.3493
-0.86874
-0.47581
-0.69171
-0.44109
-0.37675
-0.704
-0.24283
-0.57435
-0.68003
-0.11494
-0.71631
-0.43626
-0.3833
-0.52367
-0.41644
-0.49576
-0.45223
-0.30113
-0.47574
-0.71693
0.2974
-0.96155
-0.6283
0.55339
-1.3758
-0.28985
-0.077507
-0.42625
-0.82462
0.034444
0.20143
-1.5595
0.13385
-0.32804
0.039328
-1.0647
0.10121
-0.21669
-0.61105
-0.56057
-0.11017
0.44048
-1.3185
-0.099536
-0.25943
-0.17042
-0.26577
-0.013854
-0.81361
-0.3239
0.088694
0.39964
-1.7838
0.82929
-0.80168
-0.55953
1.8819
-1.9135
-0.45676
1.3143
-2.9733
2.0112
-0.2861
-0.34178
-0.70063
0.40088
-0.68084
0.033957
-0.056295
0.027286
0.16354
-0.40179
0.93904
-4.4414
9.944
-12.658
5.323
-0.56558
0.30589
-0.17268
0.26452
-0.39659
-0.19471
0.031466
5.9976
-13.114
12.031
-4.2685
0.12005
0.18914
-0.57591
0.27983
-0.21659
-0.12888
0.11409
0.17271
-0.083791
-0.24164
0.12419
0.34151
-0.35893
-0.68874
1.8836
-5.0797
11.193
-15.632
8.9148
7.8535
-12.672
4.9544
-4.9393
4.6533
-4.9923
13.031
-17.983
11.082
-5.2118
0.7709
0.0090816
-0.058257
-2.3536
-0.025559
0.15394
-1.103
-0.30637
-0.52388
-2.0926
1.067
-1.4548
-1.0189
-0.15355
-1.7637
-0.17708
-1.1762
-0.84018
-0.86824
-0.81344
-0.85695
-0.56505
-0.56506
-0.81528
-0.94349
-0.91447
-0.90008
-0.90012
-0.89084
-0.88605
-0.87958
-0.87426
-0.86831
-0.85
-0.82522
-0.83024
-0.84126
-0.78803
-0.85392
-0.88076
-0.33003
-0.065588
-0.021539
-0.054495
-0.048447
0.017682
0.035765
0.024577
0.013623
0.0086066
0.0066327
0.0054662
0.0044526
0.0034614
0.0025828
0.0015065
0.00079224
-0.00024536
-0.001181
-0.0021907
-0.0031351
-0.0040401
-0.0048517
-0.0055544
-0.0061277
-0.0065603
-0.0068338
-0.0069452
-0.006953
-0.0068254
-0.0065016
-0.0061292
-0.005678
-0.0051444
-0.0045783
-0.0039616
-0.0033784
-0.0027656
-0.0021886
-0.0016417
-0.0011325
-0.00067455
-0.0002809
1.9171e-05
0.00028128
0.00060744
0.00071887
0.0008892
0.00092921
0.00096558
0.00094421
0.00089322
0.00080852
0.00069747
0.00057072
0.00043681
0.00024303
6.9222e-05
1.0307e-05
-0.00016748
-0.0003709
-0.00050506
-0.00064004
-0.00076304
-0.00087341
-0.00095781
-0.0010431
-0.001095
-0.0011386
-0.0011565
-0.0011731
-0.0011693
-0.0011716
-0.0011178
-0.0010875
-0.0010373
-0.00099561
-0.00094418
-0.00089414
-0.00084544
-0.00080092
-0.00075764
-0.00070553
-0.00064197
-0.00058291
-0.00042899
-0.00021463
0.00011792
0.00061932
0.0012854
0.0022023
0.0033573
0.0049386
0.0077652
0.012681
0.020214
0.02097
0.013711
-0.036675
-0.11793
-0.51512
-1.5349
-1.5024
-1.3142
-1.359
-1.3513
-1.3237
-1.2659
-1.3465
-1.3467
-1.347
-1.35
-1.3511
-1.3529
-1.356
-1.3599
-1.3604
-1.3643
-1.3493
-0.86873
-0.4758
-0.69171
-0.44108
-0.37675
-0.70399
-0.24281
-0.57435
-0.68002
-0.11492
-0.71631
-0.43626
-0.3833
-0.52366
-0.41643
-0.49576
-0.45221
-0.30113
-0.47574
-0.71693
0.29741
-0.96155
-0.6283
0.55341
-1.3758
-0.28983
-0.0775
-0.42626
-0.82461
0.034447
0.20144
-1.5596
0.13387
-0.32805
0.039334
-1.0647
0.10121
-0.21669
-0.61106
-0.56055
-0.11017
0.44048
-1.3185
-0.09951
-0.25944
-0.17043
-0.26577
-0.01384
-0.8136
-0.3239
0.088665
0.39964
-1.7837
0.82931
-0.8017
-0.55955
1.8819
-1.9135
-0.45674
1.3143
-2.9733
2.0112
-0.2861
-0.34179
-0.70063
0.4009
-0.68085
0.033941
-0.056286
0.027279
0.16354
-0.40181
0.93904
-4.4414
9.944
-12.658
5.323
-0.56558
0.3059
-0.17269
0.26452
-0.39659
-0.1947
0.03147
5.9976
-13.113
12.031
-4.2685
0.12005
0.18914
-0.57591
0.27983
-0.21659
-0.12888
0.11409
0.17271
-0.083791
-0.24164
0.12419
0.34151
-0.35893
-0.68874
1.8836
-5.0797
11.193
-15.632
8.9148
7.8535
-12.672
4.9544
-4.9393
4.6533
-4.9923
13.031
-17.983
11.082
-5.2118
0.77088
0.0090812
-0.058271
-2.3536
-0.025572
0.15392
-1.103
-0.30638
-0.52389
-2.0927
1.067
-1.4548
-1.019
-0.15357
-1.7637
-0.1771
-1.1763
-0.8402
-0.86826
-0.81346
-0.85697
-0.56506
