-0.12935
-0.097422
0.037599
0.009845
-0.013475
0.0030594
0.0010051
0.0011854
0.0013957
0.0011322
0.00078539
0.00031089
0.00024454
0.000174
-0.0027422
0.0014551
0.011291
-0.016545
0.0094668
0.045631
0.094915
0.081035
0.03339
0.00919
0.030569
0.055791
0.068823
0.074159
0.076698
0.078169
0.078863
0.078878
0.07816
0.076844
0.074709
0.071765
0.068098
0.063552
0.058192
0.052038
0.04517
0.037691
0.029721
0.02143
0.012906
0.0043781
-0.0040486
-0.011726
-0.019365
-0.026827
-0.033597
-0.039721
-0.045135
-0.049802
-0.053772
-0.05684
-0.059267
-0.060942
-0.061953
-0.062329
-0.062118
-0.061448
-0.060277
-0.058821
-0.056889
-0.054708
-0.052355
-0.049833
-0.047203
-0.044507
-0.041784
-0.03907
-0.036388
-0.033799
-0.031243
-0.028407
-0.026055
-0.024358
-0.022202
-0.020196
-0.018294
-0.016501
-0.01481
-0.013209
-0.011701
-0.010225
-0.008832
-0.0074669
-0.0061287
-0.0048156
-0.0035318
-0.0022354
-0.00090233
0.00044666
0.0018095
0.0031899
0.0045853
0.0059918
0.0074015
0.0088072
0.010209
0.011615
0.013025
0.014409
0.015531
0.017718
0.019822
0.022429
0.025744
0.030016
0.03559
0.043054
0.054276
0.070235
0.094544
0.11018
0.12277
0.051554
-0.036871
-0.028953
-0.020453
-0.0084318
0.0022199
0.0077036
0.0058417
0.0043799
0.0048094
0.0054101
0.0055592
0.005348
0.0055191
0.0078094
0.010752
-0.00569
-0.034874
0.0087646
0.13863
0.24487
1.1935
0.8027
0.96142
1.0395
0.85281
0.98025
0.94422
1.0408
0.79057
1.0922
0.86729
1.0267
0.91921
0.82147
1.176
0.83756
0.87168
1.1696
0.89461
0.82437
1.1874
0.77775
1.0972
0.96187
0.54717
1.4903
0.7368
0.4014
2.15
0.23102
0.98563
0.89492
1.2002
0.83471
0.6917
1.7033
0.3726
1.053
0.43416
2.1124
0.24791
0.98109
0.67838
1.5732
0.72657
0.18574
2.3709
0.056235
1.2673
0.21642
1.8373
0.42438
1.3174
0.29995
1.5373
0.4283
1.5288
0.13217
1.6865
0.32996
1.5565
-0.17168
1.6032
0.1643
2.3879
-0.39994
1.0937
1.635
-1.0271
2.0265
0.98907
-0.17398
1.9931
0.57619
1.0984
-0.47852
1.6922
0.15979
-0.65251
1.9468
0.035273
0.40104
1.3524
-0.32299
0.34894
1.4763
-0.99897
1.6566
0.17613
0.46207
0.42648
0.35261
0.297
0.24926
0.20986
0.15649
0.03062
0.075226
-0.18035
-0.63798
2.2582
-5.4247
3.9409
-3.2087
-1.146
8.0097
-18.53
17.142
-7.9691
0.93641
-2.5073
1.7642
-5.7467
4.6149
-3.7171
0.43622
-1.4609
-0.59192
-1.1018
0.28243
-0.90086
-1.5462
-0.45573
-0.66695
-1.1889
0.044133
-1.7619
-0.33595
-0.45883
-1.2775
-0.036955
-1.2464
-0.57027
-0.73956
-0.71154
-0.77857
-0.52431
-0.12935
0.12936
0.097423
-0.0376
-0.0098437
0.013475
-0.0030587
-0.0010054
-0.0011859
-0.001395
-0.0011326
-0.00078629
-0.00031375
-0.00024494
-0.00017317
0.0027387
-0.0014444
-0.011332
0.016571
-0.0094948
-0.045723
-0.095029
-0.081172
-0.033494
-0.0093033
-0.030681
-0.055882
-0.068888
-0.074199
-0.076716
-0.07817
-0.078853
-0.078858
-0.078135
-0.076815
-0.074678
-0.071734
-0.068067
-0.063523
-0.058164
-0.052012
-0.045146
-0.03767
-0.029702
-0.021412
-0.01289
-0.0043639
0.0040614
0.011737
0.019375
0.026836
0.033605
0.039728
0.045141
0.049808
0.053778
0.056844
0.059271
0.060945
0.061956
0.062331
0.06212
0.06145
0.060279
0.058823
0.05689
0.054709
0.052355
0.049833
0.047204
0.044507
0.041784
0.03907
0.036387
0.033799
0.031242
0.028406
0.026054
0.024357
0.022201
0.020194
0.018292
0.016499
0.014808
0.013206
0.011698
0.010221
0.008828
0.0074622
0.0061234
0.0048096
0.0035249
0.0022276
0.00089346
-0.00045665
-0.0018207
-0.0032023
-0.004599
-0.0060068
-0.0074178
-0.0088247
-0.010228
-0.011635
-0.013045
-0.014429
-0.015551
-0.017739
-0.019841
-0.022448
-0.025761
-0.030033
-0.035607
-0.043072
-0.054299
-0.070274
-0.094599
-0.11032
-0.12289
-0.05192
0.03684
0.028934
0.020437
0.008421
-0.0022281
-0.0077104
-0.0058458
-0.0043815
-0.0048098
-0.0054109
-0.0055596
-0.0053485
-0.0055199
-0.0078103
-0.010752
0.0056895
0.034873
-0.0087669
-0.13863
-0.24487
-1.1935
-0.80269
-0.96141
-1.0395
-0.8528
-0.98024
-0.9442
-1.0408
-0.79057
-1.0921
-0.86728
-1.0267
-0.91921
-0.82145
-1.176
-0.83755
-0.87166
-1.1696
-0.8946
-0.82436
-1.1874
-0.77774
-1.0972
-0.96187
-0.54715
-1.4903
-0.7368
-0.40138
-2.15
-0.231
-0.98563
-0.8949
-1.2002
-0.8347
-0.69169
-1.7033
-0.37258
-1.053
-0.43414
-2.1124
-0.24788
-0.98109
-0.67837
-1.5732
-0.72656
-0.18573
-2.3709
-0.056218
-1.2673
-0.2164
-1.8373
-0.42437
-1.3174
-0.29994
-1.5373
-0.42829
-1.5288
-0.13215
-1.6866
-0.32994
-1.5565
0.17173
-1.6033
-0.1643
-2.3879
0.39993
-1.0936
-1.635
1.0271
-2.0265
-0.98907
0.17399
-1.9931
-0.57619
-1.0984
0.47852
-1.6922
-0.15979
0.65254
-1.9468
-0.035247
-0.40104
-1.3524
0.323
-0.34894
-1.4763
0.99898
-1.6565
-0.17613
-0.46206
-0.42647
-0.3526
-0.29699
-0.24925
-0.20985
-0.15649
-0.030609
-0.075215
0.18036
0.63799
-2.2582
5.4247
-3.9409
3.2087
1.146
-8.0097
18.53
-17.142
7.9692
-0.93639
2.5073
-1.7642
5.7467
-4.6149
3.7172
-0.43621
1.4609
0.59193
1.1018
-0.28242
0.90088
1.5462
0.45575
0.66696
1.1889
-0.044112
1.762
0.33597
0.45885
1.2775
0.036973
1.2465
0.57029
0.73957
0.71155
0.77859
0.52433
0.12936
