-1.747
-1.7403
-1.3
-1.3471
-1.3693
-1.3365
-1.248
-1.2848
-1.2107
-1.2003
-1.1971
-1.1894
-1.1923
-1.1883
-1.2001
-1.1564
-1.1511
-1.183
-1.1652
-1.1633
-1.1204
-1.0863
-1.0928
-1.0803
-1.063
-1.0532
-1.0641
-1.0751
-1.0794
-1.0707
-1.0536
-1.0399
-1.0295
-0.99846
-0.95075
-0.90765
-0.8781
-0.87738
-0.90178
-0.90042
-0.85851
-0.81777
-0.74399
-0.67629
-0.72213
-0.68323
-0.56171
-0.59318
-0.34512
-0.52552
-0.76998
-0.49759
-0.15105
0.082783
0.25668
0.66538
0.92695
0.7942
0.20718
-0.21215
-0.54806
-0.61704
-0.7521
-0.86853
-0.84147
-0.84817
-0.89406
-0.88679
-0.8968
-0.88318
-0.87806
-0.90032
-0.92744
-0.93725
-0.93358
-0.92965
-0.9189
-0.92811
-0.94224
-0.93944
-0.92169
-0.92611
-0.95125
-0.95486
-0.96072
-0.96475
-0.94824
-0.95323
-0.99961
-1.007
-0.97908
-0.97035
-0.97517
-0.97502
-0.97011
-0.9747
-0.98949
-1.0131
-1.0473
-1.0662
-1.0863
-1.1301
-1.1461
-1.1691
-1.2216
-1.2065
-1.2076
-1.1985
-1.6157
-1.8033
-1.7537
