0.0020606
-0.00057237
3.8877e-05
-2.3647e-05
-5.3265e-05
1.3724e-05
-7.4076e-06
-1.4699e-06
-3.0401e-05
-1.1598e-05
-1.277e-05
-1.2434e-05
-1.03e-05
-1.2419e-05
-2.1186e-05
-1.23e-05
-1.9545e-05
-2.1035e-05
-7.1944e-06
-1.4568e-05
-3.205e-05
-1.513e-05
-3.7924e-05
-4.0875e-05
-2.8737e-05
-2.0627e-05
-2.9121e-05
-2.8252e-05
-2.5918e-05
-2.2579e-05
-1.7155e-05
-1.036e-05
-1.0549e-05
-1.0047e-05
-9.5783e-06
-1.6338e-05
-1.7349e-05
-1.1789e-05
-1.1432e-05
-6.4438e-06
-2.2568e-05
-4.4742e-06
-3.0966e-05
-8.4616e-06
-1.1588e-05
-3.1578e-05
-4.4314e-05
3.0804e-06
-0.00011362
-7.344e-05
-9.898e-05
-4.6353e-05
-4.8314e-05
-2.1875e-05
-3.6601e-05
-2.5001e-05
-2.5315e-05
1.9786e-06
2.871e-05
4.5227e-05
2.1766e-05
2.131e-06
9.6564e-06
-1.5592e-06
3.3539e-06
7.2124e-06
1.2526e-06
3.075e-06
4.2128e-06
2.2899e-06
4.7238e-06
7.9828e-06
1.029e-05
1.1381e-05
1.1361e-05
1.0746e-05
5.7707e-06
8.9812e-06
6.0515e-06
5.2976e-06
3.4072e-06
1.899e-06
-1.7748e-06
-1.4262e-06
7.3847e-07
-2.2579e-06
-1.4004e-06
6.2368e-06
1.068e-05
6.0389e-06
1.3313e-05
1.4979e-05
1.8991e-05
2.6935e-05
3.3045e-05
3.8095e-05
4.0446e-05
4.26e-05
4.2099e-05
5.4816e-05
4.4501e-05
2.3462e-05
4.9044e-05
2.8001e-05
3.4677e-05
3.0485e-05
3.3563e-05
1.9351e-06
0.00027965
-0.00094199
-0.00079354
