-0.00017745
-0.00011665
-0.00020947
-6.3088e-05
-7.7951e-05
-0.00012448
-3.3477e-05
-4.8464e-05
-2.9111e-05
-6.5861e-05
-4.8633e-05
-5.5751e-05
-7.2655e-05
-4.1856e-05
-4.3664e-05
-7.6181e-05
-6.9896e-05
-4.3981e-05
-1.7552e-05
-7.4508e-06
-2.1413e-05
-4.4916e-05
-6.2902e-05
-6.973e-05
-7.6977e-05
-8.161e-05
-8.5312e-05
-7.7455e-05
-6.9645e-05
-5.2729e-05
-2.7527e-05
2.9611e-07
2.3408e-05
3.4499e-05
2.5167e-05
1.7705e-05
1.2992e-05
1.8569e-05
3.0047e-05
1.952e-05
2.501e-05
5.3692e-05
3.955e-05
7.495e-05
6.9398e-05
8.3534e-05
8.7946e-05
0.00016782
0.00012116
0.00020055
3.7936e-05
4.2462e-05
2.6868e-05
6.9289e-05
3.9333e-05
3.6388e-05
4.0938e-05
5.0243e-05
3.8646e-05
8.2365e-05
1.3377e-05
1.7755e-05
1.6015e-05
1.9596e-05
2.5728e-05
6.7942e-06
-6.1628e-06
-7.478e-06
-9.5747e-06
-1.4386e-05
-9.9645e-06
-5.8727e-06
-6.5419e-06
-8.0367e-06
-8.8715e-06
-5.7368e-06
3.1153e-06
1.3556e-05
2.0256e-05
2.5264e-05
2.4152e-05
3.2167e-05
3.8664e-05
4.8566e-05
5.2551e-05
4.5329e-05
4.2353e-05
3.6785e-05
2.6606e-05
2.0261e-05
5.129e-06
-2.497e-05
-3.5012e-05
-3.5358e-05
-4.8807e-05
-7.5812e-05
-0.00010431
-0.00012819
-0.00013642
-0.00014457
-0.00020817
-0.00025137
-0.00015555
-0.0002834
-0.00020204
-0.00039585
-0.00036098
-0.00011251
-0.00022353
0.00013522
-0.00017897
