0.49772
0.49138
0.47466
0.45903
0.44008
0.41805
0.39321
0.36581
0.35124
0.33612
0.32049
0.30439
0.28784
0.27088
0.25354
0.23585
0.21784
0.19954
0.18099
0.16221
0.14323
0.12408
0.1048
0.085407
0.065933
0.046407
0.026857
0.007311
-0.012204
-0.03166
-0.05103
-0.070289
-0.089409
-0.10837
-0.12713
-0.14568
-0.164
-0.18205
-0.19981
-0.21726
-0.23437
-0.25113
-0.26751
-0.28349
-0.29904
-0.31415
-0.3288
-0.34296
-0.35663
-0.38237
-0.40588
-0.42703
-0.4457
-0.46178
-0.47515
-0.48574
-0.49345
-0.49949
-0.49695
-0.48206
-0.46996
-0.45477
-0.43651
-0.41523
-0.39099
-0.36387
-0.34925
-0.33396
-0.318
-0.3014
-0.28416
-0.26632
-0.2479
-0.22891
-0.2094
-0.18938
-0.16888
-0.14795
-0.12661
-0.10491
-0.082873
-0.060556
-0.037998
-0.015245
0.0076529
0.030646
0.053682
0.076707
0.099664
0.1225
0.14515
0.16755
0.18966
0.21141
0.23273
0.25358
0.27388
0.2936
0.31266
0.33102
0.34863
0.36543
0.38139
0.39646
0.41061
0.43598
0.45729
0.47437
0.48713
0.49552
0.49937
