168
170.44
176.14
181.38
182.25
172.85
179.29
188.05
178.59
185.34
181.27
190.47
192.65
191.73
203.35
195.46
202.98
199.37
202.13
215.46
195.75
194.07
219.4
210.11
194.71
173.79
159.73
167
242.61
228.25
124.57
112.99
140.72
89.504
113.57
143.8
148.49
73.453
60.447
35.673
-16.81
33.259
2.8962
-8.1397
1.9749
-68.534
-121.66
-52.964
-38.457
-23.816
-23.816
-38.457
-52.964
-121.66
-68.534
1.9749
-8.1397
2.8962
33.259
-16.81
35.673
60.447
73.453
148.49
143.8
113.57
89.504
140.72
112.99
124.57
228.25
242.61
167
159.73
173.79
194.71
210.11
219.4
194.07
195.75
215.46
202.13
199.37
202.98
195.46
203.35
191.73
192.65
190.47
181.27
185.34
178.59
188.05
179.29
172.85
182.25
181.38
176.14
170.44
168
