0.090353
0.12871
0.11836
0.17114
0.15893
0.14993
0.10057
0.14005
0.15668
0.093356
0.15932
0.095023
0.14709
0.094001
0.073458
0.20716
-0.098203
0.23761
-0.0065798
0.080499
0.020714
-0.011022
0.26541
-0.23756
0.10906
-0.0021035
-0.031267
-0.16354
0.37255
-1.0071
0.98089
-0.6801
0.36551
-0.39674
0.19073
-0.66314
0.23333
-0.24957
-0.22067
-0.097815
-0.11561
-0.40806
0.11754
-0.50373
0.0055646
-0.33299
-0.1552
-0.21886
-0.23417
-0.19204
-0.19204
-0.23417
-0.21886
-0.1552
-0.33299
0.0055646
-0.50373
0.11754
-0.40806
-0.11561
-0.097815
-0.22067
-0.24957
0.23333
-0.66314
0.19073
-0.39674
0.36551
-0.6801
0.98089
-1.0071
0.37255
-0.16354
-0.031267
-0.0021035
0.10906
-0.23756
0.26541
-0.011022
0.020714
0.080499
-0.0065798
0.23761
-0.098203
0.20716
0.073458
0.094001
0.14709
0.095023
0.15932
0.093356
0.15668
0.14005
0.10057
0.14993
0.15893
0.17114
0.11836
0.12871
0.090353
