6.6645e-14
0.0069381
0.0097583
0.043352
0.027492
0.063444
0.057256
0.057925
0.069099
0.10962
0.087115
0.10033
0.064756
0.14198
0.14254
0.13021
0.16646
0.078434
0.21468
0.12372
0.20697
0.20362
0.12238
0.22014
0.19621
0.17622
0.175
0.16048
0.33007
0.022658
0.42464
-0.15281
0.75291
-0.41142
0.75916
-0.40522
0.49423
0.17299
-0.094303
0.32741
0.20563
-0.26041
0.49165
-0.26376
0.522
-0.39621
0.1709
0.10774
-0.044509
0.015456
-0.015456
0.044509
-0.10774
-0.1709
0.39621
-0.522
0.26376
-0.49165
0.26041
-0.20563
-0.32741
0.094303
-0.17299
-0.49423
0.40522
-0.75916
0.41142
-0.75291
0.15281
-0.42464
-0.022658
-0.33007
-0.16048
-0.175
-0.17622
-0.19621
-0.22014
-0.12238
-0.20362
-0.20697
-0.12372
-0.21468
-0.078434
-0.16646
-0.13021
-0.14254
-0.14198
-0.064756
-0.10033
-0.087115
-0.10962
-0.069099
-0.057925
-0.057256
-0.063444
-0.027492
-0.043352
-0.0097583
-0.0069381
6.6299e-14
