3.567868087157597540e-02
4.570090631272425569e-02
5.562564566530599219e-02
6.535635168507886172e-02
7.479834577486486891e-02
8.385972979119782345e-02
9.245227107368150787e-02
1.004922521737421498e-01
1.079012770994228904e-01
1.146070263116418519e-01
1.205439532008873577e-01
1.256539153368990969e-01
1.298867344120552270e-01
1.332006794859051657e-01
1.355628688769385248e-01
1.369495868311530196e-01
1.373465119177298410e-01
1.367488549522413721e-01
1.351614051191152854e-01
1.325984838491702789e-01
1.290838068964087204e-01
1.246502559423409706e-01
1.193395619274176256e-01
1.132019031592605002e-01
1.062954220681299466e-01
9.868566526353760027e-02
9.044495228456532476e-02
8.165167912317004839e-02
7.238956322792547415e-02
6.274683725922784727e-02
5.281539936054337886e-02
4.268992812905002265e-02
3.246697080899012267e-02
