1.000000000000000000e+00
9.687695190652918509e-01
9.375390381305837018e-01
9.063085571958755526e-01
8.750780762611674035e-01
8.438475953264592544e-01
8.126171143917511053e-01
7.813866334570429562e-01
7.501561525223348070e-01
7.189256715876266579e-01
6.876951906529186198e-01
6.564647097182103597e-01
6.252342287835022105e-01
5.940037478487941724e-01
5.627732669140860233e-01
5.315427859793779852e-01
5.003123050446697251e-01
4.690818241099615760e-01
4.378513431752534268e-01
4.066208622405452777e-01
3.753903813058372396e-01
3.441599003711290905e-01
3.129294194364208304e-01
2.816989385017126812e-01
2.504684575670045321e-01
2.192379766322964940e-01
1.880074956975883449e-01
1.567770147628801958e-01
1.255465338281720467e-01
9.431605289346378651e-02
6.308557195875585943e-02
3.185509102404759929e-02
