1.000000000000000000e+00
9.827656145523656628e-01
9.655312220931965284e-01
9.482968156189736098e-01
9.310623881422046555e-01
9.138279326994345197e-01
8.965934423592317737e-01
8.793589102301605509e-01
8.621243294687342962e-01
8.448896932873365406e-01
8.276549949621153646e-01
8.104202278408384474e-01
7.931853853507062624e-01
7.759504610061220831e-01
7.587154484164063684e-01
7.414803412934575233e-01
7.242451334593474899e-01
7.070098188538517237e-01
6.897743915419031202e-01
6.725388457209666715e-01
6.553031757283265257e-01
6.380673760482818979e-01
6.208314413192423942e-01
6.035953663407179759e-01
5.863591460801925725e-01
5.691227756798810100e-01
5.518862504633547106e-01
5.346495659420330560e-01
5.174127178215290890e-01
5.001757020078466676e-01
4.829385146134128615e-01
4.657011519629476459e-01
4.484636105991499089e-01
4.312258872882032690e-01
4.139879790250841074e-01
3.967498830386666508e-01
3.795115967966152248e-01
3.622731180100545734e-01
3.450344446380091967e-01
3.277955748916010492e-01
3.105565072379987690e-01
2.933172404041062831e-01
2.760777733799838485e-01
2.588381054219905941e-01
2.415982360556395425e-01
2.243581650781576176e-01
2.071178925607391197e-01
1.898774188504854799e-01
1.726367445720219940e-01
1.553958706287836833e-01
1.381547982039605382e-01
1.209135287610961368e-01
1.036720640443302421e-01
8.643040607827899569e-02
6.918855716754540586e-02
5.194651989585335333e-02
3.470429712479900647e-02
1.746189199221403685e-02
