-27.802
-27.342
-23.638
-19.977
-15.061
-9.0732
-19.174
-19.026
-19.995
-21.403
-26.58
-17.761
-23.811
-24.622
-30.048
-27.781
-9.8919
-2.1089
-17.468
-58.288
-23.361
-9.9767
-15.352
-30.596
-50.346
-68.81
-87.687
-109.54
-57.942
2.8352
18.162
2.3625
-15.771
125.11
230.64
-41.782
-253.54
-61.559
91.338
87.318
-34.452
-55.239
9.9819
10.777
-24.545
-74.193
-32.181
38.867
68.4
83.807
83.807
68.4
38.867
-32.181
-74.193
-24.545
10.777
9.9819
-55.239
-34.452
87.318
91.338
-61.559
-253.54
-41.782
230.64
125.11
-15.771
2.3625
18.162
2.8352
-57.942
-109.54
-87.687
-68.81
-50.346
-30.596
-15.352
-9.9767
-23.361
-58.288
-17.468
-2.1089
-9.8919
-27.781
-30.048
-24.622
-23.811
-17.761
-26.58
-21.403
-19.995
-19.026
-19.174
-9.0732
-15.061
-19.977
-23.638
-27.342
-27.802
