32.551
33.332
36.581
39.228
42.167
39.912
38.144
46.032
46.567
44.992
39.311
42.244
43.954
47.494
46.888
50.088
70.536
87.842
67.56
6.8052
47.68
87.414
81.8
67.104
48.755
26.148
0.8198
-29.554
-6.2611
49.143
93.67
70.258
56.507
238.22
333.11
-72.12
-430.18
-144.35
99.415
60
-99.12
-169.12
-131.96
-129.33
-174.56
-223.83
-201.5
-155.74
-136.28
-126.47
-126.47
-136.28
-155.74
-201.5
-223.83
-174.56
-129.33
-131.96
-169.12
-99.12
60
99.415
-144.35
-430.18
-72.12
333.11
238.22
56.507
70.258
93.67
49.143
-6.2611
-29.554
0.8198
26.148
48.755
67.104
81.8
87.414
47.68
6.8052
67.56
87.842
70.536
50.088
46.888
47.494
43.954
42.244
39.311
44.992
46.567
46.032
38.144
39.912
42.167
39.228
36.581
33.332
32.551
