0,0,0,0,0,0,0,0,0,0,0,0,0,0,0,0,0,0,0,0,0,0,0,0,0,0,0,0,0,0,0,0,0,0,0,0,0,0,0,0,0,0,0,0,0,0,0,0,0,0,0,0,0,0,0,0,0,0,0,0,0,0,0,0,0,0,0,0,0,0,0,0,0,0,0
0.040816,0.040816,0.040816,0.040816,0.040816,0.040816,0.040816,0.040816,0.040816,0.040816,0.040816,0.040816,0.040816,0.040816,0.040816,0.040816,0.040816,0.040816,0.040816,0.040816,0.040816,0.040816,0.040816,0.040816,0.040816,0.040816,0.040816,0.040816,0.040816,0.040816,0.040816,0.040816,0.040816,0.040816,0.040816,0.040816,0.040816,0.040816,0.040816,0.040816,0.040816,0.040816,0.040816,0.040816,0.040816,0.040816,0.040816,0.040816,0.040816,0.040816,0.040816,0.040816,0.040816,0.040816,0.040816,0.040816,0.040816,0.040816,0.040816,0.040816,0.040816,0.040816,0.040816,0.040816,0.040816,0.040816,0.040816,0.040816,0.040816,0.040816,0.040816,0.040816,0.040816,0.040816,0.040816
0.081633,0.081633,0.081633,0.081633,0.081633,0.081633,0.081633,0.081633,0.081633,0.081633,0.081633,0.081633,0.081633,0.081633,0.081633,0.081633,0.081633,0.081633,0.081633,0.081633,0.081633,0.081633,0.081633,0.081633,0.081633,0.081633,0.081633,0.081633,0.081633,0.081633,0.081633,0.081633,0.081633,0.081633,0.081633,0.081633,0.081633,0.081633,0.081633,0.081633,0.081633,0.081633,0.081633,0.081633,0.081633,0.081633,0.081633,0.081633,0.081633,0.081633,0.081633,0.081633,0.081633,0.081633,0.081633,0.081633,0.081633,0.081633,0.081633,0.081633,0.081633,0.081633,0.081633,0.081633,0.081633,0.081633,0.081633,0.081633,0.081633,0.081633,0.081633,0.081633,0.081633,0.081633,0.081633
0.12245,0.12245,0.12245,0.12245,0.12245,0.12245,0.12245,0.12245,0.12245,0.12245,0.12245,0.12245,0.12245,0.12245,0.12245,0.12245,0.12245,0.12245,0.12245,0.12245,0.12245,0.12245,0.12245,0.12245,0.12245,0.12245,0.12245,0.12245,0.12245,0.12245,0.12245,0.12245,0.12245,0.12245,0.12245,0.12245,0.12245,0.12245,0.12245,0.12245,0.12245,0.12245,0.12245,0.12245,0.12245,0.12245,0.12245,0.12245,0.12245,0.12245,0.12245,0.12245,0.12245,0.12245,0.12245,0.12245,0.12245,0.12245,0.12245,0.12245,0.12245,0.12245,0.12245,0.12245,0.12245,0.12245,0.12245,0.12245,0.12245,0.12245,0.12245,0.12245,0.12245,0.12245,0.12245
0.16327,0.16327,0.16327,0.16327,0.16327,0.16327,0.16327,0.16327,0.16327,0.16327,0.16327,0.16327,0.16327,0.16327,0.16327,0.16327,0.16327,0.16327,0.16327,0.16327,0.16327,0.16327,0.16327,0.16327,0.16327,0.16327,0.16327,0.16327,0.16327,0.16327,0.16327,0.16327,0.16327,0.16327,0.16327,0.16327,0.16327,0.16327,0.16327,0.16327,0.16327,0.16327,0.16327,0.16327,0.16327,0.16327,0.16327,0.16327,0.16327,0.16327,0.16327,0.16327,0.16327,0.16327,0.16327,0.16327,0.16327,0.16327,0.16327,0.16327,0.16327,0.16327,0.16327,0.16327,0.16327,0.16327,0.16327,0.16327,0.16327,0.16327,0.16327,0.16327,0.16327,0.16327,0.16327
0.20408,0.20408,0.20408,0.20408,0.20408,0.20408,0.20408,0.20408,0.20408,0.20408,0.20408,0.20408,0.20408,0.20408,0.20408,0.20408,0.20408,0.20408,0.20408,0.20408,0.20408,0.20408,0.20408,0.20408,0.20408,0.20408,0.20408,0.20408,0.20408,0.20408,0.20408,0.20408,0.20408,0.20408,0.20408,0.20408,0.20408,0.20408,0.20408,0.20408,0.20408,0.20408,0.20408,0.20408,0.20408,0.20408,0.20408,0.20408,0.20408,0.20408,0.20408,0.20408,0.20408,0.20408,0.20408,0.20408,0.20408,0.20408,0.20408,0.20408,0.20408,0.20408,0.20408,0.20408,0.20408,0.20408,0.20408,0.20408,0.20408,0.20408,0.20408,0.20408,0.20408,0.20408,0.20408
0.2449,0.2449,0.2449,0.2449,0.2449,0.2449,0.2449,0.2449,0.2449,0.2449,0.2449,0.2449,0.2449,0.2449,0.2449,0.2449,0.2449,0.2449,0.2449,0.2449,0.2449,0.2449,0.2449,0.2449,0.2449,0.2449,0.2449,0.2449,0.2449,0.2449,0.2449,0.2449,0.2449,0.2449,0.2449,0.2449,0.2449,0.2449,0.2449,0.2449,0.2449,0.2449,0.2449,0.2449,0.2449,0.2449,0.2449,0.2449,0.2449,0.2449,0.2449,0.2449,0.2449,0.2449,0.2449,0.2449,0.2449,0.2449,0.2449,0.2449,0.2449,0.2449,0.2449,0.2449,0.2449,0.2449,0.2449,0.2449,0.2449,0.2449,0.2449,0.2449,0.2449,0.2449,0.2449
0.28571,0.28571,0.28571,0.28571,0.28571,0.28571,0.28571,0.28571,0.28571,0.28571,0.28571,0.28571,0.28571,0.28571,0.28571,0.28571,0.28571,0.28571,0.28571,0.28571,0.28571,0.28571,0.28571,0.28571,0.28571,0.28571,0.28571,0.28571,0.28571,0.28571,0.28571,0.28571,0.28571,0.28571,0.28571,0.28571,0.28571,0.28571,0.28571,0.28571,0.28571,0.28571,0.28571,0.28571,0.28571,0.28571,0.28571,0.28571,0.28571,0.28571,0.28571,0.28571,0.28571,0.28571,0.28571,0.28571,0.28571,0.28571,0.28571,0.28571,0.28571,0.28571,0.28571,0.28571,0.28571,0.28571,0.28571,0.28571,0.28571,0.28571,0.28571,0.28571,0.28571,0.28571,0.28571
0.32653,0.32653,0.32653,0.32653,0.32653,0.32653,0.32653,0.32653,0.32653,0.32653,0.32653,0.32653,0.32653,0.32653,0.32653,0.32653,0.32653,0.32653,0.32653,0.32653,0.32653,0.32653,0.32653,0.32653,0.32653,0.32653,0.32653,0.32653,0.32653,0.32653,0.32653,0.32653,0.32653,0.32653,0.32653,0.32653,0.32653,0.32653,0.32653,0.32653,0.32653,0.32653,0.32653,0.32653,0.32653,0.32653,0.32653,0.32653,0.32653,0.32653,0.32653,0.32653,0.32653,0.32653,0.32653,0.32653,0.32653,0.32653,0.32653,0.32653,0.32653,0.32653,0.32653,0.32653,0.32653,0.32653,0.32653,0.32653,0.32653,0.32653,0.32653,0.32653,0.32653,0.32653,0.32653
0.36735,0.36735,0.36735,0.36735,0.36735,0.36735,0.36735,0.36735,0.36735,0.36735,0.36735,0.36735,0.36735,0.36735,0.36735,0.36735,0.36735,0.36735,0.36735,0.36735,0.36735,0.36735,0.36735,0.36735,0.36735,0.36735,0.36735,0.36735,0.36735,0.36735,0.36735,0.36735,0.36735,0.36735,0.36735,0.36735,0.36735,0.36735,0.36735,0.36735,0.36735,0.36735,0.36735,0.36735,0.36735,0.36735,0.36735,0.36735,0.36735,0.36735,0.36735,0.36735,0.36735,0.36735,0.36735,0.36735,0.36735,0.36735,0.36735,0.36735,0.36735,0.36735,0.36735,0.36735,0.36735,0.36735,0.36735,0.36735,0.36735,0.36735,0.36735,0.36735,0.36735,0.36735,0.36735
0.40816,0.40816,0.40816,0.40816,0.40816,0.40816,0.40816,0.40816,0.40816,0.40816,0.40816,0.40816,0.40816,0.40816,0.40816,0.40816,0.40816,0.40816,0.40816,0.40816,0.40816,0.40816,0.40816,0.40816,0.40816,0.40816,0.40816,0.40816,0.40816,0.40816,0.40816,0.40816,0.40816,0.40816,0.40816,0.40816,0.40816,0.40816,0.40816,0.40816,0.40816,0.40816,0.40816,0.40816,0.40816,0.40816,0.40816,0.40816,0.40816,0.40816,0.40816,0.40816,0.40816,0.40816,0.40816,0.40816,0.40816,0.40816,0.40816,0.40816,0.40816,0.40816,0.40816,0.40816,0.40816,0.40816,0.40816,0.40816,0.40816,0.40816,0.40816,0.40816,0.40816,0.40816,0.40816
0.44898,0.44898,0.44898,0.44898,0.44898,0.44898,0.44898,0.44898,0.44898,0.44898,0.44898,0.44898,0.44898,0.44898,0.44898,0.44898,0.44898,0.44898,0.44898,0.44898,0.44898,0.44898,0.44898,0.44898,0.44898,0.44898,0.44898,0.44898,0.44898,0.44898,0.44898,0.44898,0.44898,0.44898,0.44898,0.44898,0.44898,0.44898,0.44898,0.44898,0.44898,0.44898,0.44898,0.44898,0.44898,0.44898,0.44898,0.44898,0.44898,0.44898,0.44898,0.44898,0.44898,0.44898,0.44898,0.44898,0.44898,0.44898,0.44898,0.44898,0.44898,0.44898,0.44898,0.44898,0.44898,0.44898,0.44898,0.44898,0.44898,0.44898,0.44898,0.44898,0.44898,0.44898,0.44898
0.4898,0.4898,0.4898,0.4898,0.4898,0.4898,0.4898,0.4898,0.4898,0.4898,0.4898,0.4898,0.4898,0.4898,0.4898,0.4898,0.4898,0.4898,0.4898,0.4898,0.4898,0.4898,0.4898,0.4898,0.4898,0.4898,0.4898,0.4898,0.4898,0.4898,0.4898,0.4898,0.4898,0.4898,0.4898,0.4898,0.4898,0.4898,0.4898,0.4898,0.4898,0.4898,0.4898,0.4898,0.4898,0.4898,0.4898,0.4898,0.4898,0.4898,0.4898,0.4898,0.4898,0.4898,0.4898,0.4898,0.4898,0.4898,0.4898,0.4898,0.4898,0.4898,0.4898,0.4898,0.4898,0.4898,0.4898,0.4898,0.4898,0.4898,0.4898,0.4898,0.4898,0.4898,0.4898
0.53061,0.53061,0.53061,0.53061,0.53061,0.53061,0.53061,0.53061,0.53061,0.53061,0.53061,0.53061,0.53061,0.53061,0.53061,0.53061,0.53061,0.53061,0.53061,0.53061,0.53061,0.53061,0.53061,0.53061,0.53061,0.53061,0.53061,0.53061,0.53061,0.53061,0.53061,0.53061,0.53061,0.53061,0.53061,0.53061,0.53061,0.53061,0.53061,0.53061,0.53061,0.53061,0.53061,0.53061,0.53061,0.53061,0.53061,0.53061,0.53061,0.53061,0.53061,0.53061,0.53061,0.53061,0.53061,0.53061,0.53061,0.53061,0.53061,0.53061,0.53061,0.53061,0.53061,0.53061,0.53061,0.53061,0.53061,0.53061,0.53061,0.53061,0.53061,0.53061,0.53061,0.53061,0.53061
0.57143,0.57143,0.57143,0.57143,0.57143,0.57143,0.57143,0.57143,0.57143,0.57143,0.57143,0.57143,0.57143,0.57143,0.57143,0.57143,0.57143,0.57143,0.57143,0.57143,0.57143,0.57143,0.57143,0.57143,0.57143,0.57143,0.57143,0.57143,0.57143,0.57143,0.57143,0.57143,0.57143,0.57143,0.57143,0.57143,0.57143,0.57143,0.57143,0.57143,0.57143,0.57143,0.57143,0.57143,0.57143,0.57143,0.57143,0.57143,0.57143,0.57143,0.57143,0.57143,0.57143,0.57143,0.57143,0.57143,0.57143,0.57143,0.57143,0.57143,0.57143,0.57143,0.57143,0.57143,0.57143,0.57143,0.57143,0.57143,0.57143,0.57143,0.57143,0.57143,0.57143,0.57143,0.57143
0.61224,0.61224,0.61224,0.61224,0.61224,0.61224,0.61224,0.61224,0.61224,0.61224,0.61224,0.61224,0.61224,0.61224,0.61224,0.61224,0.61224,0.61224,0.61224,0.61224,0.61224,0.61224,0.61224,0.61224,0.61224,0.61224,0.61224,0.61224,0.61224,0.61224,0.61224,0.61224,0.61224,0.61224,0.61224,0.61224,0.61224,0.61224,0.61224,0.61224,0.61224,0.61224,0.61224,0.61224,0.61224,0.61224,0.61224,0.61224,0.61224,0.61224,0.61224,0.61224,0.61224,0.61224,0.61224,0.61224,0.61224,0.61224,0.61224,0.61224,0.61224,0.61224,0.61224,0.61224,0.61224,0.61224,0.61224,0.61224,0.61224,0.61224,0.61224,0.61224,0.61224,0.61224,0.61224
0.65306,0.65306,0.65306,0.65306,0.65306,0.65306,0.65306,0.65306,0.65306,0.65306,0.65306,0.65306,0.65306,0.65306,0.65306,0.65306,0.65306,0.65306,0.65306,0.65306,0.65306,0.65306,0.65306,0.65306,0.65306,0.65306,0.65306,0.65306,0.65306,0.65306,0.65306,0.65306,0.65306,0.65306,0.65306,0.65306,0.65306,0.65306,0.65306,0.65306,0.65306,0.65306,0.65306,0.65306,0.65306,0.65306,0.65306,0.65306,0.65306,0.65306,0.65306,0.65306,0.65306,0.65306,0.65306,0.65306,0.65306,0.65306,0.65306,0.65306,0.65306,0.65306,0.65306,0.65306,0.65306,0.65306,0.65306,0.65306,0.65306,0.65306,0.65306,0.65306,0.65306,0.65306,0.65306
0.69388,0.69388,0.69388,0.69388,0.69388,0.69388,0.69388,0.69388,0.69388,0.69388,0.69388,0.69388,0.69388,0.69388,0.69388,0.69388,0.69388,0.69388,0.69388,0.69388,0.69388,0.69388,0.69388,0.69388,0.69388,0.69388,0.69388,0.69388,0.69388,0.69388,0.69388,0.69388,0.69388,0.69388,0.69388,0.69388,0.69388,0.69388,0.69388,0.69388,0.69388,0.69388,0.69388,0.69388,0.69388,0.69388,0.69388,0.69388,0.69388,0.69388,0.69388,0.69388,0.69388,0.69388,0.69388,0.69388,0.69388,0.69388,0.69388,0.69388,0.69388,0.69388,0.69388,0.69388,0.69388,0.69388,0.69388,0.69388,0.69388,0.69388,0.69388,0.69388,0.69388,0.69388,0.69388
0.73469,0.73469,0.73469,0.73469,0.73469,0.73469,0.73469,0.73469,0.73469,0.73469,0.73469,0.73469,0.73469,0.73469,0.73469,0.73469,0.73469,0.73469,0.73469,0.73469,0.73469,0.73469,0.73469,0.73469,0.73469,0.73469,0.73469,0.73469,0.73469,0.73469,0.73469,0.73469,0.73469,0.73469,0.73469,0.73469,0.73469,0.73469,0.73469,0.73469,0.73469,0.73469,0.73469,0.73469,0.73469,0.73469,0.73469,0.73469,0.73469,0.73469,0.73469,0.73469,0.73469,0.73469,0.73469,0.73469,0.73469,0.73469,0.73469,0.73469,0.73469,0.73469,0.73469,0.73469,0.73469,0.73469,0.73469,0.73469,0.73469,0.73469,0.73469,0.73469,0.73469,0.73469,0.73469
0.77551,0.77551,0.77551,0.77551,0.77551,0.77551,0.77551,0.77551,0.77551,0.77551,0.77551,0.77551,0.77551,0.77551,0.77551,0.77551,0.77551,0.77551,0.77551,0.77551,0.77551,0.77551,0.77551,0.77551,0.77551,0.77551,0.77551,0.77551,0.77551,0.77551,0.77551,0.77551,0.77551,0.77551,0.77551,0.77551,0.77551,0.77551,0.77551,0.77551,0.77551,0.77551,0.77551,0.77551,0.77551,0.77551,0.77551,0.77551,0.77551,0.77551,0.77551,0.77551,0.77551,0.77551,0.77551,0.77551,0.77551,0.77551,0.77551,0.77551,0.77551,0.77551,0.77551,0.77551,0.77551,0.77551,0.77551,0.77551,0.77551,0.77551,0.77551,0.77551,0.77551,0.77551,0.77551
0.81633,0.81633,0.81633,0.81633,0.81633,0.81633,0.81633,0.81633,0.81633,0.81633,0.81633,0.81633,0.81633,0.81633,0.81633,0.81633,0.81633,0.81633,0.81633,0.81633,0.81633,0.81633,0.81633,0.81633,0.81633,0.81633,0.81633,0.81633,0.81633,0.81633,0.81633,0.81633,0.81633,0.81633,0.81633,0.81633,0.81633,0.81633,0.81633,0.81633,0.81633,0.81633,0.81633,0.81633,0.81633,0.81633,0.81633,0.81633,0.81633,0.81633,0.81633,0.81633,0.81633,0.81633,0.81633,0.81633,0.81633,0.81633,0.81633,0.81633,0.81633,0.81633,0.81633,0.81633,0.81633,0.81633,0.81633,0.81633,0.81633,0.81633,0.81633,0.81633,0.81633,0.81633,0.81633
0.85714,0.85714,0.85714,0.85714,0.85714,0.85714,0.85714,0.85714,0.85714,0.85714,0.85714,0.85714,0.85714,0.85714,0.85714,0.85714,0.85714,0.85714,0.85714,0.85714,0.85714,0.85714,0.85714,0.85714,0.85714,0.85714,0.85714,0.85714,0.85714,0.85714,0.85714,0.85714,0.85714,0.85714,0.85714,0.85714,0.85714,0.85714,0.85714,0.85714,0.85714,0.85714,0.85714,0.85714,0.85714,0.85714,0.85714,0.85714,0.85714,0.85714,0.85714,0.85714,0.85714,0.85714,0.85714,0.85714,0.85714,0.85714,0.85714,0.85714,0.85714,0.85714,0.85714,0.85714,0.85714,0.85714,0.85714,0.85714,0.85714,0.85714,0.85714,0.85714,0.85714,0.85714,0.85714
0.89796,0.89796,0.89796,0.89796,0.89796,0.89796,0.89796,0.89796,0.89796,0.89796,0.89796,0.89796,0.89796,0.89796,0.89796,0.89796,0.89796,0.89796,0.89796,0.89796,0.89796,0.89796,0.89796,0.89796,0.89796,0.89796,0.89796,0.89796,0.89796,0.89796,0.89796,0.89796,0.89796,0.89796,0.89796,0.89796,0.89796,0.89796,0.89796,0.89796,0.89796,0.89796,0.89796,0.89796,0.89796,0.89796,0.89796,0.89796,0.89796,0.89796,0.89796,0.89796,0.89796,0.89796,0.89796,0.89796,0.89796,0.89796,0.89796,0.89796,0.89796,0.89796,0.89796,0.89796,0.89796,0.89796,0.89796,0.89796,0.89796,0.89796,0.89796,0.89796,0.89796,0.89796,0.89796
0.93878,0.93878,0.93878,0.93878,0.93878,0.93878,0.93878,0.93878,0.93878,0.93878,0.93878,0.93878,0.93878,0.93878,0.93878,0.93878,0.93878,0.93878,0.93878,0.93878,0.93878,0.93878,0.93878,0.93878,0.93878,0.93878,0.93878,0.93878,0.93878,0.93878,0.93878,0.93878,0.93878,0.93878,0.93878,0.93878,0.93878,0.93878,0.93878,0.93878,0.93878,0.93878,0.93878,0.93878,0.93878,0.93878,0.93878,0.93878,0.93878,0.93878,0.93878,0.93878,0.93878,0.93878,0.93878,0.93878,0.93878,0.93878,0.93878,0.93878,0.93878,0.93878,0.93878,0.93878,0.93878,0.93878,0.93878,0.93878,0.93878,0.93878,0.93878,0.93878,0.93878,0.93878,0.93878
0.97959,0.97959,0.97959,0.97959,0.97959,0.97959,0.97959,0.97959,0.97959,0.97959,0.97959,0.97959,0.97959,0.97959,0.97959,0.97959,0.97959,0.97959,0.97959,0.97959,0.97959,0.97959,0.97959,0.97959,0.97959,0.97959,0.97959,0.97959,0.97959,0.97959,0.97959,0.97959,0.97959,0.97959,0.97959,0.97959,0.97959,0.97959,0.97959,0.97959,0.97959,0.97959,0.97959,0.97959,0.97959,0.97959,0.97959,0.97959,0.97959,0.97959,0.97959,0.97959,0.97959,0.97959,0.97959,0.97959,0.97959,0.97959,0.97959,0.97959,0.97959,0.97959,0.97959,0.97959,0.97959,0.97959,0.97959,0.97959,0.97959,0.97959,0.97959,0.97959,0.97959,0.97959,0.97959
1.0204,1.0204,1.0204,1.0204,1.0204,1.0204,1.0204,1.0204,1.0204,1.0204,1.0204,1.0204,1.0204,1.0204,1.0204,1.0204,1.0204,1.0204,1.0204,1.0204,1.0204,1.0204,1.0204,1.0204,1.0204,1.0204,1.0204,1.0204,1.0204,1.0204,1.0204,1.0204,1.0204,1.0204,1.0204,1.0204,1.0204,1.0204,1.0204,1.0204,1.0204,1.0204,1.0204,1.0204,1.0204,1.0204,1.0204,1.0204,1.0204,1.0204,1.0204,1.0204,1.0204,1.0204,1.0204,1.0204,1.0204,1.0204,1.0204,1.0204,1.0204,1.0204,1.0204,1.0204,1.0204,1.0204,1.0204,1.0204,1.0204,1.0204,1.0204,1.0204,1.0204,1.0204,1.0204
1.0612,1.0612,1.0612,1.0612,1.0612,1.0612,1.0612,1.0612,1.0612,1.0612,1.0612,1.0612,1.0612,1.0612,1.0612,1.0612,1.0612,1.0612,1.0612,1.0612,1.0612,1.0612,1.0612,1.0612,1.0612,1.0612,1.0612,1.0612,1.0612,1.0612,1.0612,1.0612,1.0612,1.0612,1.0612,1.0612,1.0612,1.0612,1.0612,1.0612,1.0612,1.0612,1.0612,1.0612,1.0612,1.0612,1.0612,1.0612,1.0612,1.0612,1.0612,1.0612,1.0612,1.0612,1.0612,1.0612,1.0612,1.0612,1.0612,1.0612,1.0612,1.0612,1.0612,1.0612,1.0612,1.0612,1.0612,1.0612,1.0612,1.0612,1.0612,1.0612,1.0612,1.0612,1.0612
1.102,1.102,1.102,1.102,1.102,1.102,1.102,1.102,1.102,1.102,1.102,1.102,1.102,1.102,1.102,1.102,1.102,1.102,1.102,1.102,1.102,1.102,1.102,1.102,1.102,1.102,1.102,1.102,1.102,1.102,1.102,1.102,1.102,1.102,1.102,1.102,1.102,1.102,1.102,1.102,1.102,1.102,1.102,1.102,1.102,1.102,1.102,1.102,1.102,1.102,1.102,1.102,1.102,1.102,1.102,1.102,1.102,1.102,1.102,1.102,1.102,1.102,1.102,1.102,1.102,1.102,1.102,1.102,1.102,1.102,1.102,1.102,1.102,1.102,1.102
1.1429,1.1429,1.1429,1.1429,1.1429,1.1429,1.1429,1.1429,1.1429,1.1429,1.1429,1.1429,1.1429,1.1429,1.1429,1.1429,1.1429,1.1429,1.1429,1.1429,1.1429,1.1429,1.1429,1.1429,1.1429,1.1429,1.1429,1.1429,1.1429,1.1429,1.1429,1.1429,1.1429,1.1429,1.1429,1.1429,1.1429,1.1429,1.1429,1.1429,1.1429,1.1429,1.1429,1.1429,1.1429,1.1429,1.1429,1.1429,1.1429,1.1429,1.1429,1.1429,1.1429,1.1429,1.1429,1.1429,1.1429,1.1429,1.1429,1.1429,1.1429,1.1429,1.1429,1.1429,1.1429,1.1429,1.1429,1.1429,1.1429,1.1429,1.1429,1.1429,1.1429,1.1429,1.1429
1.1837,1.1837,1.1837,1.1837,1.1837,1.1837,1.1837,1.1837,1.1837,1.1837,1.1837,1.1837,1.1837,1.1837,1.1837,1.1837,1.1837,1.1837,1.1837,1.1837,1.1837,1.1837,1.1837,1.1837,1.1837,1.1837,1.1837,1.1837,1.1837,1.1837,1.1837,1.1837,1.1837,1.1837,1.1837,1.1837,1.1837,1.1837,1.1837,1.1837,1.1837,1.1837,1.1837,1.1837,1.1837,1.1837,1.1837,1.1837,1.1837,1.1837,1.1837,1.1837,1.1837,1.1837,1.1837,1.1837,1.1837,1.1837,1.1837,1.1837,1.1837,1.1837,1.1837,1.1837,1.1837,1.1837,1.1837,1.1837,1.1837,1.1837,1.1837,1.1837,1.1837,1.1837,1.1837
1.2245,1.2245,1.2245,1.2245,1.2245,1.2245,1.2245,1.2245,1.2245,1.2245,1.2245,1.2245,1.2245,1.2245,1.2245,1.2245,1.2245,1.2245,1.2245,1.2245,1.2245,1.2245,1.2245,1.2245,1.2245,1.2245,1.2245,1.2245,1.2245,1.2245,1.2245,1.2245,1.2245,1.2245,1.2245,1.2245,1.2245,1.2245,1.2245,1.2245,1.2245,1.2245,1.2245,1.2245,1.2245,1.2245,1.2245,1.2245,1.2245,1.2245,1.2245,1.2245,1.2245,1.2245,1.2245,1.2245,1.2245,1.2245,1.2245,1.2245,1.2245,1.2245,1.2245,1.2245,1.2245,1.2245,1.2245,1.2245,1.2245,1.2245,1.2245,1.2245,1.2245,1.2245,1.2245
1.2653,1.2653,1.2653,1.2653,1.2653,1.2653,1.2653,1.2653,1.2653,1.2653,1.2653,1.2653,1.2653,1.2653,1.2653,1.2653,1.2653,1.2653,1.2653,1.2653,1.2653,1.2653,1.2653,1.2653,1.2653,1.2653,1.2653,1.2653,1.2653,1.2653,1.2653,1.2653,1.2653,1.2653,1.2653,1.2653,1.2653,1.2653,1.2653,1.2653,1.2653,1.2653,1.2653,1.2653,1.2653,1.2653,1.2653,1.2653,1.2653,1.2653,1.2653,1.2653,1.2653,1.2653,1.2653,1.2653,1.2653,1.2653,1.2653,1.2653,1.2653,1.2653,1.2653,1.2653,1.2653,1.2653,1.2653,1.2653,1.2653,1.2653,1.2653,1.2653,1.2653,1.2653,1.2653
1.3061,1.3061,1.3061,1.3061,1.3061,1.3061,1.3061,1.3061,1.3061,1.3061,1.3061,1.3061,1.3061,1.3061,1.3061,1.3061,1.3061,1.3061,1.3061,1.3061,1.3061,1.3061,1.3061,1.3061,1.3061,1.3061,1.3061,1.3061,1.3061,1.3061,1.3061,1.3061,1.3061,1.3061,1.3061,1.3061,1.3061,1.3061,1.3061,1.3061,1.3061,1.3061,1.3061,1.3061,1.3061,1.3061,1.3061,1.3061,1.3061,1.3061,1.3061,1.3061,1.3061,1.3061,1.3061,1.3061,1.3061,1.3061,1.3061,1.3061,1.3061,1.3061,1.3061,1.3061,1.3061,1.3061,1.3061,1.3061,1.3061,1.3061,1.3061,1.3061,1.3061,1.3061,1.3061
1.3469,1.3469,1.3469,1.3469,1.3469,1.3469,1.3469,1.3469,1.3469,1.3469,1.3469,1.3469,1.3469,1.3469,1.3469,1.3469,1.3469,1.3469,1.3469,1.3469,1.3469,1.3469,1.3469,1.3469,1.3469,1.3469,1.3469,1.3469,1.3469,1.3469,1.3469,1.3469,1.3469,1.3469,1.3469,1.3469,1.3469,1.3469,1.3469,1.3469,1.3469,1.3469,1.3469,1.3469,1.3469,1.3469,1.3469,1.3469,1.3469,1.3469,1.3469,1.3469,1.3469,1.3469,1.3469,1.3469,1.3469,1.3469,1.3469,1.3469,1.3469,1.3469,1.3469,1.3469,1.3469,1.3469,1.3469,1.3469,1.3469,1.3469,1.3469,1.3469,1.3469,1.3469,1.3469
1.3878,1.3878,1.3878,1.3878,1.3878,1.3878,1.3878,1.3878,1.3878,1.3878,1.3878,1.3878,1.3878,1.3878,1.3878,1.3878,1.3878,1.3878,1.3878,1.3878,1.3878,1.3878,1.3878,1.3878,1.3878,1.3878,1.3878,1.3878,1.3878,1.3878,1.3878,1.3878,1.3878,1.3878,1.3878,1.3878,1.3878,1.3878,1.3878,1.3878,1.3878,1.3878,1.3878,1.3878,1.3878,1.3878,1.3878,1.3878,1.3878,1.3878,1.3878,1.3878,1.3878,1.3878,1.3878,1.3878,1.3878,1.3878,1.3878,1.3878,1.3878,1.3878,1.3878,1.3878,1.3878,1.3878,1.3878,1.3878,1.3878,1.3878,1.3878,1.3878,1.3878,1.3878,1.3878
1.4286,1.4286,1.4286,1.4286,1.4286,1.4286,1.4286,1.4286,1.4286,1.4286,1.4286,1.4286,1.4286,1.4286,1.4286,1.4286,1.4286,1.4286,1.4286,1.4286,1.4286,1.4286,1.4286,1.4286,1.4286,1.4286,1.4286,1.4286,1.4286,1.4286,1.4286,1.4286,1.4286,1.4286,1.4286,1.4286,1.4286,1.4286,1.4286,1.4286,1.4286,1.4286,1.4286,1.4286,1.4286,1.4286,1.4286,1.4286,1.4286,1.4286,1.4286,1.4286,1.4286,1.4286,1.4286,1.4286,1.4286,1.4286,1.4286,1.4286,1.4286,1.4286,1.4286,1.4286,1.4286,1.4286,1.4286,1.4286,1.4286,1.4286,1.4286,1.4286,1.4286,1.4286,1.4286
1.4694,1.4694,1.4694,1.4694,1.4694,1.4694,1.4694,1.4694,1.4694,1.4694,1.4694,1.4694,1.4694,1.4694,1.4694,1.4694,1.4694,1.4694,1.4694,1.4694,1.4694,1.4694,1.4694,1.4694,1.4694,1.4694,1.4694,1.4694,1.4694,1.4694,1.4694,1.4694,1.4694,1.4694,1.4694,1.4694,1.4694,1.4694,1.4694,1.4694,1.4694,1.4694,1.4694,1.4694,1.4694,1.4694,1.4694,1.4694,1.4694,1.4694,1.4694,1.4694,1.4694,1.4694,1.4694,1.4694,1.4694,1.4694,1.4694,1.4694,1.4694,1.4694,1.4694,1.4694,1.4694,1.4694,1.4694,1.4694,1.4694,1.4694,1.4694,1.4694,1.4694,1.4694,1.4694
1.5102,1.5102,1.5102,1.5102,1.5102,1.5102,1.5102,1.5102,1.5102,1.5102,1.5102,1.5102,1.5102,1.5102,1.5102,1.5102,1.5102,1.5102,1.5102,1.5102,1.5102,1.5102,1.5102,1.5102,1.5102,1.5102,1.5102,1.5102,1.5102,1.5102,1.5102,1.5102,1.5102,1.5102,1.5102,1.5102,1.5102,1.5102,1.5102,1.5102,1.5102,1.5102,1.5102,1.5102,1.5102,1.5102,1.5102,1.5102,1.5102,1.5102,1.5102,1.5102,1.5102,1.5102,1.5102,1.5102,1.5102,1.5102,1.5102,1.5102,1.5102,1.5102,1.5102,1.5102,1.5102,1.5102,1.5102,1.5102,1.5102,1.5102,1.5102,1.5102,1.5102,1.5102,1.5102
1.551,1.551,1.551,1.551,1.551,1.551,1.551,1.551,1.551,1.551,1.551,1.551,1.551,1.551,1.551,1.551,1.551,1.551,1.551,1.551,1.551,1.551,1.551,1.551,1.551,1.551,1.551,1.551,1.551,1.551,1.551,1.551,1.551,1.551,1.551,1.551,1.551,1.551,1.551,1.551,1.551,1.551,1.551,1.551,1.551,1.551,1.551,1.551,1.551,1.551,1.551,1.551,1.551,1.551,1.551,1.551,1.551,1.551,1.551,1.551,1.551,1.551,1.551,1.551,1.551,1.551,1.551,1.551,1.551,1.551,1.551,1.551,1.551,1.551,1.551
1.5918,1.5918,1.5918,1.5918,1.5918,1.5918,1.5918,1.5918,1.5918,1.5918,1.5918,1.5918,1.5918,1.5918,1.5918,1.5918,1.5918,1.5918,1.5918,1.5918,1.5918,1.5918,1.5918,1.5918,1.5918,1.5918,1.5918,1.5918,1.5918,1.5918,1.5918,1.5918,1.5918,1.5918,1.5918,1.5918,1.5918,1.5918,1.5918,1.5918,1.5918,1.5918,1.5918,1.5918,1.5918,1.5918,1.5918,1.5918,1.5918,1.5918,1.5918,1.5918,1.5918,1.5918,1.5918,1.5918,1.5918,1.5918,1.5918,1.5918,1.5918,1.5918,1.5918,1.5918,1.5918,1.5918,1.5918,1.5918,1.5918,1.5918,1.5918,1.5918,1.5918,1.5918,1.5918
1.6327,1.6327,1.6327,1.6327,1.6327,1.6327,1.6327,1.6327,1.6327,1.6327,1.6327,1.6327,1.6327,1.6327,1.6327,1.6327,1.6327,1.6327,1.6327,1.6327,1.6327,1.6327,1.6327,1.6327,1.6327,1.6327,1.6327,1.6327,1.6327,1.6327,1.6327,1.6327,1.6327,1.6327,1.6327,1.6327,1.6327,1.6327,1.6327,1.6327,1.6327,1.6327,1.6327,1.6327,1.6327,1.6327,1.6327,1.6327,1.6327,1.6327,1.6327,1.6327,1.6327,1.6327,1.6327,1.6327,1.6327,1.6327,1.6327,1.6327,1.6327,1.6327,1.6327,1.6327,1.6327,1.6327,1.6327,1.6327,1.6327,1.6327,1.6327,1.6327,1.6327,1.6327,1.6327
1.6735,1.6735,1.6735,1.6735,1.6735,1.6735,1.6735,1.6735,1.6735,1.6735,1.6735,1.6735,1.6735,1.6735,1.6735,1.6735,1.6735,1.6735,1.6735,1.6735,1.6735,1.6735,1.6735,1.6735,1.6735,1.6735,1.6735,1.6735,1.6735,1.6735,1.6735,1.6735,1.6735,1.6735,1.6735,1.6735,1.6735,1.6735,1.6735,1.6735,1.6735,1.6735,1.6735,1.6735,1.6735,1.6735,1.6735,1.6735,1.6735,1.6735,1.6735,1.6735,1.6735,1.6735,1.6735,1.6735,1.6735,1.6735,1.6735,1.6735,1.6735,1.6735,1.6735,1.6735,1.6735,1.6735,1.6735,1.6735,1.6735,1.6735,1.6735,1.6735,1.6735,1.6735,1.6735
1.7143,1.7143,1.7143,1.7143,1.7143,1.7143,1.7143,1.7143,1.7143,1.7143,1.7143,1.7143,1.7143,1.7143,1.7143,1.7143,1.7143,1.7143,1.7143,1.7143,1.7143,1.7143,1.7143,1.7143,1.7143,1.7143,1.7143,1.7143,1.7143,1.7143,1.7143,1.7143,1.7143,1.7143,1.7143,1.7143,1.7143,1.7143,1.7143,1.7143,1.7143,1.7143,1.7143,1.7143,1.7143,1.7143,1.7143,1.7143,1.7143,1.7143,1.7143,1.7143,1.7143,1.7143,1.7143,1.7143,1.7143,1.7143,1.7143,1.7143,1.7143,1.7143,1.7143,1.7143,1.7143,1.7143,1.7143,1.7143,1.7143,1.7143,1.7143,1.7143,1.7143,1.7143,1.7143
1.7551,1.7551,1.7551,1.7551,1.7551,1.7551,1.7551,1.7551,1.7551,1.7551,1.7551,1.7551,1.7551,1.7551,1.7551,1.7551,1.7551,1.7551,1.7551,1.7551,1.7551,1.7551,1.7551,1.7551,1.7551,1.7551,1.7551,1.7551,1.7551,1.7551,1.7551,1.7551,1.7551,1.7551,1.7551,1.7551,1.7551,1.7551,1.7551,1.7551,1.7551,1.7551,1.7551,1.7551,1.7551,1.7551,1.7551,1.7551,1.7551,1.7551,1.7551,1.7551,1.7551,1.7551,1.7551,1.7551,1.7551,1.7551,1.7551,1.7551,1.7551,1.7551,1.7551,1.7551,1.7551,1.7551,1.7551,1.7551,1.7551,1.7551,1.7551,1.7551,1.7551,1.7551,1.7551
1.7959,1.7959,1.7959,1.7959,1.7959,1.7959,1.7959,1.7959,1.7959,1.7959,1.7959,1.7959,1.7959,1.7959,1.7959,1.7959,1.7959,1.7959,1.7959,1.7959,1.7959,1.7959,1.7959,1.7959,1.7959,1.7959,1.7959,1.7959,1.7959,1.7959,1.7959,1.7959,1.7959,1.7959,1.7959,1.7959,1.7959,1.7959,1.7959,1.7959,1.7959,1.7959,1.7959,1.7959,1.7959,1.7959,1.7959,1.7959,1.7959,1.7959,1.7959,1.7959,1.7959,1.7959,1.7959,1.7959,1.7959,1.7959,1.7959,1.7959,1.7959,1.7959,1.7959,1.7959,1.7959,1.7959,1.7959,1.7959,1.7959,1.7959,1.7959,1.7959,1.7959,1.7959,1.7959
1.8367,1.8367,1.8367,1.8367,1.8367,1.8367,1.8367,1.8367,1.8367,1.8367,1.8367,1.8367,1.8367,1.8367,1.8367,1.8367,1.8367,1.8367,1.8367,1.8367,1.8367,1.8367,1.8367,1.8367,1.8367,1.8367,1.8367,1.8367,1.8367,1.8367,1.8367,1.8367,1.8367,1.8367,1.8367,1.8367,1.8367,1.8367,1.8367,1.8367,1.8367,1.8367,1.8367,1.8367,1.8367,1.8367,1.8367,1.8367,1.8367,1.8367,1.8367,1.8367,1.8367,1.8367,1.8367,1.8367,1.8367,1.8367,1.8367,1.8367,1.8367,1.8367,1.8367,1.8367,1.8367,1.8367,1.8367,1.8367,1.8367,1.8367,1.8367,1.8367,1.8367,1.8367,1.8367
1.8776,1.8776,1.8776,1.8776,1.8776,1.8776,1.8776,1.8776,1.8776,1.8776,1.8776,1.8776,1.8776,1.8776,1.8776,1.8776,1.8776,1.8776,1.8776,1.8776,1.8776,1.8776,1.8776,1.8776,1.8776,1.8776,1.8776,1.8776,1.8776,1.8776,1.8776,1.8776,1.8776,1.8776,1.8776,1.8776,1.8776,1.8776,1.8776,1.8776,1.8776,1.8776,1.8776,1.8776,1.8776,1.8776,1.8776,1.8776,1.8776,1.8776,1.8776,1.8776,1.8776,1.8776,1.8776,1.8776,1.8776,1.8776,1.8776,1.8776,1.8776,1.8776,1.8776,1.8776,1.8776,1.8776,1.8776,1.8776,1.8776,1.8776,1.8776,1.8776,1.8776,1.8776,1.8776
1.9184,1.9184,1.9184,1.9184,1.9184,1.9184,1.9184,1.9184,1.9184,1.9184,1.9184,1.9184,1.9184,1.9184,1.9184,1.9184,1.9184,1.9184,1.9184,1.9184,1.9184,1.9184,1.9184,1.9184,1.9184,1.9184,1.9184,1.9184,1.9184,1.9184,1.9184,1.9184,1.9184,1.9184,1.9184,1.9184,1.9184,1.9184,1.9184,1.9184,1.9184,1.9184,1.9184,1.9184,1.9184,1.9184,1.9184,1.9184,1.9184,1.9184,1.9184,1.9184,1.9184,1.9184,1.9184,1.9184,1.9184,1.9184,1.9184,1.9184,1.9184,1.9184,1.9184,1.9184,1.9184,1.9184,1.9184,1.9184,1.9184,1.9184,1.9184,1.9184,1.9184,1.9184,1.9184
1.9592,1.9592,1.9592,1.9592,1.9592,1.9592,1.9592,1.9592,1.9592,1.9592,1.9592,1.9592,1.9592,1.9592,1.9592,1.9592,1.9592,1.9592,1.9592,1.9592,1.9592,1.9592,1.9592,1.9592,1.9592,1.9592,1.9592,1.9592,1.9592,1.9592,1.9592,1.9592,1.9592,1.9592,1.9592,1.9592,1.9592,1.9592,1.9592,1.9592,1.9592,1.9592,1.9592,1.9592,1.9592,1.9592,1.9592,1.9592,1.9592,1.9592,1.9592,1.9592,1.9592,1.9592,1.9592,1.9592,1.9592,1.9592,1.9592,1.9592,1.9592,1.9592,1.9592,1.9592,1.9592,1.9592,1.9592,1.9592,1.9592,1.9592,1.9592,1.9592,1.9592,1.9592,1.9592
2,2,2,2,2,2,2,2,2,2,2,2,2,2,2,2,2,2,2,2,2,2,2,2,2,2,2,2,2,2,2,2,2,2,2,2,2,2,2,2,2,2,2,2,2,2,2,2,2,2,2,2,2,2,2,2,2,2,2,2,2,2,2,2,2,2,2,2,2,2,2,2,2,2,2
2.0408,2.0408,2.0408,2.0408,2.0408,2.0408,2.0408,2.0408,2.0408,2.0408,2.0408,2.0408,2.0408,2.0408,2.0408,2.0408,2.0408,2.0408,2.0408,2.0408,2.0408,2.0408,2.0408,2.0408,2.0408,2.0408,2.0408,2.0408,2.0408,2.0408,2.0408,2.0408,2.0408,2.0408,2.0408,2.0408,2.0408,2.0408,2.0408,2.0408,2.0408,2.0408,2.0408,2.0408,2.0408,2.0408,2.0408,2.0408,2.0408,2.0408,2.0408,2.0408,2.0408,2.0408,2.0408,2.0408,2.0408,2.0408,2.0408,2.0408,2.0408,2.0408,2.0408,2.0408,2.0408,2.0408,2.0408,2.0408,2.0408,2.0408,2.0408,2.0408,2.0408,2.0408,2.0408
2.0816,2.0816,2.0816,2.0816,2.0816,2.0816,2.0816,2.0816,2.0816,2.0816,2.0816,2.0816,2.0816,2.0816,2.0816,2.0816,2.0816,2.0816,2.0816,2.0816,2.0816,2.0816,2.0816,2.0816,2.0816,2.0816,2.0816,2.0816,2.0816,2.0816,2.0816,2.0816,2.0816,2.0816,2.0816,2.0816,2.0816,2.0816,2.0816,2.0816,2.0816,2.0816,2.0816,2.0816,2.0816,2.0816,2.0816,2.0816,2.0816,2.0816,2.0816,2.0816,2.0816,2.0816,2.0816,2.0816,2.0816,2.0816,2.0816,2.0816,2.0816,2.0816,2.0816,2.0816,2.0816,2.0816,2.0816,2.0816,2.0816,2.0816,2.0816,2.0816,2.0816,2.0816,2.0816
2.1224,2.1224,2.1224,2.1224,2.1224,2.1224,2.1224,2.1224,2.1224,2.1224,2.1224,2.1224,2.1224,2.1224,2.1224,2.1224,2.1224,2.1224,2.1224,2.1224,2.1224,2.1224,2.1224,2.1224,2.1224,2.1224,2.1224,2.1224,2.1224,2.1224,2.1224,2.1224,2.1224,2.1224,2.1224,2.1224,2.1224,2.1224,2.1224,2.1224,2.1224,2.1224,2.1224,2.1224,2.1224,2.1224,2.1224,2.1224,2.1224,2.1224,2.1224,2.1224,2.1224,2.1224,2.1224,2.1224,2.1224,2.1224,2.1224,2.1224,2.1224,2.1224,2.1224,2.1224,2.1224,2.1224,2.1224,2.1224,2.1224,2.1224,2.1224,2.1224,2.1224,2.1224,2.1224
2.1633,2.1633,2.1633,2.1633,2.1633,2.1633,2.1633,2.1633,2.1633,2.1633,2.1633,2.1633,2.1633,2.1633,2.1633,2.1633,2.1633,2.1633,2.1633,2.1633,2.1633,2.1633,2.1633,2.1633,2.1633,2.1633,2.1633,2.1633,2.1633,2.1633,2.1633,2.1633,2.1633,2.1633,2.1633,2.1633,2.1633,2.1633,2.1633,2.1633,2.1633,2.1633,2.1633,2.1633,2.1633,2.1633,2.1633,2.1633,2.1633,2.1633,2.1633,2.1633,2.1633,2.1633,2.1633,2.1633,2.1633,2.1633,2.1633,2.1633,2.1633,2.1633,2.1633,2.1633,2.1633,2.1633,2.1633,2.1633,2.1633,2.1633,2.1633,2.1633,2.1633,2.1633,2.1633
2.2041,2.2041,2.2041,2.2041,2.2041,2.2041,2.2041,2.2041,2.2041,2.2041,2.2041,2.2041,2.2041,2.2041,2.2041,2.2041,2.2041,2.2041,2.2041,2.2041,2.2041,2.2041,2.2041,2.2041,2.2041,2.2041,2.2041,2.2041,2.2041,2.2041,2.2041,2.2041,2.2041,2.2041,2.2041,2.2041,2.2041,2.2041,2.2041,2.2041,2.2041,2.2041,2.2041,2.2041,2.2041,2.2041,2.2041,2.2041,2.2041,2.2041,2.2041,2.2041,2.2041,2.2041,2.2041,2.2041,2.2041,2.2041,2.2041,2.2041,2.2041,2.2041,2.2041,2.2041,2.2041,2.2041,2.2041,2.2041,2.2041,2.2041,2.2041,2.2041,2.2041,2.2041,2.2041
2.2449,2.2449,2.2449,2.2449,2.2449,2.2449,2.2449,2.2449,2.2449,2.2449,2.2449,2.2449,2.2449,2.2449,2.2449,2.2449,2.2449,2.2449,2.2449,2.2449,2.2449,2.2449,2.2449,2.2449,2.2449,2.2449,2.2449,2.2449,2.2449,2.2449,2.2449,2.2449,2.2449,2.2449,2.2449,2.2449,2.2449,2.2449,2.2449,2.2449,2.2449,2.2449,2.2449,2.2449,2.2449,2.2449,2.2449,2.2449,2.2449,2.2449,2.2449,2.2449,2.2449,2.2449,2.2449,2.2449,2.2449,2.2449,2.2449,2.2449,2.2449,2.2449,2.2449,2.2449,2.2449,2.2449,2.2449,2.2449,2.2449,2.2449,2.2449,2.2449,2.2449,2.2449,2.2449
2.2857,2.2857,2.2857,2.2857,2.2857,2.2857,2.2857,2.2857,2.2857,2.2857,2.2857,2.2857,2.2857,2.2857,2.2857,2.2857,2.2857,2.2857,2.2857,2.2857,2.2857,2.2857,2.2857,2.2857,2.2857,2.2857,2.2857,2.2857,2.2857,2.2857,2.2857,2.2857,2.2857,2.2857,2.2857,2.2857,2.2857,2.2857,2.2857,2.2857,2.2857,2.2857,2.2857,2.2857,2.2857,2.2857,2.2857,2.2857,2.2857,2.2857,2.2857,2.2857,2.2857,2.2857,2.2857,2.2857,2.2857,2.2857,2.2857,2.2857,2.2857,2.2857,2.2857,2.2857,2.2857,2.2857,2.2857,2.2857,2.2857,2.2857,2.2857,2.2857,2.2857,2.2857,2.2857
2.3265,2.3265,2.3265,2.3265,2.3265,2.3265,2.3265,2.3265,2.3265,2.3265,2.3265,2.3265,2.3265,2.3265,2.3265,2.3265,2.3265,2.3265,2.3265,2.3265,2.3265,2.3265,2.3265,2.3265,2.3265,2.3265,2.3265,2.3265,2.3265,2.3265,2.3265,2.3265,2.3265,2.3265,2.3265,2.3265,2.3265,2.3265,2.3265,2.3265,2.3265,2.3265,2.3265,2.3265,2.3265,2.3265,2.3265,2.3265,2.3265,2.3265,2.3265,2.3265,2.3265,2.3265,2.3265,2.3265,2.3265,2.3265,2.3265,2.3265,2.3265,2.3265,2.3265,2.3265,2.3265,2.3265,2.3265,2.3265,2.3265,2.3265,2.3265,2.3265,2.3265,2.3265,2.3265
2.3673,2.3673,2.3673,2.3673,2.3673,2.3673,2.3673,2.3673,2.3673,2.3673,2.3673,2.3673,2.3673,2.3673,2.3673,2.3673,2.3673,2.3673,2.3673,2.3673,2.3673,2.3673,2.3673,2.3673,2.3673,2.3673,2.3673,2.3673,2.3673,2.3673,2.3673,2.3673,2.3673,2.3673,2.3673,2.3673,2.3673,2.3673,2.3673,2.3673,2.3673,2.3673,2.3673,2.3673,2.3673,2.3673,2.3673,2.3673,2.3673,2.3673,2.3673,2.3673,2.3673,2.3673,2.3673,2.3673,2.3673,2.3673,2.3673,2.3673,2.3673,2.3673,2.3673,2.3673,2.3673,2.3673,2.3673,2.3673,2.3673,2.3673,2.3673,2.3673,2.3673,2.3673,2.3673
2.4082,2.4082,2.4082,2.4082,2.4082,2.4082,2.4082,2.4082,2.4082,2.4082,2.4082,2.4082,2.4082,2.4082,2.4082,2.4082,2.4082,2.4082,2.4082,2.4082,2.4082,2.4082,2.4082,2.4082,2.4082,2.4082,2.4082,2.4082,2.4082,2.4082,2.4082,2.4082,2.4082,2.4082,2.4082,2.4082,2.4082,2.4082,2.4082,2.4082,2.4082,2.4082,2.4082,2.4082,2.4082,2.4082,2.4082,2.4082,2.4082,2.4082,2.4082,2.4082,2.4082,2.4082,2.4082,2.4082,2.4082,2.4082,2.4082,2.4082,2.4082,2.4082,2.4082,2.4082,2.4082,2.4082,2.4082,2.4082,2.4082,2.4082,2.4082,2.4082,2.4082,2.4082,2.4082
2.449,2.449,2.449,2.449,2.449,2.449,2.449,2.449,2.449,2.449,2.449,2.449,2.449,2.449,2.449,2.449,2.449,2.449,2.449,2.449,2.449,2.449,2.449,2.449,2.449,2.449,2.449,2.449,2.449,2.449,2.449,2.449,2.449,2.449,2.449,2.449,2.449,2.449,2.449,2.449,2.449,2.449,2.449,2.449,2.449,2.449,2.449,2.449,2.449,2.449,2.449,2.449,2.449,2.449,2.449,2.449,2.449,2.449,2.449,2.449,2.449,2.449,2.449,2.449,2.449,2.449,2.449,2.449,2.449,2.449,2.449,2.449,2.449,2.449,2.449
2.4898,2.4898,2.4898,2.4898,2.4898,2.4898,2.4898,2.4898,2.4898,2.4898,2.4898,2.4898,2.4898,2.4898,2.4898,2.4898,2.4898,2.4898,2.4898,2.4898,2.4898,2.4898,2.4898,2.4898,2.4898,2.4898,2.4898,2.4898,2.4898,2.4898,2.4898,2.4898,2.4898,2.4898,2.4898,2.4898,2.4898,2.4898,2.4898,2.4898,2.4898,2.4898,2.4898,2.4898,2.4898,2.4898,2.4898,2.4898,2.4898,2.4898,2.4898,2.4898,2.4898,2.4898,2.4898,2.4898,2.4898,2.4898,2.4898,2.4898,2.4898,2.4898,2.4898,2.4898,2.4898,2.4898,2.4898,2.4898,2.4898,2.4898,2.4898,2.4898,2.4898,2.4898,2.4898
2.5306,2.5306,2.5306,2.5306,2.5306,2.5306,2.5306,2.5306,2.5306,2.5306,2.5306,2.5306,2.5306,2.5306,2.5306,2.5306,2.5306,2.5306,2.5306,2.5306,2.5306,2.5306,2.5306,2.5306,2.5306,2.5306,2.5306,2.5306,2.5306,2.5306,2.5306,2.5306,2.5306,2.5306,2.5306,2.5306,2.5306,2.5306,2.5306,2.5306,2.5306,2.5306,2.5306,2.5306,2.5306,2.5306,2.5306,2.5306,2.5306,2.5306,2.5306,2.5306,2.5306,2.5306,2.5306,2.5306,2.5306,2.5306,2.5306,2.5306,2.5306,2.5306,2.5306,2.5306,2.5306,2.5306,2.5306,2.5306,2.5306,2.5306,2.5306,2.5306,2.5306,2.5306,2.5306
2.5714,2.5714,2.5714,2.5714,2.5714,2.5714,2.5714,2.5714,2.5714,2.5714,2.5714,2.5714,2.5714,2.5714,2.5714,2.5714,2.5714,2.5714,2.5714,2.5714,2.5714,2.5714,2.5714,2.5714,2.5714,2.5714,2.5714,2.5714,2.5714,2.5714,2.5714,2.5714,2.5714,2.5714,2.5714,2.5714,2.5714,2.5714,2.5714,2.5714,2.5714,2.5714,2.5714,2.5714,2.5714,2.5714,2.5714,2.5714,2.5714,2.5714,2.5714,2.5714,2.5714,2.5714,2.5714,2.5714,2.5714,2.5714,2.5714,2.5714,2.5714,2.5714,2.5714,2.5714,2.5714,2.5714,2.5714,2.5714,2.5714,2.5714,2.5714,2.5714,2.5714,2.5714,2.5714
2.6122,2.6122,2.6122,2.6122,2.6122,2.6122,2.6122,2.6122,2.6122,2.6122,2.6122,2.6122,2.6122,2.6122,2.6122,2.6122,2.6122,2.6122,2.6122,2.6122,2.6122,2.6122,2.6122,2.6122,2.6122,2.6122,2.6122,2.6122,2.6122,2.6122,2.6122,2.6122,2.6122,2.6122,2.6122,2.6122,2.6122,2.6122,2.6122,2.6122,2.6122,2.6122,2.6122,2.6122,2.6122,2.6122,2.6122,2.6122,2.6122,2.6122,2.6122,2.6122,2.6122,2.6122,2.6122,2.6122,2.6122,2.6122,2.6122,2.6122,2.6122,2.6122,2.6122,2.6122,2.6122,2.6122,2.6122,2.6122,2.6122,2.6122,2.6122,2.6122,2.6122,2.6122,2.6122
2.6531,2.6531,2.6531,2.6531,2.6531,2.6531,2.6531,2.6531,2.6531,2.6531,2.6531,2.6531,2.6531,2.6531,2.6531,2.6531,2.6531,2.6531,2.6531,2.6531,2.6531,2.6531,2.6531,2.6531,2.6531,2.6531,2.6531,2.6531,2.6531,2.6531,2.6531,2.6531,2.6531,2.6531,2.6531,2.6531,2.6531,2.6531,2.6531,2.6531,2.6531,2.6531,2.6531,2.6531,2.6531,2.6531,2.6531,2.6531,2.6531,2.6531,2.6531,2.6531,2.6531,2.6531,2.6531,2.6531,2.6531,2.6531,2.6531,2.6531,2.6531,2.6531,2.6531,2.6531,2.6531,2.6531,2.6531,2.6531,2.6531,2.6531,2.6531,2.6531,2.6531,2.6531,2.6531
2.6939,2.6939,2.6939,2.6939,2.6939,2.6939,2.6939,2.6939,2.6939,2.6939,2.6939,2.6939,2.6939,2.6939,2.6939,2.6939,2.6939,2.6939,2.6939,2.6939,2.6939,2.6939,2.6939,2.6939,2.6939,2.6939,2.6939,2.6939,2.6939,2.6939,2.6939,2.6939,2.6939,2.6939,2.6939,2.6939,2.6939,2.6939,2.6939,2.6939,2.6939,2.6939,2.6939,2.6939,2.6939,2.6939,2.6939,2.6939,2.6939,2.6939,2.6939,2.6939,2.6939,2.6939,2.6939,2.6939,2.6939,2.6939,2.6939,2.6939,2.6939,2.6939,2.6939,2.6939,2.6939,2.6939,2.6939,2.6939,2.6939,2.6939,2.6939,2.6939,2.6939,2.6939,2.6939
2.7347,2.7347,2.7347,2.7347,2.7347,2.7347,2.7347,2.7347,2.7347,2.7347,2.7347,2.7347,2.7347,2.7347,2.7347,2.7347,2.7347,2.7347,2.7347,2.7347,2.7347,2.7347,2.7347,2.7347,2.7347,2.7347,2.7347,2.7347,2.7347,2.7347,2.7347,2.7347,2.7347,2.7347,2.7347,2.7347,2.7347,2.7347,2.7347,2.7347,2.7347,2.7347,2.7347,2.7347,2.7347,2.7347,2.7347,2.7347,2.7347,2.7347,2.7347,2.7347,2.7347,2.7347,2.7347,2.7347,2.7347,2.7347,2.7347,2.7347,2.7347,2.7347,2.7347,2.7347,2.7347,2.7347,2.7347,2.7347,2.7347,2.7347,2.7347,2.7347,2.7347,2.7347,2.7347
2.7755,2.7755,2.7755,2.7755,2.7755,2.7755,2.7755,2.7755,2.7755,2.7755,2.7755,2.7755,2.7755,2.7755,2.7755,2.7755,2.7755,2.7755,2.7755,2.7755,2.7755,2.7755,2.7755,2.7755,2.7755,2.7755,2.7755,2.7755,2.7755,2.7755,2.7755,2.7755,2.7755,2.7755,2.7755,2.7755,2.7755,2.7755,2.7755,2.7755,2.7755,2.7755,2.7755,2.7755,2.7755,2.7755,2.7755,2.7755,2.7755,2.7755,2.7755,2.7755,2.7755,2.7755,2.7755,2.7755,2.7755,2.7755,2.7755,2.7755,2.7755,2.7755,2.7755,2.7755,2.7755,2.7755,2.7755,2.7755,2.7755,2.7755,2.7755,2.7755,2.7755,2.7755,2.7755
2.8163,2.8163,2.8163,2.8163,2.8163,2.8163,2.8163,2.8163,2.8163,2.8163,2.8163,2.8163,2.8163,2.8163,2.8163,2.8163,2.8163,2.8163,2.8163,2.8163,2.8163,2.8163,2.8163,2.8163,2.8163,2.8163,2.8163,2.8163,2.8163,2.8163,2.8163,2.8163,2.8163,2.8163,2.8163,2.8163,2.8163,2.8163,2.8163,2.8163,2.8163,2.8163,2.8163,2.8163,2.8163,2.8163,2.8163,2.8163,2.8163,2.8163,2.8163,2.8163,2.8163,2.8163,2.8163,2.8163,2.8163,2.8163,2.8163,2.8163,2.8163,2.8163,2.8163,2.8163,2.8163,2.8163,2.8163,2.8163,2.8163,2.8163,2.8163,2.8163,2.8163,2.8163,2.8163
2.8571,2.8571,2.8571,2.8571,2.8571,2.8571,2.8571,2.8571,2.8571,2.8571,2.8571,2.8571,2.8571,2.8571,2.8571,2.8571,2.8571,2.8571,2.8571,2.8571,2.8571,2.8571,2.8571,2.8571,2.8571,2.8571,2.8571,2.8571,2.8571,2.8571,2.8571,2.8571,2.8571,2.8571,2.8571,2.8571,2.8571,2.8571,2.8571,2.8571,2.8571,2.8571,2.8571,2.8571,2.8571,2.8571,2.8571,2.8571,2.8571,2.8571,2.8571,2.8571,2.8571,2.8571,2.8571,2.8571,2.8571,2.8571,2.8571,2.8571,2.8571,2.8571,2.8571,2.8571,2.8571,2.8571,2.8571,2.8571,2.8571,2.8571,2.8571,2.8571,2.8571,2.8571,2.8571
2.898,2.898,2.898,2.898,2.898,2.898,2.898,2.898,2.898,2.898,2.898,2.898,2.898,2.898,2.898,2.898,2.898,2.898,2.898,2.898,2.898,2.898,2.898,2.898,2.898,2.898,2.898,2.898,2.898,2.898,2.898,2.898,2.898,2.898,2.898,2.898,2.898,2.898,2.898,2.898,2.898,2.898,2.898,2.898,2.898,2.898,2.898,2.898,2.898,2.898,2.898,2.898,2.898,2.898,2.898,2.898,2.898,2.898,2.898,2.898,2.898,2.898,2.898,2.898,2.898,2.898,2.898,2.898,2.898,2.898,2.898,2.898,2.898,2.898,2.898
2.9388,2.9388,2.9388,2.9388,2.9388,2.9388,2.9388,2.9388,2.9388,2.9388,2.9388,2.9388,2.9388,2.9388,2.9388,2.9388,2.9388,2.9388,2.9388,2.9388,2.9388,2.9388,2.9388,2.9388,2.9388,2.9388,2.9388,2.9388,2.9388,2.9388,2.9388,2.9388,2.9388,2.9388,2.9388,2.9388,2.9388,2.9388,2.9388,2.9388,2.9388,2.9388,2.9388,2.9388,2.9388,2.9388,2.9388,2.9388,2.9388,2.9388,2.9388,2.9388,2.9388,2.9388,2.9388,2.9388,2.9388,2.9388,2.9388,2.9388,2.9388,2.9388,2.9388,2.9388,2.9388,2.9388,2.9388,2.9388,2.9388,2.9388,2.9388,2.9388,2.9388,2.9388,2.9388
2.9796,2.9796,2.9796,2.9796,2.9796,2.9796,2.9796,2.9796,2.9796,2.9796,2.9796,2.9796,2.9796,2.9796,2.9796,2.9796,2.9796,2.9796,2.9796,2.9796,2.9796,2.9796,2.9796,2.9796,2.9796,2.9796,2.9796,2.9796,2.9796,2.9796,2.9796,2.9796,2.9796,2.9796,2.9796,2.9796,2.9796,2.9796,2.9796,2.9796,2.9796,2.9796,2.9796,2.9796,2.9796,2.9796,2.9796,2.9796,2.9796,2.9796,2.9796,2.9796,2.9796,2.9796,2.9796,2.9796,2.9796,2.9796,2.9796,2.9796,2.9796,2.9796,2.9796,2.9796,2.9796,2.9796,2.9796,2.9796,2.9796,2.9796,2.9796,2.9796,2.9796,2.9796,2.9796
3.0204,3.0204,3.0204,3.0204,3.0204,3.0204,3.0204,3.0204,3.0204,3.0204,3.0204,3.0204,3.0204,3.0204,3.0204,3.0204,3.0204,3.0204,3.0204,3.0204,3.0204,3.0204,3.0204,3.0204,3.0204,3.0204,3.0204,3.0204,3.0204,3.0204,3.0204,3.0204,3.0204,3.0204,3.0204,3.0204,3.0204,3.0204,3.0204,3.0204,3.0204,3.0204,3.0204,3.0204,3.0204,3.0204,3.0204,3.0204,3.0204,3.0204,3.0204,3.0204,3.0204,3.0204,3.0204,3.0204,3.0204,3.0204,3.0204,3.0204,3.0204,3.0204,3.0204,3.0204,3.0204,3.0204,3.0204,3.0204,3.0204,3.0204,3.0204,3.0204,3.0204,3.0204,3.0204
3.0612,3.0612,3.0612,3.0612,3.0612,3.0612,3.0612,3.0612,3.0612,3.0612,3.0612,3.0612,3.0612,3.0612,3.0612,3.0612,3.0612,3.0612,3.0612,3.0612,3.0612,3.0612,3.0612,3.0612,3.0612,3.0612,3.0612,3.0612,3.0612,3.0612,3.0612,3.0612,3.0612,3.0612,3.0612,3.0612,3.0612,3.0612,3.0612,3.0612,3.0612,3.0612,3.0612,3.0612,3.0612,3.0612,3.0612,3.0612,3.0612,3.0612,3.0612,3.0612,3.0612,3.0612,3.0612,3.0612,3.0612,3.0612,3.0612,3.0612,3.0612,3.0612,3.0612,3.0612,3.0612,3.0612,3.0612,3.0612,3.0612,3.0612,3.0612,3.0612,3.0612,3.0612,3.0612
3.102,3.102,3.102,3.102,3.102,3.102,3.102,3.102,3.102,3.102,3.102,3.102,3.102,3.102,3.102,3.102,3.102,3.102,3.102,3.102,3.102,3.102,3.102,3.102,3.102,3.102,3.102,3.102,3.102,3.102,3.102,3.102,3.102,3.102,3.102,3.102,3.102,3.102,3.102,3.102,3.102,3.102,3.102,3.102,3.102,3.102,3.102,3.102,3.102,3.102,3.102,3.102,3.102,3.102,3.102,3.102,3.102,3.102,3.102,3.102,3.102,3.102,3.102,3.102,3.102,3.102,3.102,3.102,3.102,3.102,3.102,3.102,3.102,3.102,3.102
3.1429,3.1429,3.1429,3.1429,3.1429,3.1429,3.1429,3.1429,3.1429,3.1429,3.1429,3.1429,3.1429,3.1429,3.1429,3.1429,3.1429,3.1429,3.1429,3.1429,3.1429,3.1429,3.1429,3.1429,3.1429,3.1429,3.1429,3.1429,3.1429,3.1429,3.1429,3.1429,3.1429,3.1429,3.1429,3.1429,3.1429,3.1429,3.1429,3.1429,3.1429,3.1429,3.1429,3.1429,3.1429,3.1429,3.1429,3.1429,3.1429,3.1429,3.1429,3.1429,3.1429,3.1429,3.1429,3.1429,3.1429,3.1429,3.1429,3.1429,3.1429,3.1429,3.1429,3.1429,3.1429,3.1429,3.1429,3.1429,3.1429,3.1429,3.1429,3.1429,3.1429,3.1429,3.1429
3.1837,3.1837,3.1837,3.1837,3.1837,3.1837,3.1837,3.1837,3.1837,3.1837,3.1837,3.1837,3.1837,3.1837,3.1837,3.1837,3.1837,3.1837,3.1837,3.1837,3.1837,3.1837,3.1837,3.1837,3.1837,3.1837,3.1837,3.1837,3.1837,3.1837,3.1837,3.1837,3.1837,3.1837,3.1837,3.1837,3.1837,3.1837,3.1837,3.1837,3.1837,3.1837,3.1837,3.1837,3.1837,3.1837,3.1837,3.1837,3.1837,3.1837,3.1837,3.1837,3.1837,3.1837,3.1837,3.1837,3.1837,3.1837,3.1837,3.1837,3.1837,3.1837,3.1837,3.1837,3.1837,3.1837,3.1837,3.1837,3.1837,3.1837,3.1837,3.1837,3.1837,3.1837,3.1837
3.2245,3.2245,3.2245,3.2245,3.2245,3.2245,3.2245,3.2245,3.2245,3.2245,3.2245,3.2245,3.2245,3.2245,3.2245,3.2245,3.2245,3.2245,3.2245,3.2245,3.2245,3.2245,3.2245,3.2245,3.2245,3.2245,3.2245,3.2245,3.2245,3.2245,3.2245,3.2245,3.2245,3.2245,3.2245,3.2245,3.2245,3.2245,3.2245,3.2245,3.2245,3.2245,3.2245,3.2245,3.2245,3.2245,3.2245,3.2245,3.2245,3.2245,3.2245,3.2245,3.2245,3.2245,3.2245,3.2245,3.2245,3.2245,3.2245,3.2245,3.2245,3.2245,3.2245,3.2245,3.2245,3.2245,3.2245,3.2245,3.2245,3.2245,3.2245,3.2245,3.2245,3.2245,3.2245
3.2653,3.2653,3.2653,3.2653,3.2653,3.2653,3.2653,3.2653,3.2653,3.2653,3.2653,3.2653,3.2653,3.2653,3.2653,3.2653,3.2653,3.2653,3.2653,3.2653,3.2653,3.2653,3.2653,3.2653,3.2653,3.2653,3.2653,3.2653,3.2653,3.2653,3.2653,3.2653,3.2653,3.2653,3.2653,3.2653,3.2653,3.2653,3.2653,3.2653,3.2653,3.2653,3.2653,3.2653,3.2653,3.2653,3.2653,3.2653,3.2653,3.2653,3.2653,3.2653,3.2653,3.2653,3.2653,3.2653,3.2653,3.2653,3.2653,3.2653,3.2653,3.2653,3.2653,3.2653,3.2653,3.2653,3.2653,3.2653,3.2653,3.2653,3.2653,3.2653,3.2653,3.2653,3.2653
3.3061,3.3061,3.3061,3.3061,3.3061,3.3061,3.3061,3.3061,3.3061,3.3061,3.3061,3.3061,3.3061,3.3061,3.3061,3.3061,3.3061,3.3061,3.3061,3.3061,3.3061,3.3061,3.3061,3.3061,3.3061,3.3061,3.3061,3.3061,3.3061,3.3061,3.3061,3.3061,3.3061,3.3061,3.3061,3.3061,3.3061,3.3061,3.3061,3.3061,3.3061,3.3061,3.3061,3.3061,3.3061,3.3061,3.3061,3.3061,3.3061,3.3061,3.3061,3.3061,3.3061,3.3061,3.3061,3.3061,3.3061,3.3061,3.3061,3.3061,3.3061,3.3061,3.3061,3.3061,3.3061,3.3061,3.3061,3.3061,3.3061,3.3061,3.3061,3.3061,3.3061,3.3061,3.3061
3.3469,3.3469,3.3469,3.3469,3.3469,3.3469,3.3469,3.3469,3.3469,3.3469,3.3469,3.3469,3.3469,3.3469,3.3469,3.3469,3.3469,3.3469,3.3469,3.3469,3.3469,3.3469,3.3469,3.3469,3.3469,3.3469,3.3469,3.3469,3.3469,3.3469,3.3469,3.3469,3.3469,3.3469,3.3469,3.3469,3.3469,3.3469,3.3469,3.3469,3.3469,3.3469,3.3469,3.3469,3.3469,3.3469,3.3469,3.3469,3.3469,3.3469,3.3469,3.3469,3.3469,3.3469,3.3469,3.3469,3.3469,3.3469,3.3469,3.3469,3.3469,3.3469,3.3469,3.3469,3.3469,3.3469,3.3469,3.3469,3.3469,3.3469,3.3469,3.3469,3.3469,3.3469,3.3469
3.3878,3.3878,3.3878,3.3878,3.3878,3.3878,3.3878,3.3878,3.3878,3.3878,3.3878,3.3878,3.3878,3.3878,3.3878,3.3878,3.3878,3.3878,3.3878,3.3878,3.3878,3.3878,3.3878,3.3878,3.3878,3.3878,3.3878,3.3878,3.3878,3.3878,3.3878,3.3878,3.3878,3.3878,3.3878,3.3878,3.3878,3.3878,3.3878,3.3878,3.3878,3.3878,3.3878,3.3878,3.3878,3.3878,3.3878,3.3878,3.3878,3.3878,3.3878,3.3878,3.3878,3.3878,3.3878,3.3878,3.3878,3.3878,3.3878,3.3878,3.3878,3.3878,3.3878,3.3878,3.3878,3.3878,3.3878,3.3878,3.3878,3.3878,3.3878,3.3878,3.3878,3.3878,3.3878
3.4286,3.4286,3.4286,3.4286,3.4286,3.4286,3.4286,3.4286,3.4286,3.4286,3.4286,3.4286,3.4286,3.4286,3.4286,3.4286,3.4286,3.4286,3.4286,3.4286,3.4286,3.4286,3.4286,3.4286,3.4286,3.4286,3.4286,3.4286,3.4286,3.4286,3.4286,3.4286,3.4286,3.4286,3.4286,3.4286,3.4286,3.4286,3.4286,3.4286,3.4286,3.4286,3.4286,3.4286,3.4286,3.4286,3.4286,3.4286,3.4286,3.4286,3.4286,3.4286,3.4286,3.4286,3.4286,3.4286,3.4286,3.4286,3.4286,3.4286,3.4286,3.4286,3.4286,3.4286,3.4286,3.4286,3.4286,3.4286,3.4286,3.4286,3.4286,3.4286,3.4286,3.4286,3.4286
3.4694,3.4694,3.4694,3.4694,3.4694,3.4694,3.4694,3.4694,3.4694,3.4694,3.4694,3.4694,3.4694,3.4694,3.4694,3.4694,3.4694,3.4694,3.4694,3.4694,3.4694,3.4694,3.4694,3.4694,3.4694,3.4694,3.4694,3.4694,3.4694,3.4694,3.4694,3.4694,3.4694,3.4694,3.4694,3.4694,3.4694,3.4694,3.4694,3.4694,3.4694,3.4694,3.4694,3.4694,3.4694,3.4694,3.4694,3.4694,3.4694,3.4694,3.4694,3.4694,3.4694,3.4694,3.4694,3.4694,3.4694,3.4694,3.4694,3.4694,3.4694,3.4694,3.4694,3.4694,3.4694,3.4694,3.4694,3.4694,3.4694,3.4694,3.4694,3.4694,3.4694,3.4694,3.4694
3.5102,3.5102,3.5102,3.5102,3.5102,3.5102,3.5102,3.5102,3.5102,3.5102,3.5102,3.5102,3.5102,3.5102,3.5102,3.5102,3.5102,3.5102,3.5102,3.5102,3.5102,3.5102,3.5102,3.5102,3.5102,3.5102,3.5102,3.5102,3.5102,3.5102,3.5102,3.5102,3.5102,3.5102,3.5102,3.5102,3.5102,3.5102,3.5102,3.5102,3.5102,3.5102,3.5102,3.5102,3.5102,3.5102,3.5102,3.5102,3.5102,3.5102,3.5102,3.5102,3.5102,3.5102,3.5102,3.5102,3.5102,3.5102,3.5102,3.5102,3.5102,3.5102,3.5102,3.5102,3.5102,3.5102,3.5102,3.5102,3.5102,3.5102,3.5102,3.5102,3.5102,3.5102,3.5102
3.551,3.551,3.551,3.551,3.551,3.551,3.551,3.551,3.551,3.551,3.551,3.551,3.551,3.551,3.551,3.551,3.551,3.551,3.551,3.551,3.551,3.551,3.551,3.551,3.551,3.551,3.551,3.551,3.551,3.551,3.551,3.551,3.551,3.551,3.551,3.551,3.551,3.551,3.551,3.551,3.551,3.551,3.551,3.551,3.551,3.551,3.551,3.551,3.551,3.551,3.551,3.551,3.551,3.551,3.551,3.551,3.551,3.551,3.551,3.551,3.551,3.551,3.551,3.551,3.551,3.551,3.551,3.551,3.551,3.551,3.551,3.551,3.551,3.551,3.551
3.5918,3.5918,3.5918,3.5918,3.5918,3.5918,3.5918,3.5918,3.5918,3.5918,3.5918,3.5918,3.5918,3.5918,3.5918,3.5918,3.5918,3.5918,3.5918,3.5918,3.5918,3.5918,3.5918,3.5918,3.5918,3.5918,3.5918,3.5918,3.5918,3.5918,3.5918,3.5918,3.5918,3.5918,3.5918,3.5918,3.5918,3.5918,3.5918,3.5918,3.5918,3.5918,3.5918,3.5918,3.5918,3.5918,3.5918,3.5918,3.5918,3.5918,3.5918,3.5918,3.5918,3.5918,3.5918,3.5918,3.5918,3.5918,3.5918,3.5918,3.5918,3.5918,3.5918,3.5918,3.5918,3.5918,3.5918,3.5918,3.5918,3.5918,3.5918,3.5918,3.5918,3.5918,3.5918
3.6327,3.6327,3.6327,3.6327,3.6327,3.6327,3.6327,3.6327,3.6327,3.6327,3.6327,3.6327,3.6327,3.6327,3.6327,3.6327,3.6327,3.6327,3.6327,3.6327,3.6327,3.6327,3.6327,3.6327,3.6327,3.6327,3.6327,3.6327,3.6327,3.6327,3.6327,3.6327,3.6327,3.6327,3.6327,3.6327,3.6327,3.6327,3.6327,3.6327,3.6327,3.6327,3.6327,3.6327,3.6327,3.6327,3.6327,3.6327,3.6327,3.6327,3.6327,3.6327,3.6327,3.6327,3.6327,3.6327,3.6327,3.6327,3.6327,3.6327,3.6327,3.6327,3.6327,3.6327,3.6327,3.6327,3.6327,3.6327,3.6327,3.6327,3.6327,3.6327,3.6327,3.6327,3.6327
3.6735,3.6735,3.6735,3.6735,3.6735,3.6735,3.6735,3.6735,3.6735,3.6735,3.6735,3.6735,3.6735,3.6735,3.6735,3.6735,3.6735,3.6735,3.6735,3.6735,3.6735,3.6735,3.6735,3.6735,3.6735,3.6735,3.6735,3.6735,3.6735,3.6735,3.6735,3.6735,3.6735,3.6735,3.6735,3.6735,3.6735,3.6735,3.6735,3.6735,3.6735,3.6735,3.6735,3.6735,3.6735,3.6735,3.6735,3.6735,3.6735,3.6735,3.6735,3.6735,3.6735,3.6735,3.6735,3.6735,3.6735,3.6735,3.6735,3.6735,3.6735,3.6735,3.6735,3.6735,3.6735,3.6735,3.6735,3.6735,3.6735,3.6735,3.6735,3.6735,3.6735,3.6735,3.6735
3.7143,3.7143,3.7143,3.7143,3.7143,3.7143,3.7143,3.7143,3.7143,3.7143,3.7143,3.7143,3.7143,3.7143,3.7143,3.7143,3.7143,3.7143,3.7143,3.7143,3.7143,3.7143,3.7143,3.7143,3.7143,3.7143,3.7143,3.7143,3.7143,3.7143,3.7143,3.7143,3.7143,3.7143,3.7143,3.7143,3.7143,3.7143,3.7143,3.7143,3.7143,3.7143,3.7143,3.7143,3.7143,3.7143,3.7143,3.7143,3.7143,3.7143,3.7143,3.7143,3.7143,3.7143,3.7143,3.7143,3.7143,3.7143,3.7143,3.7143,3.7143,3.7143,3.7143,3.7143,3.7143,3.7143,3.7143,3.7143,3.7143,3.7143,3.7143,3.7143,3.7143,3.7143,3.7143
3.7551,3.7551,3.7551,3.7551,3.7551,3.7551,3.7551,3.7551,3.7551,3.7551,3.7551,3.7551,3.7551,3.7551,3.7551,3.7551,3.7551,3.7551,3.7551,3.7551,3.7551,3.7551,3.7551,3.7551,3.7551,3.7551,3.7551,3.7551,3.7551,3.7551,3.7551,3.7551,3.7551,3.7551,3.7551,3.7551,3.7551,3.7551,3.7551,3.7551,3.7551,3.7551,3.7551,3.7551,3.7551,3.7551,3.7551,3.7551,3.7551,3.7551,3.7551,3.7551,3.7551,3.7551,3.7551,3.7551,3.7551,3.7551,3.7551,3.7551,3.7551,3.7551,3.7551,3.7551,3.7551,3.7551,3.7551,3.7551,3.7551,3.7551,3.7551,3.7551,3.7551,3.7551,3.7551
3.7959,3.7959,3.7959,3.7959,3.7959,3.7959,3.7959,3.7959,3.7959,3.7959,3.7959,3.7959,3.7959,3.7959,3.7959,3.7959,3.7959,3.7959,3.7959,3.7959,3.7959,3.7959,3.7959,3.7959,3.7959,3.7959,3.7959,3.7959,3.7959,3.7959,3.7959,3.7959,3.7959,3.7959,3.7959,3.7959,3.7959,3.7959,3.7959,3.7959,3.7959,3.7959,3.7959,3.7959,3.7959,3.7959,3.7959,3.7959,3.7959,3.7959,3.7959,3.7959,3.7959,3.7959,3.7959,3.7959,3.7959,3.7959,3.7959,3.7959,3.7959,3.7959,3.7959,3.7959,3.7959,3.7959,3.7959,3.7959,3.7959,3.7959,3.7959,3.7959,3.7959,3.7959,3.7959
3.8367,3.8367,3.8367,3.8367,3.8367,3.8367,3.8367,3.8367,3.8367,3.8367,3.8367,3.8367,3.8367,3.8367,3.8367,3.8367,3.8367,3.8367,3.8367,3.8367,3.8367,3.8367,3.8367,3.8367,3.8367,3.8367,3.8367,3.8367,3.8367,3.8367,3.8367,3.8367,3.8367,3.8367,3.8367,3.8367,3.8367,3.8367,3.8367,3.8367,3.8367,3.8367,3.8367,3.8367,3.8367,3.8367,3.8367,3.8367,3.8367,3.8367,3.8367,3.8367,3.8367,3.8367,3.8367,3.8367,3.8367,3.8367,3.8367,3.8367,3.8367,3.8367,3.8367,3.8367,3.8367,3.8367,3.8367,3.8367,3.8367,3.8367,3.8367,3.8367,3.8367,3.8367,3.8367
3.8776,3.8776,3.8776,3.8776,3.8776,3.8776,3.8776,3.8776,3.8776,3.8776,3.8776,3.8776,3.8776,3.8776,3.8776,3.8776,3.8776,3.8776,3.8776,3.8776,3.8776,3.8776,3.8776,3.8776,3.8776,3.8776,3.8776,3.8776,3.8776,3.8776,3.8776,3.8776,3.8776,3.8776,3.8776,3.8776,3.8776,3.8776,3.8776,3.8776,3.8776,3.8776,3.8776,3.8776,3.8776,3.8776,3.8776,3.8776,3.8776,3.8776,3.8776,3.8776,3.8776,3.8776,3.8776,3.8776,3.8776,3.8776,3.8776,3.8776,3.8776,3.8776,3.8776,3.8776,3.8776,3.8776,3.8776,3.8776,3.8776,3.8776,3.8776,3.8776,3.8776,3.8776,3.8776
3.9184,3.9184,3.9184,3.9184,3.9184,3.9184,3.9184,3.9184,3.9184,3.9184,3.9184,3.9184,3.9184,3.9184,3.9184,3.9184,3.9184,3.9184,3.9184,3.9184,3.9184,3.9184,3.9184,3.9184,3.9184,3.9184,3.9184,3.9184,3.9184,3.9184,3.9184,3.9184,3.9184,3.9184,3.9184,3.9184,3.9184,3.9184,3.9184,3.9184,3.9184,3.9184,3.9184,3.9184,3.9184,3.9184,3.9184,3.9184,3.9184,3.9184,3.9184,3.9184,3.9184,3.9184,3.9184,3.9184,3.9184,3.9184,3.9184,3.9184,3.9184,3.9184,3.9184,3.9184,3.9184,3.9184,3.9184,3.9184,3.9184,3.9184,3.9184,3.9184,3.9184,3.9184,3.9184
3.9592,3.9592,3.9592,3.9592,3.9592,3.9592,3.9592,3.9592,3.9592,3.9592,3.9592,3.9592,3.9592,3.9592,3.9592,3.9592,3.9592,3.9592,3.9592,3.9592,3.9592,3.9592,3.9592,3.9592,3.9592,3.9592,3.9592,3.9592,3.9592,3.9592,3.9592,3.9592,3.9592,3.9592,3.9592,3.9592,3.9592,3.9592,3.9592,3.9592,3.9592,3.9592,3.9592,3.9592,3.9592,3.9592,3.9592,3.9592,3.9592,3.9592,3.9592,3.9592,3.9592,3.9592,3.9592,3.9592,3.9592,3.9592,3.9592,3.9592,3.9592,3.9592,3.9592,3.9592,3.9592,3.9592,3.9592,3.9592,3.9592,3.9592,3.9592,3.9592,3.9592,3.9592,3.9592
4,4,4,4,4,4,4,4,4,4,4,4,4,4,4,4,4,4,4,4,4,4,4,4,4,4,4,4,4,4,4,4,4,4,4,4,4,4,4,4,4,4,4,4,4,4,4,4,4,4,4,4,4,4,4,4,4,4,4,4,4,4,4,4,4,4,4,4,4,4,4,4,4,4,4
