0.033466
0.063049
0.10134
0.060491
0.064881
0.082995
0.072455
0.051014
0.073056
0.050503
0.077173
0.089107
-0.055112
0.18902
-0.099341
0.24712
-0.1688
0.19882
-0.19009
0.31385
-0.61997
1.2687
-1.2061
0.51058
-0.053612
0.0096344
-0.06302
0.082972
-0.43274
1.2672
-2.5259
2.3345
-0.59418
-0.84768
1.1758
-0.62252
-0.11752
0.12091
-0.24585
-0.080911
0.40388
-0.79807
0.39778
-0.40473
0.79158
-1.134
0.47113
-0.17931
-0.07158
-0.080456
-0.080456
-0.07158
-0.17931
0.47113
-1.134
0.79158
-0.40473
0.39778
-0.79807
0.40388
-0.080911
-0.24585
0.12091
-0.11752
-0.62252
1.1758
-0.84768
-0.59418
2.3345
-2.5259
1.2672
-0.43274
0.082972
-0.06302
0.0096344
-0.053612
0.51058
-1.2061
1.2687
-0.61997
0.31385
-0.19009
0.19882
-0.1688
0.24712
-0.099341
0.18902
-0.055112
0.089107
0.077173
0.050503
0.073056
0.051014
0.072455
0.082995
0.064881
0.060491
0.10134
0.063049
0.033466
