200.61
266.03
257.98
262.18
263.8
264.8
265.51
266.1
266.53
266.86
267.07
267.25
267.46
267.62
267.78
267.86
268.01
266.86
261.66
245.3
517.29
598.44
590.25
575.64
566.17
559.11
553.48
548.76
545.04
542.4
540.45
539.07
538.17
537.64
537.38
537.34
537.51
537.8
538.18
538.67
539.23
539.86
540.5
541.17
541.88
542.58
543.31
544.06
544.83
545.49
546.08
546.66
547.19
547.66
548.1
548.54
548.83
548.94
549.03
549.08
549.05
548.99
548.92
548.78
548.48
548.15
547.85
547.52
547.17
546.84
546.5
546.1
545.69
545.31
544.95
544.6
544.27
543.95
543.63
543.34
543.07
542.84
542.63
542.45
542.3
542.17
542.12
542.1
542.13
542.19
542.29
542.43
542.59
542.79
543.01
543.22
543.42
543.58
543.7
543.74
543.69
543.53
543.25
542.81
542.19
541.39
540.31
538.95
537.36
535.5
533.26
530.62
527.67
524.32
520.02
513.89
512.68
539.57
694.06
695.21
692.7
691.53
691.72
691.8
691.81
691.81
691.79
691.75
691.72
691.68
691.66
691.62
691.56
691.57
691.69
691.59
694.92
726.25
690.37
705.68
692.57
701.12
678
713.01
651.75
721.66
692.89
693.74
744.76
593.23
733.33
683.26
671.26
758.75
589.22
757.56
748.67
558.11
751.52
728.06
589.37
799.54
724.37
555.27
844.09
668.48
552.1
812.21
793.76
452.85
792.45
783.73
484.37
682.65
952.03
621.94
425.99
803.04
920.46
489.38
517.11
892.68
927.03
500.7
468.13
923.41
990.84
661.33
254.25
690.04
1035.2
963.75
517.9
300.55
728.88
1067.7
1001.5
584.63
153.22
527.14
920.29
1152.1
1043.2
516.08
285.85
372.09
674.49
1028
1275.8
1008
684.88
445.15
304.88
548.37
583.13
784.76
1049.1
1241.4
1199.9
962.7
738.71
559.57
402.64
202.93
631.8
609.86
470.86
530.79
618.22
691.13
751.89
802.56
848.78
888.05
914.57
925.15
908.9
821.35
609.79
408.48
-655.47
-490.57
515.22
1122.4
1036.4
-123.64
119.95
739.09
370.34
246.17
381.41
427.67
432.24
584
37.357
293.74
255.83
415.93
414.02
40.967
314.83
411.35
277.72
129.88
142.47
436.15
494.94
287.35
279.65
277.27
277.76
261.43
241.31
231.57
242.98
200.61
196.13
260.41
252.52
256.69
258.3
259.29
259.99
260.57
260.99
261.32
261.53
261.7
261.9
262.06
262.2
262.28
262.44
261.3
256.2
240.28
506.92
586.27
578.16
563.83
554.56
547.66
542.15
537.55
533.93
531.36
529.47
528.14
527.29
526.79
526.55
526.54
526.71
527.02
527.4
527.89
528.46
529.08
529.71
530.37
531.08
531.77
532.48
533.23
533.98
534.63
535.2
535.75
536.26
536.71
537.12
537.52
537.77
537.83
537.86
537.85
537.77
537.64
537.49
537.27
536.89
536.47
536.09
535.66
535.24
534.82
534.39
533.92
533.44
533.02
532.61
532.22
531.85
531.5
531.18
530.89
530.64
530.42
530.23
530.09
529.96
529.87
529.86
529.9
529.97
530.07
530.22
530.39
530.59
530.83
531.09
531.33
531.55
531.74
531.88
531.94
531.91
531.77
531.5
531.07
530.46
529.67
528.6
527.24
525.65
523.79
521.55
518.9
515.94
512.57
508.24
502.09
500.87
527.89
683.03
684.19
681.68
680.51
680.7
680.78
680.8
680.8
680.78
680.74
680.7
680.66
680.63
680.58
680.5
680.48
680.56
680.42
683.86
714.6
678.45
694.08
681.03
689.67
666.61
701.77
640.6
710.58
681.97
682.86
734.04
582.58
722.72
672.81
660.81
748.46
579.02
747.34
738.6
548.08
741.64
718.24
579.57
789.9
714.98
545.85
834.83
659.36
543.01
803.35
785.06
444.26
783.89
775.39
476.23
674.72
944.06
614.09
418.3
795.58
912.91
481.87
509.87
885.48
919.75
493.21
461.29
916.35
983.31
653.37
246.63
683.04
1027
953.89
507.02
290.91
719.8
1055.2
980.19
550.83
113.21
553.16
1006.7
1161.5
955.05
489.8
305.77
398.34
691.11
1039.4
1285.3
1016.8
692.68
451.76
310.28
553.05
586.71
787.78
1052
1244.2
1202.7
965.36
741.02
561.32
403.67
203.16
631.36
608.81
469.29
528.73
615.73
688.32
748.8
799.21
845.19
884.26
910.6
920.98
904.56
816.81
605.05
403.73
-660.01
-494.62
511.3
1117.9
1031
-129.02
115.55
734.12
364.92
241.42
376.18
422.39
427.06
578.74
32.243
288.56
250.45
410.68
408.57
35.61
309.64
406.09
272.41
124.68
137.33
430.86
489.28
281.63
274.19
271.98
272.49
256.12
235.87
225.96
237.16
196.13
