-0.11535
0.35086
0.18547
0.19042
0.27316
0.073204
0.28531
0.27608
0.28804
0.34933
0.2688
0.22821
0.40986
0.38445
0.42414
0.51696
0.32586
0.57438
1.5173
0.50034
0.31285
-0.0089583
-0.06624
-0.03999
-0.0010261
0.0020346
0.0025729
-0.00084755
0.0029705
0.0051922
0.0060355
0.0074098
0.0084666
0.0094672
0.0083675
0.00861
0.0089993
0.0081223
0.0081483
0.008079
0.008129
0.0072654
0.0066094
0.0067555
0.0064369
0.0059818
0.0065622
0.0066145
0.0065665
0.0068586
0.0069785
0.0075703
0.0066242
0.0082256
0.0083676
0.0084616
0.0094254
0.0095579
0.0097867
0.0090651
0.0098511
0.010273
0.010105
0.010555
0.010846
0.010281
0.0099
0.0092679
0.0099996
0.0096144
0.0094457
0.0096638
0.0089552
0.0089261
0.0072682
0.0084339
0.0078715
0.0076959
0.0077395
0.0074263
0.0071873
0.0063383
0.0066197
0.0066385
0.0065134
0.0065444
0.0065274
0.0062653
0.0060262
0.0055966
0.0061438
0.0060126
0.0060652
0.0060832
0.0058661
0.0060046
0.0049464
0.0059147
0.0056236
0.0056369
0.0055322
0.0053604
0.0052172
0.0045253
0.0046831
0.0045871
0.0041828
0.004295
0.0047507
0.0049964
0.0056071
0.0084047
0.014248
0.023835
0.022037
-0.0037996
-0.022874
-0.064124
-0.08638
-0.40277
-0.80781
-0.72887
-0.80904
-0.85217
-0.86651
-0.85367
-0.80667
-0.83133
-0.87377
-0.89763
-0.89275
-0.87167
-0.79016
-0.87183
-0.88379
-0.89527
-0.72205
-0.53864
-0.44688
-0.60238
-0.14899
-0.45964
-0.33945
-0.40872
-0.29186
-0.21776
-0.53972
-0.24282
-0.23052
-0.75282
0.019242
-0.50664
-0.31402
-0.34824
-0.35853
0.30334
-0.89589
-0.59268
0.84084
-1.6405
0.38863
-0.41177
-0.29393
-0.9455
0.88691
-1.2757
0.18859
0.10499
-0.90677
-0.32803
0.024226
-0.25197
-0.76762
1.2259
-1.5466
-0.017647
0.23497
-0.32622
-0.5937
-0.12508
0.49987
-0.66839
0.0030126
-0.65079
0.64271
-0.39342
-0.49243
0.41219
-1.2049
1.4055
-0.69982
-0.75526
1.0496
-1.8983
1.8819
-0.42496
0.15507
-1.578
2.0752
-2.4585
1.661
-0.14536
0.76976
-2.1436
1.6771
-0.95741
0.090896
1.9356
-1.2147
0.48035
1.0837
-4.0034
8.7116
-11.638
7.7904
-1.3541
-0.46513
1.3658
-0.77236
0.88767
-0.21241
-0.58982
4.0372
-4.7098
2.5423
-0.51321
0.56375
0.12421
-0.15272
0.31791
0.19708
0.22618
0.1373
0.14274
-0.031258
0.11013
0.73677
1.1786
-3.5667
5.234
-2.0541
2.0983
-5.3034
-2.5017
12.525
-15.8
17.347
-15.572
5.765
-0.11027
-1.3592
-1.3178
-1.5698
3.0623
-2.0437
-1.5431
-0.34659
-0.18512
-0.27287
-1.2608
0.42559
-1.4295
0.51084
-1.7814
0.82246
0.01343
-0.9683
-0.32412
-0.25164
-0.19042
-0.18982
-0.22703
-0.14894
-0.054511
0.0027628
-0.11535
-0.065778
0.45582
0.29032
0.29557
0.37745
0.16047
0.38898
0.38082
0.39214
0.45512
0.36495
0.32057
0.51444
0.48867
0.52885
0.62043
0.41476
0.67376
1.6418
0.53503
0.32367
-0.010806
-0.067522
-0.04039
-0.0018256
0.0013896
0.0019763
-0.0014193
0.0024884
0.0047413
0.0056734
0.0070177
0.008118
0.0091388
0.0080608
0.0083335
0.0087527
0.0079194
0.0079577
0.0079073
0.0079668
0.0071316
0.0065046
0.0066602
0.0063648
0.0059366
0.0065261
0.0065976
0.0065605
0.0068917
0.0070077
0.0076254
0.0066908
0.00832
0.0084818
0.0085898
0.0095804
0.0097183
0.0099686
0.0092532
0.010065
0.010503
0.010354
0.010815
0.01111
0.010555
0.010174
0.0095265
0.010271
0.0098746
0.0097135
0.0098928
0.0091849
0.0091213
0.0074254
0.0085665
0.0079626
0.0077891
0.0077553
0.0074231
0.0071483
0.0062779
0.0065164
0.0064979
0.0063755
0.0063637
0.0063126
0.0060661
0.0058226
0.0053995
0.0059267
0.0058096
0.0058718
0.0058759
0.0056956
0.0058449
0.0048315
0.0057917
0.0055333
0.0055732
0.0054861
0.005346
0.0052387
0.0045813
0.0047735
0.0047275
0.0043947
0.0045542
0.0050476
0.0053661
0.006035
0.0088417
0.014764
0.024436
0.022963
-0.0024163
-0.023295
-0.069409
-0.11431
-0.49067
-0.87564
-0.78939
-0.88066
-0.92316
-0.93723
-0.92448
-0.86802
-0.89506
-0.94279
-0.96495
-0.95908
-0.93656
-0.84339
-0.93512
-0.94614
-0.95436
-0.78086
-0.57044
-0.47383
-0.62875
-0.16841
-0.4764
-0.35764
-0.41855
-0.31386
-0.22572
-0.55467
-0.25363
-0.23251
-0.76945
0.020751
-0.51488
-0.32051
-0.34105
-0.37052
0.30658
-0.88994
-0.60018
0.85391
-1.6359
0.38331
-0.39367
-0.28915
-0.94462
0.90719
-1.2653
0.18968
0.13164
-0.89418
-0.32431
0.046663
-0.22627
-0.76642
1.2468
-1.513
-0.0011272
0.23926
-0.29217
-0.56424
-0.10783
0.5073
-0.63318
0.037117
-0.63778
0.65416
-0.36169
-0.4479
0.4168
-1.1796
1.4073
-0.64875
-0.72577
1.0444
-1.8517
1.8738
-0.40018
0.17541
-1.7359
2.3418
-2.3358
1.4766
0.21631
0.44797
-1.5884
1.3613
-0.82512
0.050688
1.8998
-1.2126
0.49303
1.0908
-4.0076
8.7171
-11.651
7.8017
-1.3526
-0.46196
1.3741
-0.76491
0.89204
-0.20912
-0.5865
4.0411
-4.7077
2.5426
-0.51327
0.5657
0.12671
-0.15023
0.31988
0.19914
0.2287
0.14021
0.14547
-0.028753
0.11247
0.74074
1.1854
-3.5567
5.2448
-2.0442
2.1098
-5.2842
-2.4845
12.542
-15.769
17.375
-15.552
5.8019
-0.077521
-1.3291
-1.2737
-1.5376
3.115
-2.0029
-1.4951
-0.29729
-0.13166
-0.2132
-1.2068
0.49458
-1.3706
0.57943
-1.7071
0.89391
0.0828
-0.89599
-0.24177
-0.16648
-0.10354
-0.10073
-0.13933
-0.057385
0.040875
0.089071
-0.065778
