0.046269
-0.28485
-0.017139
-0.01742
-0.021968
-0.0082169
-0.0025387
-0.0021231
-0.00015053
0.0016044
0.0018202
0.0024266
0.0012294
1.4748e-05
-0.0015954
0.0038857
0.0064107
-0.053552
-0.043489
-0.0062736
0.083837
0.33437
0.25525
0.1569
0.13415
0.11762
0.093548
0.086289
0.077054
0.064838
0.057487
0.051527
0.04742
0.042111
0.037757
0.039087
0.035889
0.033599
0.031222
0.027966
0.024778
0.018647
0.01796
0.013207
0.0084751
0.0038886
-0.0010682
-0.006046
-0.0093649
-0.013628
-0.018679
-0.022859
-0.026456
-0.029449
-0.032372
-0.032731
-0.032545
-0.037084
-0.037597
-0.038085
-0.037431
-0.036902
-0.036163
-0.030493
-0.033834
-0.031892
-0.030324
-0.027926
-0.025979
-0.024207
-0.020367
-0.019671
-0.018762
-0.016822
-0.015003
-0.013212
-0.011908
-0.010165
-0.008691
-0.0084325
-0.0072162
-0.006346
-0.0051402
-0.0045041
-0.003879
-0.0028969
-0.0027576
-0.0021179
-0.0017507
-0.0010132
-0.00070876
-0.00042009
-0.00014857
9.1497e-05
0.00032318
0.00043981
0.00063501
0.00076893
0.00064112
0.00041991
0.00017958
-0.00019814
-0.00082762
-0.0017782
-0.0027722
-0.004394
-0.0065995
-0.0072114
-0.01032
-0.012304
-0.014252
-0.01471
-0.0095209
0.0046965
0.018647
0.022381
0.0133
-0.033257
-0.029594
-0.0007148
0.010726
-0.014387
-0.0085411
0.0026469
0.00072248
-0.0013557
-0.0023409
-0.0029301
-0.0031518
-0.0027422
-0.002936
-0.001698
-0.0050106
-0.0193
-0.019413
0.092318
0.21749
0.092424
0.35847
0.52209
0.55152
0.60722
0.46713
0.68954
0.50967
0.63676
0.42605
0.6979
0.6005
0.49166
0.58634
0.54251
0.49612
0.75345
0.44408
0.73704
0.33068
0.77582
0.41119
0.58796
0.42707
0.57148
0.52562
0.53546
0.49541
0.32239
1.0601
-0.095423
0.74208
0.45497
0.12391
1.0942
0.093575
0.36268
0.83164
-0.30235
1.6329
-0.96574
1.0243
0.28522
0.86054
-0.92738
1.2713
0.20713
0.52266
-0.98081
1.5999
-0.22373
0.30433
0.41721
-1.2108
1.6806
-0.44849
0.14258
0.15466
-0.93972
1.0839
-0.46635
0.44108
-0.70653
0.060946
-0.92574
0.25112
-0.30219
0.61449
-2.0401
0.56798
-1.4738
0.077278
0.08524
-1.2404
-0.078574
-0.53481
-0.86966
-1.0191
-0.37842
-2.0512
-1.0286
-0.57328
-0.81419
-1.1991
-1.1879
-0.82755
-1.5881
0.22576
-3.1497
-0.069255
-1.6909
-1.3858
-1.5861
-1.7284
-1.7472
-1.6373
-1.7871
-2.0683
-2.137
-2.2391
-2.3064
-1.5274
-3.9372
-1.8667
-2.0182
0.019264
-5.2173
-2.0712
-0.32273
-4.661
-0.73693
2.4771
-9.0624
4.129
-2.6602
-1.3159
-1.328
-1.8298
-0.14922
0.10855
-1.9784
-0.30356
-0.80374
-0.7181
-0.083171
-0.88721
0.32972
-1.2519
0.13042
-0.23562
-0.0061172
0.0047066
0.0073612
0.066755
0.11121
0.12885
0.22688
0.46193
0.046269
-0.063932
0.29377
0.016026
0.017658
0.022005
0.0082791
0.0025573
0.002126
0.00013406
-0.0016268
-0.0018575
-0.0024884
-0.0012949
-0.00017376
0.001559
-0.0039221
-0.0066525
0.054326
0.044724
0.0068228
-0.085789
-0.34297
-0.26011
-0.16172
-0.13813
-0.12095
-0.096075
-0.088488
-0.078889
-0.066212
-0.058455
-0.05212
-0.047687
-0.042097
-0.037532
-0.038605
-0.035178
-0.032693
-0.030141
-0.026753
-0.023443
-0.017422
-0.016473
-0.011661
-0.0068764
-0.0022677
0.0026876
0.0076629
0.010799
0.015101
0.020185
0.024295
0.027815
0.030706
0.033518
0.033699
0.03336
0.037861
0.038213
0.038535
0.037678
0.036952
0.035999
0.030187
0.03329
0.031116
0.029307
0.026645
0.024463
0.02244
0.018587
0.017621
0.016389
0.014256
0.012242
0.010314
0.0088847
0.0072241
0.0058445
0.0052468
0.0040515
0.0032025
0.002077
0.0015519
0.0010526
0.00056021
0.00020016
-0.00024377
-0.00042898
-0.00095348
-0.0010504
-0.0011483
-0.0011136
-0.0012596
-0.0013804
-0.0013192
-0.0013665
-0.0013683
-0.0011397
-0.00082505
-0.00052152
-0.00014327
0.00049966
0.0014207
0.0023415
0.0038427
0.0058543
0.0063851
0.0091304
0.010785
0.012327
0.012272
0.006572
-0.0083122
-0.022579
-0.027472
-0.019504
0.028422
0.030498
0.0021227
-0.0095984
0.014343
0.0087955
-0.0019061
0.00032782
0.0028355
0.0041847
0.004952
0.0052271
0.0051455
0.0054297
0.0045333
0.0078805
0.020754
0.019261
-0.085261
-0.1967
-0.13397
-0.37498
-0.5501
-0.57555
-0.63128
-0.49285
-0.70908
-0.52612
-0.6527
-0.44238
-0.713
-0.61313
-0.50062
-0.59525
-0.55101
-0.50465
-0.75729
-0.44614
-0.7401
-0.32864
-0.77828
-0.40709
-0.58255
-0.42412
-0.55856
-0.51937
-0.5234
-0.48339
-0.30677
-1.0481
0.11778
-0.72541
-0.43418
-0.10426
-1.066
-0.071112
-0.33532
-0.80766
0.33441
-1.6056
1.0007
-0.99556
-0.2529
-0.82644
0.96412
-1.2372
-0.17238
-0.48626
1.0177
-1.5628
0.2623
-0.26805
-0.37697
1.2443
-1.6358
0.48602
-0.10482
-0.11972
1.0018
-1.035
0.50718
-0.11632
-0.12112
2.0555
-1.7027
0.80706
0.20783
-0.59988
2.1092
-0.691
1.5117
-0.10729
-0.11187
1.2111
0.045842
0.5018
0.83779
0.9821
0.33865
2.0138
0.99258
0.53787
0.77248
1.1542
1.1423
0.78327
1.5429
-0.27647
3.0961
0.016737
1.6421
1.3353
1.5315
1.6714
1.6916
1.5869
1.7333
2.0105
2.0783
2.1801
2.2441
1.4702
3.8721
1.798
1.9512
-0.087483
5.152
2.0042
0.2587
4.5919
0.67093
-2.5501
8.9905
-4.2016
2.5855
1.2483
1.2597
1.7596
0.073795
-0.18375
1.9056
0.22522
0.73442
0.65123
0.0082647
0.81448
-0.40337
1.1752
-0.20945
0.1576
-0.065778
-0.073224
-0.080123
-0.14153
-0.18699
-0.20658
-0.30453
-0.5416
-0.063932
