-0.13548
0.22368
0.028537
0.028783
0.091175
-0.085123
0.12681
0.0701
-0.050839
0.15279
-0.094898
0.056583
0.086061
0.007858
0.1158
-0.21406
0.42337
-0.41533
0.54977
-0.76986
0.49506
0.099683
-0.27865
0.21844
-0.18734
-0.042999
0.49908
-0.45926
-1.6604
3.8341
-3.0126
1.6916
-1.1891
0.82153
0.06809
-1.2415
0.015169
1.0142
-0.25069
-0.30448
-0.0052818
0.16464
0.034802
-0.54089
0.2224
-0.052289
-0.0053801
0.0064189
-0.19181
0.04837
0.04837
-0.19181
0.0064189
-0.0053801
-0.052289
0.2224
-0.54089
0.034802
0.16464
-0.0052818
-0.30448
-0.25069
1.0142
0.015169
-1.2415
0.06809
0.82153
-1.1891
1.6916
-3.0126
3.8341
-1.6604
-0.45926
0.49908
-0.042999
-0.18734
0.21844
-0.27865
0.099683
0.49506
-0.76986
0.54977
-0.41533
0.42337
-0.21406
0.1158
0.007858
0.086061
0.056583
-0.094898
0.15279
-0.050839
0.0701
0.12681
-0.085123
0.091175
0.028783
0.028537
0.22368
-0.13548
