-7.5731e-05
-8.7018e-05
-2.8773e-05
-0.00021364
-9.8969e-05
1.5286e-05
-0.00016266
-0.00018162
3.2184e-05
-0.00022399
8.7526e-05
-0.00022305
0.00010746
-0.00038056
-3.9419e-05
0.00040989
-0.00051029
9.7215e-05
1.0772e-05
3.1858e-05
-0.00025129
7.2573e-05
5.0155e-05
-0.00035447
0.00053923
-3.1902e-05
-0.0011617
0.0014249
-0.00083829
0.0010864
-0.0011812
0.00017131
0.0012969
-0.001524
0.0011714
-0.00032906
-6.2092e-05
0.00042261
-0.00012182
-0.00013475
0.00087421
-0.00090018
-0.0002624
0.001703
-0.00077373
0.0001279
9.4946e-05
4.4187e-05
0.00025864
7.0971e-06
7.0971e-06
0.00025864
4.4187e-05
9.4946e-05
0.0001279
-0.00077373
0.001703
-0.0002624
-0.00090018
0.00087421
-0.00013475
-0.00012182
0.00042261
-6.2092e-05
-0.00032906
0.0011714
-0.001524
0.0012969
0.00017131
-0.0011812
0.0010864
-0.00083829
0.0014249
-0.0011617
-3.1902e-05
0.00053923
-0.00035447
5.0155e-05
7.2573e-05
-0.00025129
3.1858e-05
1.0772e-05
9.7215e-05
-0.00051029
0.00040989
-3.9419e-05
-0.00038056
0.00010746
-0.00022305
8.7526e-05
-0.00022399
3.2184e-05
-0.00018162
-0.00016266
1.5286e-05
-9.8969e-05
-0.00021364
-2.8773e-05
-8.7018e-05
-7.5731e-05
