-1.9463
-1.9716
-1.8697
-1.8057
-1.7543
-1.751
-1.8367
-1.791
-1.7281
-1.7103
-1.7107
-1.7428
-1.7318
-1.7432
-1.7732
-1.7948
-1.7857
-1.7655
-1.7865
-1.8119
-1.8036
-1.8209
-1.7919
-1.7532
-1.7605
-1.7536
-1.7324
-1.7083
-1.7068
-1.7187
-1.7273
-1.7431
-1.7639
-1.7742
-1.7549
-1.6956
-1.6204
-1.5596
-1.5278
-1.4971
-1.4346
-1.4562
-1.5492
-1.3677
-1.21
-1.2187
-1.2706
-0.99978
-0.78296
-1.1616
-0.77333
-0.77306
-0.81653
-0.54282
-0.12029
0.15218
1.1119
1.5576
0.25476
-0.85292
-1.1362
-1.246
-1.291
-1.4091
-1.6448
-1.8038
-1.8396
-1.7901
-1.7902
-1.7416
-1.7377
-1.7409
-1.7149
-1.6938
-1.6874
-1.6871
-1.6808
-1.6734
-1.6666
-1.6648
-1.6625
-1.6622
-1.6704
-1.6495
-1.6274
-1.6481
-1.6724
-1.6423
-1.6042
-1.6076
-1.5982
-1.5745
-1.5711
-1.5857
-1.5948
-1.5843
-1.5656
-1.5464
-1.5295
-1.5303
-1.5572
-1.5833
-1.5975
-1.5961
-1.6027
-1.5926
-1.6739
-1.8056
-1.8732
-1.9484
-1.928
