2.783e-05
0.00021696
-7.0998e-05
-6.4623e-05
-1.1863e-05
9.4738e-06
-5.6975e-05
-0.00012414
3.4148e-05
-0.00011576
1.5101e-05
-0.00012047
-5.0253e-05
-2.7407e-05
-0.00010094
-0.00011664
-5.5086e-05
-8.5478e-05
-6.2655e-05
-0.00011255
-9.116e-05
-9.5646e-05
-9.4073e-05
-5.1451e-05
-5.1678e-05
-3.7034e-05
-5.8774e-06
-7.1398e-06
-8.8758e-06
-3.2518e-06
3.6476e-06
1.2718e-05
1.8235e-05
1.773e-05
1.7913e-05
1.0453e-05
1.8695e-05
3.6083e-05
2.4147e-05
3.4758e-05
2.8953e-05
3.1732e-05
2.4027e-05
4.2162e-05
2.6145e-05
6.1322e-05
2.8726e-05
5.7579e-05
6.8814e-05
0.00010371
8.3024e-05
5.0029e-05
4.2458e-05
3.0965e-05
3.0182e-05
2.2256e-05
1.3142e-05
4.0911e-06
-8.7479e-06
-2.6179e-05
-1.2298e-05
-1.8903e-05
-7.3343e-06
-2.8589e-07
4.1275e-06
-6.453e-06
-4.5157e-06
5.3348e-06
2.3537e-06
-5.5189e-08
3.0435e-05
5.3983e-06
8.784e-06
8.7023e-06
1.0432e-05
1.1661e-05
1.4798e-05
2.181e-05
2.3418e-05
3.6017e-05
2.9369e-05
2.576e-05
3.2651e-05
4.1554e-05
3.3054e-05
2.4567e-05
4.3813e-05
5.1401e-05
1.6919e-05
1.597e-05
5.6629e-05
5.0415e-05
9.2738e-06
-2.0927e-05
-2.3023e-05
-7.9131e-06
-5.9673e-06
-1.4027e-05
-2.4675e-05
-4.3744e-05
-4.7254e-05
-0.00010199
-2.5039e-05
-4.4822e-05
-1.6998e-05
1.7542e-05
-0.00023146
-0.00033614
0.00013947
-0.00052577
-0.00026355
