-0.00014122
-3.4383e-05
0.00010827
-0.00012324
-8.0041e-05
-1.7578e-05
-7.4838e-05
-0.00012812
-0.00019141
-0.0001295
-0.00029826
-0.0002361
-0.000381
-0.00046384
-0.00047117
-0.00044759
-0.00060389
-0.00068708
-0.00068131
-0.00074522
-0.00072141
-0.0005721
-0.00048891
-0.00046044
-0.00041555
-0.00033874
-0.00032824
-0.00033074
-0.00034095
-0.00035723
-0.00038398
-0.0004223
-0.00045661
-0.00045391
-0.00038644
-0.00025332
-0.00019084
-0.00020903
-0.00025555
-0.00023887
-0.00015733
-0.00023261
-0.00020639
-0.00013808
-0.00021608
-0.0001303
-0.00020291
-0.00013563
-0.00017741
-0.00010065
-4.611e-05
-4.9955e-05
-3.1391e-05
-4.5939e-05
-2.2211e-05
-2.1118e-05
-1.758e-05
-3.2774e-05
-1.6441e-05
-2.9779e-05
-4.281e-05
-2.6137e-05
-4.6133e-05
-4.7686e-05
-0.00011842
-0.0001149
-0.00015947
-9.8001e-05
-0.00013484
-0.00013564
-0.00010229
-0.00012824
-0.00015664
-0.00015272
-0.00014193
-0.00013307
-0.00012572
-0.00013523
-0.00014166
-0.00013983
-0.00019752
-0.00024019
-0.00026916
-0.00023525
-0.00034851
-0.00040872
-0.00035906
-0.0004344
-0.00056128
-0.00052937
-0.00040528
-0.00051395
-0.00052391
-0.00048886
-0.00044231
-0.00039939
-0.00035656
-0.0003116
-0.00024655
-0.00015076
-9.0576e-05
-5.0982e-05
-8.5945e-05
3.0926e-05
-8.2082e-06
9.3369e-05
0.00036052
0.0001986
0.00017191
0.0006197
-0.0002059
