0.001661
0.0041447
0.0094534
0.014021
0.01935
0.025358
0.031941
0.038978
0.042625
0.046334
0.050087
0.053866
0.057653
0.061428
0.065175
0.068874
0.072509
0.076061
0.079513
0.08285
0.086056
0.089115
0.092014
0.094739
0.097276
0.099616
0.10175
0.10366
0.10534
0.10679
0.10799
0.10895
0.10965
0.1101
0.11028
0.11021
0.10987
0.10927
0.10841
0.10729
0.10592
0.10429
0.10243
0.10032
0.097978
0.095415
0.092636
0.089651
0.086471
0.079568
0.072025
0.063945
0.055443
0.046639
0.037658
0.028629
0.019681
0.0066939
-0.0091594
-0.022511
-0.028007
-0.032614
-0.036275
-0.038954
-0.040634
-0.04132
-0.041298
-0.041041
-0.040556
-0.039851
-0.038938
-0.037826
-0.036531
-0.035066
-0.033448
-0.031692
-0.029817
-0.027842
-0.025787
-0.023671
-0.021515
-0.019341
-0.017168
-0.015018
-0.01291
-0.010865
-0.0088996
-0.0070322
-0.0052784
-0.0036524
-0.0021665
-0.00083103
0.00034592
0.0013587
0.002204
0.0028812
0.0033922
0.0037415
0.0039361
0.0039855
0.0039014
0.0036979
0.0033907
0.0029976
0.0025377
0.0014991
0.00044618
-0.00044589
-0.0010073
-0.0010826
0.00073045
