-1.4296
-1.4363
-1.3864
-1.3369
-1.2818
-1.2555
-1.3264
-1.2564
-1.1803
-1.1506
-1.1479
-1.1726
-1.1478
-1.1567
-1.1718
-1.1834
-1.1636
-1.1339
-1.1472
-1.1582
-1.1433
-1.1507
-1.1116
-1.0724
-1.0788
-1.0622
-1.0336
-1.0108
-1.009
-1.0127
-1.0135
-1.0166
-1.0217
-1.0204
-1.0045
-0.96885
-0.9251
-0.88487
-0.85563
-0.82749
-0.77392
-0.76546
-0.8264
-0.72994
-0.63373
-0.62591
-0.63486
-0.48786
-0.35281
-0.58029
-0.33782
-0.36206
-0.37735
-0.17783
0.093588
0.26316
0.84807
1.1201
0.32928
-0.34455
-0.53798
-0.61172
-0.65425
-0.72791
-0.865
-0.96768
-0.99833
-0.98263
-0.98784
-0.97165
-0.98188
-0.98156
-0.96052
-0.94789
-0.94893
-0.95846
-0.96444
-0.96728
-0.96369
-0.967
-0.96922
-0.97433
-0.98388
-0.97185
-0.96028
-0.988
-1.0132
-0.98562
-0.95718
-0.97697
-0.9814
-0.97056
-0.97242
-0.99351
-1.0081
-1.0063
-0.99995
-0.99541
-0.99108
-0.99956
-1.0305
-1.0717
-1.1005
-1.1044
-1.1213
-1.1314
-1.221
-1.3284
-1.3844
-1.4333
-1.4256
