6.8037e-05
-3.7093e-05
-0.0002548
-3.1703e-05
2.7463e-07
1.863e-05
3.333e-05
6.5258e-05
-3.0262e-05
2.4228e-05
-3.8829e-05
1.7441e-05
-1.2775e-05
-1.6091e-05
1.5445e-05
1.2661e-05
-1.3322e-05
5.2032e-07
-1.6937e-05
7.9988e-06
1.2555e-05
1.125e-05
-1.1617e-06
2.3475e-07
-2.5845e-05
-3.929e-05
-4.09e-05
-2.4822e-05
-2.3179e-05
-3.013e-05
-2.9335e-05
-2.4884e-05
-2.1959e-05
-1.887e-05
-1.3669e-05
-8.5367e-06
-1.4844e-05
-2.4175e-05
-1.4914e-05
-1.8322e-05
-1.6761e-05
-1.3801e-05
-7.9654e-06
-4.1145e-05
-1.2246e-05
-3.5733e-05
-2.471e-05
-5.7354e-05
-4.0024e-05
-0.00013106
-7.9392e-05
-5.5817e-05
-5.4263e-05
-3.6067e-05
-5.1671e-05
-3.1609e-05
-1.9868e-05
9.2724e-06
4.5702e-05
8.7262e-05
1.8471e-05
4.4997e-05
-1.3361e-06
9.9936e-06
-1.6444e-05
2.4109e-06
2.64e-06
2.2228e-06
7.5243e-06
9.7913e-06
-1.7427e-06
1.0247e-05
4.1291e-06
4.4272e-06
9.6559e-06
1.2284e-05
1.0609e-05
4.2569e-06
-3.6271e-06
-1.1358e-05
-2.8864e-06
-2.336e-06
-6.2054e-06
-1.7731e-05
-6.3927e-06
1.5298e-06
-7.1523e-06
-5.325e-06
6.4527e-06
2.1991e-05
3.8334e-06
1.0502e-05
3.3423e-05
5.0247e-05
5.1781e-05
4.696e-05
4.9062e-05
5.376e-05
5.8307e-05
5.6752e-05
6.1673e-05
0.00010399
4.2132e-05
7.1539e-05
0.00010362
0.00019636
0.00013016
0.00011095
-6.2714e-05
0.00011185
0.00031022
