-0.00021158
4.6927e-06
-0.00017932
-0.00048697
-0.00037076
-0.00022202
5.2146e-07
3.8637e-05
2.9912e-05
4.2086e-06
2.7795e-05
1.9137e-05
2.9756e-05
3.9502e-05
7.5212e-05
8.1337e-05
8.2669e-05
7.0328e-05
8.7407e-05
0.00012889
0.00016256
0.00014732
0.0001227
9.2203e-05
5.2399e-05
1.8982e-05
1.0588e-06
-7.5536e-06
-1.4944e-05
-2.2931e-05
-2.2933e-05
-1.3135e-05
7.1466e-06
3.2778e-05
4.8101e-05
3.7858e-05
2.5708e-05
2.6684e-05
4.555e-05
5.6683e-05
3.8248e-05
6.0297e-05
5.7444e-05
4.7755e-05
0.00010607
6.5431e-05
0.0001262
0.00010439
0.00020022
9.721e-05
6.1888e-05
7.2469e-05
4.213e-05
9.0581e-05
4.2789e-05
4.8019e-05
2.9492e-05
8.1486e-05
5.1415e-05
8.8595e-05
5.1153e-05
2.0393e-05
3.0118e-05
3.4372e-05
6.665e-05
4.5604e-05
3.8514e-05
1.8571e-05
2.2969e-05
2.3124e-05
2.3236e-05
2.8964e-05
2.7541e-05
2.3991e-05
2.3949e-05
2.6374e-05
3.2307e-05
4.6082e-05
6.4957e-05
7.372e-05
9.6559e-05
0.000101
0.00011335
0.00010411
0.00013332
0.00013495
0.00012226
0.00013341
0.00013559
0.00012963
0.00011049
0.00011306
6.3751e-05
2.2485e-05
1.0895e-06
-1.9606e-05
-5.2839e-05
-0.00010305
-0.00017791
-0.00027805
-0.00035862
-0.00024279
-0.00037974
-0.00026521
-0.00040446
-0.0002891
-0.0002853
-0.00031556
-0.00049439
2.7881e-05
-0.00047915
