-5.3749e-06
2.5135e-05
0.00011006
0.00013685
-4.6957e-06
-0.00015907
0.000292
0.00029488
-0.0002156
-0.00017978
0.00043845
0.00020223
-0.00044611
-0.00055062
0.00048832
0.0012366
9.8632e-05
-0.001216
-1.8686e-05
0.00037353
-3.3737e-05
4.6833e-05
8.4284e-05
0.00033211
-0.00064891
-0.0016277
0.0020482
0.0013214
-0.0029442
0.0011189
0.0017386
-0.00080812
-0.0028782
0.00061608
0.00097327
1.4211e-05
0.004621
-0.0048864
-0.0021648
0.0019555
0.004637
-0.0023296
-0.0020356
0.00032058
-0.00074175
-0.0012964
0.0021434
0.0018363
-0.00058181
-0.0016058
-0.0016058
-0.00058181
0.0018363
0.0021434
-0.0012964
-0.00074175
0.00032058
-0.0020356
-0.0023296
0.004637
0.0019555
-0.0021648
-0.0048864
0.004621
1.4211e-05
0.00097327
0.00061608
-0.0028782
-0.00080812
0.0017386
0.0011189
-0.0029442
0.0013214
0.0020482
-0.0016277
-0.00064891
0.00033211
8.4284e-05
4.6833e-05
-3.3737e-05
0.00037353
-1.8686e-05
-0.001216
9.8632e-05
0.0012366
0.00048832
-0.00055062
-0.00044611
0.00020223
0.00043845
-0.00017978
-0.0002156
0.00029488
0.000292
-0.00015907
-4.6957e-06
0.00013685
0.00011006
2.5135e-05
-5.3749e-06
