-7.5894e-21
0.0063424
0.012659
0.018925
0.025115
0.031203
0.037166
0.042979
0.04862
0.054064
0.059291
0.064279
0.069008
0.073459
0.077615
0.081458
0.084973
0.088145
0.090963
0.093415
0.09549
0.097181
0.098481
0.099384
0.099887
0.099987
0.099685
0.098982
0.09788
0.096384
0.0945
0.092235
0.089599
0.086603
0.083257
0.079576
0.075575
0.071269
0.066677
0.061816
0.056706
0.051368
0.045823
0.040093
0.034202
0.028173
0.022031
0.0158
0.0095056
0.0031728
-0.0031728
-0.0095056
-0.0158
-0.022031
-0.028173
-0.034202
-0.040093
-0.045823
-0.051368
-0.056706
-0.061816
-0.066677
-0.071269
-0.075575
-0.079576
-0.083257
-0.086603
-0.089599
-0.092235
-0.0945
-0.096384
-0.09788
-0.098982
-0.099685
-0.099987
-0.099887
-0.099384
-0.098481
-0.097181
-0.09549
-0.093415
-0.090963
-0.088145
-0.084973
-0.081458
-0.077615
-0.073459
-0.069008
-0.064279
-0.059291
-0.054064
-0.04862
-0.042979
-0.037166
-0.031203
-0.025115
-0.018925
-0.012659
-0.0063424
-2.45e-17
