-2.1455e-05
3.532e-05
4.4223e-05
-0.00011024
-1.1722e-05
3.1439e-05
0.00011961
-3.8078e-05
-0.00022188
-7.3642e-05
0.00051939
-0.0004022
-0.00020488
0.00053732
6.2084e-05
-0.00061168
-3.8106e-05
0.00053917
0.0002983
-0.0012052
0.00094696
-6.1943e-05
-0.00016327
4.0747e-05
-0.00026466
0.00053753
-0.0015754
0.0022873
-0.0028943
0.0037278
-0.0025306
0.00014568
0.00093027
-0.00082073
0.0017131
-0.001842
0.00016264
0.0011326
-0.0010471
0.0010474
-0.0014829
-0.00054523
0.0028853
-0.0021594
0.0014359
-0.0014293
0.00094117
0.00021942
-0.00079771
0.00026192
0.00026192
-0.00079771
0.00021942
0.00094117
-0.0014293
0.0014359
-0.0021594
0.0028853
-0.00054523
-0.0014829
0.0010474
-0.0010471
0.0011326
0.00016264
-0.001842
0.0017131
-0.00082073
0.00093027
0.00014568
-0.0025306
0.0037278
-0.0028943
0.0022873
-0.0015754
0.00053753
-0.00026466
4.0747e-05
-0.00016327
-6.1943e-05
0.00094696
-0.0012052
0.0002983
0.00053917
-3.8106e-05
-0.00061168
6.2084e-05
0.00053732
-0.00020488
-0.0004022
0.00051939
-7.3642e-05
-0.00022188
-3.8078e-05
0.00011961
3.1439e-05
-1.1722e-05
-0.00011024
4.4223e-05
3.532e-05
-2.1455e-05
