221.33
252.69
222.89
227.47
224.44
223.98
223.6
223.41
223.33
223.3
223.31
223.34
223.39
223.45
223.55
223.65
223.73
223.91
218.42
203.57
431.87
479.61
466.2
460.55
456.4
451.12
445.63
440.32
435.25
430.53
426.31
422.72
419.85
417.78
416.55
416.17
416.64
417.92
419.94
422.64
425.92
429.7
433.87
438.33
442.97
447.7
452.42
457.07
461.53
465.75
469.67
473.27
476.51
479.36
481.83
483.91
485.59
486.9
487.86
488.48
488.8
488.83
488.62
488.19
487.57
486.8
485.89
484.89
483.81
482.67
481.49
480.3
479.1
477.91
476.75
475.63
474.52
473.42
472.38
471.39
470.44
469.51
468.62
467.75
466.89
466.03
465.17
464.29
463.39
462.44
461.44
460.38
459.25
458.04
456.74
455.36
453.88
452.31
450.66
448.92
447.11
445.24
443.31
441.32
439.3
437.3
435.28
433.22
431.16
429.07
426.94
424.74
422.49
420.11
417.68
414.21
414.77
451.99
665.6
667.57
665.09
662.92
662.85
662.91
662.96
663
663.03
663.05
663.07
663.09
663.12
663.15
663.2
663.26
663.5
663.53
668.76
711.9
638.23
653.81
614.42
618.51
595.66
594.95
592
529.31
558.96
536.31
515.69
538.93
454.69
488.46
508.57
402.58
469.93
472.74
365.33
441.93
435.72
310.83
372.18
431.59
273.31
316.54
447.12
238.48
181.01
336.85
325.44
125.49
258.97
394.57
172.42
23.319
216.26
337.32
87.437
-48.222
162.05
308.61
89.824
-195.95
-40.844
225.25
159.21
-114.25
-255.7
65.078
148.86
7.1107
-263.83
-363.42
-132.15
98.971
17.47
-211.99
-493.53
-425.74
-229.57
-34.055
-13.308
-336.65
-426.5
-565.72
-608.42
-384.05
-154.43
-104.48
-331.82
-522.13
-612.49
-628.56
-577.65
-649.9
-612.25
-440.99
-267.96
-287.01
-441.87
-621.74
-666.37
-795.12
-912
-295.11
-433.48
-590.25
-609.13
-555.69
-524.53
-498.94
-459.82
-409.93
-369.71
-336.29
-280.14
-227.03
-192.15
-206.32
-304.86
-463.37
-1115.4
-1624.3
-293.02
503.49
934.35
358.17
-781.1
562.13
533.61
370.77
396.4
778.48
542.4
615.76
799.84
727.15
978
716.33
744.05
798.87
676.41
810.97
851.67
595.27
572.54
902.38
550.1
556.59
489.68
395.74
457.89
372
333.13
333.29
328.35
221.33
221.33
252.69
222.89
227.47
224.44
223.98
223.6
223.41
223.33
223.3
223.31
223.34
223.39
223.45
223.55
223.65
223.73
223.9
218.43
203.67
432.02
479.7
466.28
460.63
456.47
451.18
445.69
440.37
435.3
430.57
426.35
422.75
419.88
417.8
416.57
416.19
416.66
417.93
419.95
422.65
425.93
429.71
433.88
438.33
442.98
447.7
452.43
457.07
461.54
465.75
469.68
473.27
476.51
479.37
481.83
483.91
485.59
486.9
487.86
488.48
488.8
488.83
488.62
488.19
487.57
486.8
485.89
484.89
483.81
482.67
481.49
480.3
479.1
477.91
476.75
475.63
474.52
473.42
472.38
471.39
470.44
469.51
468.62
467.75
466.88
466.03
465.17
464.29
463.38
462.44
461.44
460.38
459.25
458.04
456.74
455.35
453.88
452.31
450.65
448.91
447.1
445.22
443.3
441.31
439.28
437.28
435.25
433.2
431.13
429.04
426.91
424.7
422.45
420.06
417.63
414.15
414.69
451.89
665.56
667.57
665.09
662.92
662.84
662.91
662.96
663
663.03
663.05
663.07
663.09
663.12
663.15
663.2
663.26
663.5
663.53
668.76
711.9
638.23
653.81
614.42
618.51
595.66
594.95
592
529.31
558.96
536.3
515.69
538.93
454.68
488.45
508.56
402.58
469.93
472.73
365.32
441.93
435.72
310.83
372.18
431.59
273.3
316.54
447.12
238.48
181
336.84
325.43
125.48
258.97
394.56
172.41
23.309
216.25
337.32
87.427
-48.233
162.05
308.61
89.815
-195.96
-40.854
225.25
159.2
-114.26
-255.71
65.07
148.85
7.1018
-263.84
-363.44
-132.16
98.964
17.462
-212
-493.54
-425.76
-229.57
-34.063
-13.315
-336.66
-426.51
-565.73
-608.43
-384.06
-154.44
-104.49
-331.83
-522.14
-612.5
-628.58
-577.66
-649.91
-612.26
-441
-267.97
-287.02
-441.88
-621.75
-666.38
-795.14
-912.01
-295.13
-433.49
-590.27
-609.14
-555.71
-524.54
-498.96
-459.83
-409.94
-369.72
-336.3
-280.15
-227.04
-192.16
-206.33
-304.87
-463.39
-1115.4
-1624.3
-293.04
503.48
934.34
358.16
-781.11
562.13
533.6
370.76
396.4
778.47
542.39
615.76
799.84
727.14
977.99
716.33
744.04
798.87
676.41
810.97
851.67
595.26
572.54
902.37
550.1
556.59
489.67
395.74
457.89
372
333.13
333.29
328.35
221.33
