220
222.67
229.02
233.48
233.05
228.96
233.41
234.32
236.82
237.09
240.45
240.99
250.13
254.27
250.08
256.87
260.86
258.39
260.75
269.25
239.51
249.57
270.03
269.17
256.68
236.95
229.52
249.88
323.27
285.64
215.5
264.48
207.44
177.84
168.75
141.69
146.76
130.3
94.937
89.283
72.769
59.717
53.701
-11.916
43.395
-25.246
-96.973
-37.764
-13.475
1.0148
1.0148
-13.475
-37.764
-96.973
-25.246
43.395
-11.916
53.701
59.717
72.769
89.283
94.937
130.3
146.76
141.69
168.75
177.84
207.44
264.48
215.5
285.64
323.27
249.88
229.52
236.95
256.68
269.17
270.03
249.57
239.51
269.25
260.75
258.39
260.86
256.87
250.08
254.27
250.13
240.99
240.45
237.09
236.82
234.32
233.41
228.96
233.05
233.48
229.02
222.67
220
