576.62
641
645.3
649.11
650.1
650.89
651.07
651.23
651.34
651.44
651.52
651.62
651.75
651.91
652.09
654.08
656.68
646.63
634.35
622.07
1228.6
1273.4
1316.6
1310
1303.7
1303.8
1303.9
1304.2
1304.6
1306
1307.5
1310.1
1312.8
1316.7
1320.9
1326.1
1331.6
1338
1344.4
1351.4
1358.3
1365.3
1372.1
1378.4
1384.5
1389.7
1394.7
1398.6
1402.1
1404.6
1406.7
1407.8
1408.5
1408.4
1408
1407
1405.6
1403.8
1401.7
1399.3
1396.8
1394.1
1391.2
1388.3
1385.3
1382.3
1379.3
1376.4
1373.4
1370.6
1367.8
1365.1
1362.5
1360
1357.6
1355.3
1353.1
1351
1349.1
1347.2
1345.4
1343.7
1342.2
1340.6
1339.2
1337.9
1336.6
1335.3
1334.2
1333
1332
1330.9
1329.8
1328.8
1327.8
1326.7
1325.6
1324.5
1323.3
1322.1
1320.8
1319.5
1318.2
1316.8
1315.4
1314
1312.8
1311.5
1310.5
1309.6
1308.9
1308.2
1308.1
1308.1
1309.6
1311.1
1297.9
1284.2
1188.9
1192.7
1196.4
1199.4
1198.7
1198.2
1198.2
1198.1
1198
1197.9
1197.8
1197.7
1197.5
1197.4
1197.2
1196.8
1196.2
1193.6
1190.7
1160.2
1192
1200
1206.7
1214.3
1211.6
1199
1178
1179.8
1210.3
1227.5
1210.6
1179
1143.1
1184.1
1233.5
1249.2
1217.3
1161.1
1119.2
1181.5
1254.5
1276.9
1257.2
1204.4
1136.6
1128
1195.9
1267.8
1303.9
1281.8
1180.8
1060
1046.5
1180.1
1291.3
1336.9
1326.5
1283.3
1174.9
1041.8
1012.3
1156.8
1278.5
1366.4
1370.8
1340.8
1264.9
1141.7
1003.4
1001.9
1143.3
1268.7
1364.4
1423.3
1450.3
1378.8
1271.8
1144.5
1111.1
1076.9
1087.4
1125.5
1167.8
1244.7
1362
1456.9
1517.7
1541.1
1538
1449.8
1316.1
1163.8
1106.5
1077.5
1063.7
1114.1
1169.9
1302.6
1299.4
1307.7
1346.7
1415.7
1481
1523.8
1550
1574
1608.3
1644.1
1676.9
1707.9
1735.9
1763.7
1809
1851.9
1902.9
1983.5
2061.4
2123.9
2165.3
2201.1
2025.1
1770.5
1543.4
1358.6
1160.2
735.54
113.1
-296.81
214.61
648.4
762
589.78
566
734.3
845.62
1145.3
998.4
820.88
542.01
565.04
718.01
793.39
595.82
710.67
777.75
504.24
631.93
746.81
639.61
626.58
518.26
626.06
616.83
604.1
654.4
626.84
844.22
576.62
505.33
559.16
563.07
566.53
567.44
568.16
568.35
568.51
568.61
568.7
568.77
568.86
568.96
569.11
569.29
572.79
577.4
565.54
550.78
536.02
1058.8
1094.2
1128.4
1122.5
1116.8
1116.8
1116.8
1117.1
1117.5
1118.9
1120.6
1123.4
1126.5
1130.8
1135.4
1141.3
1147.3
1154.4
1161.6
1169.4
1177.1
1184.9
1192.6
1199.8
1206.7
1212.8
1218.5
1223.2
1227.5
1230.7
1233.5
1235.2
1236.6
1237.1
1237.2
1236.6
1235.6
1234.2
1232.5
1230.5
1228.2
1225.8
1223.2
1220.4
1217.6
1214.8
1211.9
1209.1
1206.3
1203.5
1200.8
1198.2
1195.7
1193.2
1190.9
1188.6
1186.5
1184.5
1182.5
1180.7
1179
1177.3
1175.8
1174.3
1172.9
1171.6
1170.4
1169.2
1168.1
1167
1166
1165
1164
1163.1
1162.1
1161.1
1160.1
1159.1
1158
1156.9
1155.7
1154.5
1153.2
1152
1150.7
1149.4
1148.2
1147
1146.1
1145.1
1144.4
1143.8
1143.7
1143.6
1144.3
1145
1138.6
1132.1
1113.5
1115.4
1117.2
1118.8
1118.4
1118.1
1118.1
1118.1
1118
1117.9
1117.8
1117.7
1117.5
1117.4
1117.2
1116.9
1116.6
1115.7
1114.6
1108.1
1117.6
1118.5
1119.1
1127.6
1132.1
1124.2
1104.5
1098.1
1123.2
1143.4
1133.8
1105.1
1066.5
1098.4
1145.6
1167.3
1142.1
1089.2
1042.6
1095
1164.9
1194.1
1181.9
1135.3
1062.1
1041.6
1103.2
1179.9
1222.8
1208
1108.3
983.81
962.19
1090.3
1200.6
1252.3
1249.5
1212.9
1103.5
963.39
923.53
1065.1
1186.9
1278.2
1289.6
1265.6
1193.3
1068.5
925.15
916.18
1052.1
1174.9
1273.1
1336.5
1368.6
1301.9
1198.4
1073
1037.2
998.21
1002.3
1036
1075.5
1151.7
1270.2
1367
1430.8
1457.9
1457.8
1372.4
1240.5
1089.2
1031.5
1000.9
984.57
1032.7
1085.3
1214.9
1209.7
1216.2
1253.8
1321.9
1386.3
1428.2
1453.5
1476.4
1509.8
1544.5
1575.7
1601.3
1623.1
1644.3
1684.1
1721
1770
1862.3
1951.7
2027.6
2084.7
2137
1978.3
1741.1
1525.4
1307.7
1072.6
634.81
29.716
-358.18
154.21
582.19
685.72
505.62
476.72
650.72
772.35
1069.7
914.88
735.96
462.18
486.05
632.4
709.36
518.57
625.02
695.13
428.56
547.43
667.9
557.99
542.15
442.1
540.13
538.16
524.36
571.64
541.4
738.71
505.33
