9.5592e-10,1.3562e-06,9.388e-06,2.641e-05,5.5093e-05,9.8914e-05,0.00016227,0.00025042,0.00036944,0.00052604,0.00072743,0.00098113,0.0012948,0.0016759,0.0021319,0.0026694,0.0032947,0.0040129,0.0048284,0.0057444,0.0067628,0.007884,0.0091073,0.01043,0.011849,0.013358,0.014951,0.016618,0.018351,0.020137,0.021965,0.023821,0.025689,0.027555,0.029401,0.031213,0.032972,0.034662,0.036267,0.03777,0.039157,0.040414,0.041529,0.042492,0.043295,0.043933,0.044404,0.04471,0.044862,0.044886
-2.4587e-06,-2.4432e-06,4.5561e-06,2.0247e-05,4.7137e-05,8.8679e-05,0.00014929,0.00023429,0.00034981,0.00050265,0.00070013,0.00094986,0.0012596,0.001637,0.0020894,0.0026237,0.0032462,0.0039622,0.0047761,0.0056911,0.0067092,0.0078309,0.0090554,0.01038,0.011802,0.013315,0.014912,0.016584,0.018323,0.020116,0.021951,0.023814,0.02569,0.027564,0.02942,0.03124,0.033008,0.034707,0.036319,0.03783,0.039224,0.040488,0.041609,0.042576,0.043382,0.044021,0.04449,0.044793,0.044935,0.044931
-1.1273e-05,-1.3285e-05,-8.9397e-06,2.9277e-06,2.4592e-05,5.9468e-05,0.00011204,0.00018779,0.00029306,0.00043489,0.00062087,0.00085892,0.0011571,0.0015233,0.0019654,0.0024903,0.0031047,0.0038141,0.0046232,0.0055352,0.0065524,0.0076754,0.0089035,0.010234,0.011664,0.013188,0.014797,0.016485,0.018241,0.020053,0.021908,0.023794,0.025694,0.027593,0.029473,0.031319,0.033113,0.034836,0.036473,0.038007,0.039422,0.040704,0.04184,0.04282,0.043634,0.044276,0.044743,0.045035,0.045153,0.045106
-2.6905e-05,-3.0632e-05,-3.0011e-05,-2.4246e-05,-1.1218e-05,1.2506e-05,5.1577e-05,0.00011174,0.00019971,0.00032294,0.00048951,0.00070782,0.00098646,0.0013339,0.0017583,0.0022674,0.002868,0.0035663,0.004367,0.005274,0.0062896,0.0074146,0.0086486,0.0099892,0.011433,0.012973,0.014605,0.016317,0.018102,0.019945,0.021836,0.023759,0.025698,0.027639,0.029562,0.031451,0.033287,0.035052,0.03673,0.038302,0.039752,0.041065,0.042228,0.043228,0.044057,0.044706,0.045171,0.045449,0.04554,0.045448
-4.787e-05,-5.2509e-05,-5.6327e-05,-5.8785e-05,-5.7826e-05,-4.9897e-05,-3.0068e-05,7.8274e-06,7.1019e-05,0.0001676,0.00030632,0.00049632,0.00074691,0.0010673,0.0014665,0.0019527,0.0025335,0.0032155,0.0040042,0.0049037,0.0059167,0.0070444,0.0082863,0.0096404,0.011103,0.012668,0.01433,0.016078,0.017902,0.019791,0.021731,0.023707,0.025702,0.027701,0.029684,0.031634,0.033531,0.035356,0.037092,0.038718,0.040218,0.041576,0.042777,0.043808,0.044659,0.045319,0.045785,0.04605,0.046114,0.045978
-7.0978e-05,-7.5407e-05,-8.4156e-05,-9.6905e-05,-0.00011156,-0.00012435,-0.00012991,-0.0001215,-9.1163e-05,-2.9969e-05,7.174e-05,0.00022408,0.00043736,0.0007218,0.0010872,0.0015429,0.0020973,0.0027576,0.00353,0.0044191,0.0054283,0.0065589,0.0078109,0.0091822,0.010669,0.012267,0.013967,0.015761,0.017637,0.019585,0.021589,0.023633,0.025702,0.027777,0.029839,0.031869,0.033846,0.03575,0.037561,0.039259,0.040826,0.042243,0.043495,0.044568,0.045448,0.046127,0.046597,0.046852,0.046889,0.046712
-9.1365e-05,-9.4178e-05,-0.00010821,-0.00013336,-0.00016741,-0.00020624,-0.00024392,-0.00027292,-0.00028436,-0.00026821,-0.00021364,-0.00010929,5.6403e-05,0.00029491,0.0006173,0.001034,0.0015543,0.0021867,0.0029379,0.0038135,0.0048171,0.0059507,0.0072145,0.0086068,0.010124,0.01176,0.013508,0.015359,0.017301,0.019321,0.021404,0.023535,0.025695,0.027865,0.030026,0.032156,0.034233,0.036235,0.038142,0.03993,0.041581,0.043073,0.044391,0.045517,0.046437,0.047142,0.047621,0.047869,0.047882,0.047665
-0.0001024,-0.0001019,-0.00012147,-0.00016125,-0.00021883,-0.0002896,-0.00036688,-0.00044216,-0.00050536,-0.00054509,-0.00054905,-0.00050432,-0.00039776,-0.00021636,5.2445e-05,0.00042044,0.00089836,0.0014956,0.0022201,0.0030781,0.004074,0.0052103,0.0064876,0.0079043,0.0094569,0.01114,0.012945,0.014864,0.016884,0.018991,0.021171,0.023405,0.025676,0.027962,0.030242,0.032493,0.034692,0.036815,0.038838,0.040738,0.042491,0.044077,0.045475,0.046668,0.04764,0.048378,0.048873,0.049118,0.049109,0.048852
-9.5502e-05,-8.9672e-05,-0.00011497,-0.00017182,-0.00025753,-0.00036688,-0.00049224,-0.00062386,-0.00075016,-0.00085809,-0.00093351,-0.00096162,-0.00092734,-0.00081577,-0.00061253,-0.00030416,0.00012162,0.00067559,0.0013668,0.0022026,0.003188,0.0043263,0.0056183,0.0070628,0.0086565,0.010394,0.012266,0.014264,0.016376,0.018586,0.020879,0.023237,0.025638,0.028062,0.030484,0.03288,0.035225,0.037492,0.039655,0.041688,0.043565,0.045264,0.04676,0.048035,0.049071,0.049853,0.050371,0.050617,0.050588,0.05029
-5.9919e-05,-4.637e-05,-7.7543e-05,-0.00015419,-0.00027327,-0.00042878,-0.00061192,-0.00081141,-0.0010138,-0.0012041,-0.0013659,-0.001482,-0.001535,-0.0015079,-0.001384,-0.0011478,-0.00078526,-0.00028402,0.00036639,0.0011743,0.0021459,0.0032848,0.0045926,0.0060683,0.0077085,0.0095076,0.011457,0.013547,0.015765,0.018095,0.02052,0.023021,0.025575,0.02816,0.030749,0.033316,0.035832,0.038269,0.040598,0.042789,0.044815,0.046647,0.048262,0.049636,0.05075,0.051587,0.052136,0.052388,0.052339,0.051998
1.7602e-05,4.1678e-05,4.5222e-06,-9.5033e-05,-0.00025352,-0.00046395,-0.00071609,-0.00099681,-0.0012905,-0.0015794,-0.0018447,-0.0020663,-0.0022241,-0.0022982,-0.0022694,-0.0021199,-0.0018335,-0.0013959,-0.00079516,-2.1608e-05,0.00093183,0.0020697,0.0033939,0.0049038,0.0065962,0.0084653,0.010503,0.012698,0.015037,0.017504,0.020081,0.022747,0.025478,0.028249,0.031032,0.033797,0.036514,0.03915,0.041673,0.044051,0.04625,0.048242,0.049997,0.051489,0.052697,0.053602,0.05419,0.054452,0.054385,0.053999
0.00015318,0.00019108,0.00014784,2.1776e-05,-0.00018312,-0.00045868,-0.00079293,-0.0011705,-0.0015729,-0.0019797,-0.0023685,-0.002716,-0.0029987,-0.0031935,-0.0032781,-0.003232,-0.0030364,-0.0026751,-0.0021342,-0.0014027,-0.00047239,0.00066199,0.0020029,0.00355,0.0053002,0.0072476,0.0093836,0.011697,0.014173,0.016796,0.019546,0.022401,0.025334,0.02832,0.031326,0.034321,0.03727,0.040138,0.042888,0.045482,0.047886,0.050064,0.051985,0.053617,0.054938,0.055924,0.056561,0.056839,0.056754,0.056319
0.00036625,0.00042186,0.00037244,0.00021564,-4.3878e-05,-0.00039656,-0.0008283,-0.0013209,-0.0018528,-0.0023997,-0.0029354,-0.0034326,-0.0038637,-0.0042018,-0.004421,-0.0044976,-0.0044099,-0.0041393,-0.0036699,-0.0029893,-0.0020881,-0.00096027,0.00039727,0.0019844,0.003798,0.0058322,0.008078,0.010524,0.013155,0.015953,0.018899,0.021967,0.025132,0.028361,0.031624,0.034883,0.0381,0.041235,0.044247,0.047095,0.049737,0.052133,0.054247,0.056046,0.057499,0.058582,0.059279,0.059578,0.059477,0.058988
0.00068013,0.000758,0.00070228,0.00050979,0.00018593,-0.00025803,-0.00080541,-0.0014347,-0.0021204,-0.0028337,-0.0035438,-0.0042184,-0.0048254,-0.005333,-0.0057114,-0.0059328,-0.0059726,-0.0058093,-0.0054249,-0.0048054,-0.0039402,-0.0028224,-0.0014487,0.00018101,0.0020638,0.0041934,0.0065608,0.0091538,0.011957,0.014952,0.018118,0.021427,0.024853,0.02836,0.031915,0.035475,0.039,0.042443,0.045759,0.0489,0.051818,0.054469,0.05681,0.058802,0.060412,0.061611,0.06238,0.062707,0.062588,0.062042
0.0011227,0.0012282,0.001166,0.00093188,0.00053217,-1.9864e-05,-0.00070443,-0.001496,-0.0023642,-0.0032751,-0.0041918,-0.0050767,-0.0058915,-0.0065993,-0.0071652,-0.0075572,-0.0077468,-0.0077096,-0.0074254,-0.0068784,-0.006057,-0.0049536,-0.0035645,-0.0018896,6.8022e-05,0.002302,0.0048031,0.0075587,0.010553,0.013767,0.017178,0.020758,0.024477,0.028299,0.032185,0.03609,0.039966,0.043764,0.047429,0.050909,0.054149,0.057096,0.059702,0.061921,0.063714,0.06505,0.065906,0.066267,0.066131,0.065519
0.001727,0.0018664,0.0017975,0.0015148,0.0010255,0.00034541,-0.00050201,-0.0014863,-0.0025713,-0.0037164,-0.0048782,-0.0060116,-0.0070719,-0.0080156,-0.008802,-0.009394,-0.009759,-0.0098693,-0.0097023,-0.0092405,-0.0084714,-0.007387,-0.0059835,-0.0042609,-0.0022226,0.00012494,0.002772,0.0057059,0.0089106,0.012366,0.01605,0.019932,0.02398,0.028156,0.032417,0.036713,0.040992,0.045196,0.049264,0.053136,0.056748,0.06004,0.062954,0.065438,0.067447,0.068944,0.069902,0.070306,0.070153,0.069468
0.0025325,0.0027133,0.0026375,0.0022977,0.0017024,0.00087019,-0.00017075,-0.0013841,-0.0027266,-0.0041499,-0.0056019,-0.0070294,-0.0083793,-0.0096005,-0.010645,-0.011471,-0.012041,-0.012322,-0.012291,-0.011929,-0.011221,-0.010161,-0.0087437,-0.0069708,-0.0048457,-0.0023755,0.00043017,0.0035584,0.0069931,0.010715,0.014699,0.018916,0.023332,0.027905,0.032589,0.037329,0.042067,0.046736,0.051268,0.055592,0.059636,0.063328,0.066601,0.069396,0.071657,0.073343,0.074423,0.074879,0.07471,0.073942
0.003586,0.003817,0.0037337,0.0033267,0.0026056,0.0015927,0.00032139,-0.0011646,-0.0028135,-0.004567,-0.0063633,-0.0081387,-0.0098301,-0.011377,-0.012725,-0.013823,-0.01463,-0.01511,-0.015235,-0.014986,-0.014349,-0.013317,-0.011888,-0.010062,-0.0078435,-0.0052413,-0.0022646,0.0010738,0.0047582,0.0087694,0.013083,0.01767,0.022495,0.027512,0.032672,0.037916,0.043175,0.048377,0.053443,0.05829,0.062834,0.066992,0.070685,0.073842,0.0764,0.078309,0.079532,0.080052,0.079864,0.079003
0.0049428,0.0052344,0.0051432,0.0046567,0.0037861,0.0025577,0.0010118,-0.00079928,-0.002813,-0.0049595,-0.0071643,-0.0093513,-0.011445,-0.013376,-0.015077,-0.016492,-0.017572,-0.018279,-0.018582,-0.018462,-0.017906,-0.016906,-0.015464,-0.01358,-0.011263,-0.0085194,-0.0053596,-0.0017958,0.0021575,0.0064821,0.011155,0.016148,0.021423,0.026936,0.03263,0.038442,0.044296,0.050108,0.055788,0.06124,0.066365,0.071066,0.075249,0.078831,0.081737,0.083908,0.085302,0.085896,0.085691,0.084724
0.0066686,0.0070332,0.0069332,0.0063525,0.0053037,0.0038181,0.001944,-0.00025545,-0.0027047,-0.0053193,-0.0080095,-0.010684,-0.013253,-0.015633,-0.017746,-0.019528,-0.020923,-0.021888,-0.022392,-0.022415,-0.021946,-0.020982,-0.019525,-0.01758,-0.015156,-0.012262,-0.0089076,-0.0051044,-0.00086479,0.0037957,0.0088565,0.01429,0.020061,0.026123,0.032416,0.038869,0.045399,0.05191,0.058298,0.06445,0.070251,0.075585,0.080343,0.084424,0.087739,0.090218,0.091814,0.0925,0.092275,0.091188
0.0088413,0.0092935,0.0091838,0.0084909,0.0072291,0.0054356,0.0031684,0.00050404,-0.002466,-0.0056393,-0.0089074,-0.01216,-0.01529,-0.018196,-0.02079,-0.022995,-0.024749,-0.026005,-0.026732,-0.026912,-0.026536,-0.025607,-0.02413,-0.022117,-0.019578,-0.016525,-0.012966,-0.0089124,-0.0043718,0.0006438,0.0061184,0.012029,0.01834,0.025007,0.031968,0.039144,0.046443,0.053756,0.06096,0.067925,0.074513,0.08059,0.086022,0.090689,0.094486,0.097331,0.099165,0.09996,0.099716,0.09849
0.011553,0.01211,0.011989,0.011163,0.0096457,0.0074827,0.0047436,0.0015212,-0.0020732,-0.005915,-0.0098723,-0.013811,-0.017603,-0.021128,-0.02428,-0.026972,-0.029133,-0.030714,-0.031685,-0.03203,-0.031748,-0.030848,-0.029344,-0.027253,-0.02459,-0.021369,-0.017599,-0.013287,-0.0084356,-0.0030504,0.0028596,0.0092776,0.016175,0.023506,0.031209,0.039199,0.047372,0.055603,0.063751,0.071661,0.079172,0.086119,0.092345,0.097704,0.10207,0.10535,0.10747,0.10839,0.10813,0.10674
0.014912,0.015595,0.015462,0.014475,0.012652,0.010044,0.006737,0.0028431,-0.0015018,-0.0061454,-0.010927,-0.015683,-0.020257,-0.024507,-0.028308,-0.031557,-0.034177,-0.036116,-0.037346,-0.03786,-0.037666,-0.036783,-0.035237,-0.033054,-0.030256,-0.02686,-0.022874,-0.018301,-0.013137,-0.0073762,-0.0010168,0.0059347,0.013458,0.021513,0.030038,0.038941,0.048108,0.057395,0.066636,0.07565,0.084241,0.092214,0.099378,0.10556,0.1106,0.11439,0.11685,0.11793,0.11764,0.11607
0.019047,0.019882,0.019733,0.018554,0.016363,0.013219,0.0092266,0.0045222,-0.00072743,-0.0063355,-0.012104,-0.017835,-0.023337,-0.028438,-0.03299,-0.036875,-0.040007,-0.042334,-0.043833,-0.044508,-0.044383,-0.043494,-0.041882,-0.039586,-0.036639,-0.033062,-0.028862,-0.024036,-0.018567,-0.012437,-0.0056262,0.0018745,0.010058,0.018895,0.028324,0.038252,0.048548,0.05905,0.069562,0.079866,0.08973,0.098916,0.10719,0.11435,0.1202,0.1246,0.12746,0.12872,0.12842,0.12663
0.02411,0.025126,0.024961,0.023551,0.020915,0.017124,0.012302,0.0066162,0.00027251,-0.0064993,-0.013455,-0.020351,-0.026954,-0.033055,-0.038477,-0.043083,-0.046781,-0.049518,-0.051283,-0.052097,-0.052007,-0.051071,-0.049354,-0.046916,-0.043802,-0.040039,-0.035634,-0.030574,-0.024826,-0.018351,-0.011106,-0.0030564,0.005811,0.015481,0.025901,0.036973,0.048555,0.060456,0.072448,0.084269,0.095637,0.10626,0.11586,0.12418,0.13099,0.13613,0.13946,0.14096,0.14063,0.1386
0.030281,0.031515,0.03133,0.029643,0.026469,0.021893,0.016064,0.0091879,0.0015166,-0.0066644,-0.015053,-0.023346,-0.031259,-0.038534,-0.044962,-0.050383,-0.054696,-0.057854,-0.059863,-0.060771,-0.060654,-0.059609,-0.05773,-0.055105,-0.0518,-0.047849,-0.043259,-0.038002,-0.032025,-0.025256,-0.017619,-0.009046,0.00050891,0.011054,0.022549,0.034898,0.04794,0.061459,0.075181,0.088792,0.10195,0.11429,0.12548,0.13519,0.14315,0.14916,0.15307,0.15484,0.15449,0.15217
0.03777,0.039265,0.039057,0.037036,0.033213,0.027685,0.020631,0.012304,0.0030163,-0.0068774,-0.017001,-0.026977,-0.036451,-0.045109,-0.052698,-0.059032,-0.064002,-0.067572,-0.069775,-0.070695,-0.070457,-0.069203,-0.067077,-0.064203,-0.060673,-0.056537,-0.051796,-0.046405,-0.04028,-0.033307,-0.025361,-0.016325,-0.006108,0.0053351,0.017986,0.03175,0.046456,0.061848,0.077601,0.093332,0.10862,0.12302,0.13611,0.1475,0.15685,0.16391,0.16852,0.17061,0.17023,0.16757
0.046824,0.048633,0.048401,0.045979,0.041369,0.034681,0.026133,0.016034,0.0047709,-0.0072127,-0.019445,-0.031454,-0.042798,-0.053087,-0.062014,-0.069363,-0.075017,-0.07896,-0.081262,-0.082064,-0.081557,-0.07995,-0.07745,-0.074236,-0.070437,-0.06612,-0.061284,-0.055858,-0.049714,-0.042681,-0.034565,-0.025179,-0.014368,-0.0020331,0.01184,0.02717,0.043768,0.061336,0.079484,0.097739,0.11558,0.13246,0.14785,0.16127,0.1723,0.18063,0.18607,0.18855,0.18814,0.18508
0.057734,0.059921,0.059663,0.056758,0.051194,0.043095,0.032719,0.020447,0.0067607,-0.0077838,-0.022592,-0.037069,-0.050658,-0.062875,-0.073342,-0.081805,-0.088146,-0.092374,-0.09462,-0.095103,-0.094105,-0.091931,-0.088876,-0.085193,-0.081062,-0.076576,-0.071728,-0.066415,-0.060447,-0.053573,-0.045505,-0.035959,-0.024685,-0.011511,0.0036307,0.020679,0.039429,0.059535,0.080517,0.1018,0.12272,0.1426,0.16079,0.17666,0.18972,0.19959,0.20603,0.20898,0.20854,0.20501
0.070837,0.073479,0.073194,0.069712,0.062993,0.05317,0.040553,0.025608,0.0089375,-0.0087595,-0.02673,-0.044216,-0.060514,-0.075013,-0.087249,-0.096919,-0.10391,-0.10827,-0.11021,-0.11007,-0.10826,-0.10521,-0.10134,-0.097001,-0.092452,-0.087816,-0.083079,-0.078093,-0.072587,-0.066198,-0.058508,-0.049098,-0.037587,-0.023695,-0.0072758,0.011643,0.032843,0.055914,0.080273,0.10519,0.12985,0.1534,0.17499,0.19386,0.2094,0.22112,0.22877,0.23229,0.2318,0.22772
0.086522,0.089713,0.089406,0.085234,0.077114,0.065186,0.049815,0.031572,0.01121,-0.010386,-0.032256,-0.053433,-0.073013,-0.090225,-0.10449,-0.11544,-0.12297,-0.1272,-0.12847,-0.12726,-0.12416,-0.11979,-0.11474,-0.10949,-0.1044,-0.099646,-0.095197,-0.090847,-0.086214,-0.080783,-0.073959,-0.065132,-0.053744,-0.039355,-0.02171,-0.00078131,0.023204,0.04976,0.078162,0.1075,0.13672,0.16475,0.19051,0.21306,0.23161,0.2456,0.25471,0.25889,0.25835,0.25362
0.10524,0.10909,0.10877,0.10378,0.093963,0.079461,0.060697,0.038372,0.013426,-0.013018,-0.039727,-0.065455,-0.089035,-0.10948,-0.12605,-0.13832,-0.1462,-0.14991,-0.14994,-0.14701,-0.14195,-0.13563,-0.12887,-0.12235,-0.11656,-0.11172,-0.10781,-0.10453,-0.10135,-0.097555,-0.092303,-0.084724,-0.074007,-0.059495,-0.040769,-0.017716,0.0094342,0.040098,0.073372,0.10809,0.14293,0.17648,0.20739,0.23446,0.25671,0.27345,0.28432,0.2893,0.28869,0.28317
0.12749,0.13214,0.13182,0.12586,0.114,0.096351,0.073401,0.046004,0.015338,-0.017164,-0.049913,-0.081287,-0.10977,-0.13408,-0.15327,-0.16685,-0.17473,-0.17728,-0.17526,-0.16967,-0.1617,-0.15255,-0.14335,-0.13505,-0.12831,-0.12344,-0.12042,-0.11882,-0.11792,-0.11672,-0.11405,-0.10869,-0.099467,-0.085422,-0.065902,-0.040663,-0.0099265,0.025605,0.064789,0.10613,0.14791,0.18831,0.22561,0.25826,0.28505,0.30514,0.31813,0.32406,0.32334,0.3169
0.15384,0.15946,0.15918,0.15208,0.13775,0.11625,0.088121,0.054404,0.01657,-0.023547,-0.063883,-0.10231,-0.13684,-0.16579,-0.18795,-0.20269,-0.21001,-0.21049,-0.20522,-0.19563,-0.18338,-0.17016,-0.15751,-0.14673,-0.13871,-0.1339,-0.13223,-0.13317,-0.13569,-0.13843,-0.13978,-0.13802,-0.13151,-0.11884,-0.099034,-0.07164,-0.036856,0.004469,0.050875,0.10042,0.15085,0.19981,0.24506,0.28464,0.31703,0.34122,0.35676,0.36379,0.36293,0.35539
0.18492,0.19169,0.19151,0.18308,0.16578,0.13957,0.10503,0.063409,0.016548,-0.033198,-0.083133,-0.13045,-0.17249,-0.20702,-0.23248,-0.2481,-0.25397,-0.25099,-0.24074,-0.22525,-0.20683,-0.1878,-0.17029,-0.15605,-0.1463,-0.14164,-0.14199,-0.14661,-0.15414,-0.16272,-0.17011,-0.17395,-0.17191,-0.162,-0.14273,-0.11337,-0.074049,-0.025796,0.029502,0.089291,0.1506,0.21032,0.26554,0.31375,0.35306,0.38225,0.40087,0.40919,0.40811,0.39925
0.22137,0.22954,0.22953,0.21957,0.19872,0.16674,0.12425,0.072706,0.01442,-0.047582,-0.10976,-0.16835,-0.21978,-0.26107,-0.29015,-0.30607,-0.30912,-0.30064,-0.28291,-0.25882,-0.23156,-0.20433,-0.18,-0.16096,-0.14885,-0.14448,-0.14774,-0.15764,-0.17236,-0.18937,-0.20564,-0.2179,-0.22292,-0.21781,-0.20042,-0.16956,-0.1252,-0.068631,-0.0022921,0.070409,0.14549,0.21885,0.28664,0.34566,0.39353,0.42885,0.45117,0.46098,0.45959,0.44915
0.26388,0.27373,0.274,0.2623,0.23718,0.19815,0.14577,0.081743,0.0089208,-0.068795,-0.14671,-0.21974,-0.28303,-0.33251,-0.36543,-0.38065,-0.37874,-0.36175,-0.33298,-0.29647,-0.25666,-0.21789,-0.18407,-0.1584,-0.14306,-0.13914,-0.14651,-0.16386,-0.18875,-0.2178,-0.24692,-0.27161,-0.28737,-0.29014,-0.27673,-0.24524,-0.19543,-0.12883,-0.048665,0.040469,0.13318,0.22394,0.30768,0.38028,0.43881,0.48163,0.50839,0.51992,0.51809,0.50577
0.31311,0.32497,0.32568,0.31198,0.28177,0.2341,0.1694,0.0896,-0.001821,-0.099842,-0.19819,-0.28993,-0.3683,-0.42772,-0.46448,-0.47727,-0.46714,-0.43722,-0.39226,-0.33796,-0.28042,-0.22554,-0.17859,-0.14378,-0.12403,-0.12078,-0.13387,-0.16158,-0.2007,-0.24674,-0.2942,-0.33698,-0.36885,-0.38403,-0.37787,-0.34739,-0.29188,-0.21315,-0.1155,-0.0052249,0.11026,0.22342,0.32752,0.41727,0.48908,0.54112,0.57323,0.58674,0.5843,0.56974
0.36962,0.38389,0.38525,0.36927,0.33292,0.27465,0.19459,0.094795,-0.020567,-0.14506,-0.27026,-0.3865,-0.48427,-0.55571,-0.59588,-0.6033,-0.57993,-0.53055,-0.46203,-0.38239,-0.29997,-0.22273,-0.15768,-0.11036,-0.084619,-0.082308,-0.10325,-0.14522,-0.20405,-0.27382,-0.34724,-0.41606,-0.47172,-0.50607,-0.51225,-0.48562,-0.4246,-0.33124,-0.21127,-0.07343,0.071847,0.21413,0.34439,0.45586,0.54427,0.60769,0.64629,0.66213,0.65885,0.64162
0.43388,0.45103,0.45327,0.4346,0.3908,0.31946,0.2202,0.094976,-0.051397,-0.21079,-0.37175,-0.52058,-0.64353,-0.72941,-0.7716,-0.76873,-0.72436,-0.64588,-0.54323,-0.42765,-0.3105,-0.20243,-0.11261,-0.048299,-0.014418,-0.013385,-0.044988,-0.10639,-0.19224,-0.29488,-0.40472,-0.51075,-0.60126,-0.66479,-0.69128,-0.6734,-0.60799,-0.49707,-0.34828,-0.17399,0.010807,0.19135,0.35544,0.49456,0.60381,0.68135,0.72795,0.74658,0.74225,0.72182
0.5061,0.52675,0.53006,0.50804,0.45498,0.3674,0.24408,0.086474,-0.10034,-0.30632,-0.51579,-0.70876,-0.86476,-0.96759,-1.0085,-0.98708,-0.90965,-0.78776,-0.63587,-0.46959,-0.30428,-0.15396,-0.030527,0.056741,0.10158,0.10092,0.055016,-0.032596,-0.15516,-0.30291,-0.46344,-0.62224,-0.76348,-0.8711,-0.93037,-0.92972,-0.86295,-0.73136,-0.54493,-0.32151,-0.08332,0.14816,0.35633,0.53071,0.66617,0.76144,0.81814,0.8404,0.83482,0.81053
0.5863,0.61119,0.6156,0.58899,0.52402,0.41603,0.26256,0.06366,-0.17629,-0.44551,-0.72236,-0.97654,-1.1764,-1.298,-1.3307,-1.2765,-1.1471,-0.96067,-0.73797,-0.50058,-0.26893,-0.061202,0.10746,0.22542,0.28488,0.28204,0.21717,0.094603,-0.077318,-0.2864,-0.51689,-0.74999,-0.9646,-1.1385,-1.2503,-1.2815,-1.2203,-1.0655,-0.82937,-0.53813,-0.22607,0.074376,0.34038,0.55979,0.72831,0.84614,0.9161,0.94347,0.93668,0.9077
0.67431,0.70432,0.70942,0.67587,0.59484,0.46083,0.26963,0.018166,-0.29221,-0.64927,-1.0228,-1.3646,-1.6228,-1.7625,-1.7723,-1.6609,-1.45,-1.1676,-0.84365,-0.50725,-0.18504,0.09991,0.32878,0.48733,0.56611,0.56051,0.47081,0.30218,0.064668,-0.22688,-0.55297,-0.88979,-1.2098,-1.483,-1.6783,-1.7668,-1.7263,-1.5485,-1.2463,-0.85852,-0.44078,-0.044843,0.29771,0.57455,0.78477,0.93176,1.0199,1.0553,1.0478,1.0132
0.77014,0.80614,0.81059,0.76565,0.66202,0.49449,0.25645,-0.06154,-0.46642,-0.94946,-1.4686,-1.9408,-2.2764,-2.4249,-2.3812,-2.1705,-1.8317,-1.4076,-0.93991,-0.46697,-0.022523,0.36505,0.67304,0.88456,0.9885,0.97945,0.85772,0.62926,0.30576,-0.095255,-0.55039,-1.0304,-1.5007,-1.9214,-2.2492,-2.4395,-2.4516,-2.2598,-1.8704,-1.3391,-0.76284,-0.23031,0.21477,0.56442,0.82684,1.012,1.1263,1.1748,1.1681,1.127
0.87426,0.91685,0.91811,0.85393,0.71754,0.50711,0.2126,-0.18831,-0.72226,-1.3948,-2.1483,-2.826,-3.2587,-3.3831,-3.2231,-2.8403,-2.3019,-1.6704,-1.0012,-0.34255,0.26457,0.78649,1.1969,1.4764,1.6126,1.5993,1.4369,1.132,0.69755,0.15349,-0.47324,-1.1482,-1.8294,-2.467,-3.0034,-3.3729,-3.5042,-3.3325,-2.8334,-2.0768,-1.2458,-0.50827,0.0765,0.51694,0.84283,1.0777,1.2304,1.3012,1.2977,1.2495
0.9867,1.0372,1.0324,0.93596,0.7522,0.4896,0.1327,-0.36664,-1.0806,-2.0583,-3.2247,-4.2491,-4.7801,-4.7839,-4.3798,-3.702,-2.8572,-1.9278,-0.98119,-0.07434,0.7454,1.44,1.9804,2.3456,2.5223,2.504,2.2909,1.8901,1.3153,0.58777,-0.26288,-1.1982,-2.1701,-3.1203,-3.9787,-4.6585,-5.0456,-4.9964,-4.3839,-3.2475,-1.9683,-0.90121,-0.12237,0.42534,0.82187,1.1183,1.3274,1.4354,1.4368,1.3796
1.1016,1.168,1.1601,1.0099,0.75962,0.44196,0.032706,-0.56388,-1.5257,-3.0384,-5.0067,-6.6702,-7.2005,-6.8267,-5.9298,-4.7634,-3.4643,-2.1196,-0.80076,0.43033,1.522,2.4338,3.1356,3.6064,3.8328,3.8085,3.5337,3.0152,2.2666,1.3091,0.17291,-1.1018,-2.4634,-3.8497,-5.1877,-6.3851,-7.2941,-7.6409,-7.0164,-5.1796,-3.033,-1.3884,-0.34463,0.30704,0.76308,1.1262,1.4163,1.5863,1.5843,1.5068
1.1952,1.3093,1.3307,1.0852,0.7428,0.38288,-0.030977,-0.65634,-1.8888,-4.3821,-7.9783,-10.986,-11.042,-9.691,-7.8792,-5.9631,-4.0315,-2.1336,-0.33108,1.3124,2.7432,3.9212,4.818,5.4147,5.7,5.6686,5.3209,4.6624,3.7046,2.4663,0.97541,-0.72908,-2.5952,-4.5613,-6.567,-8.5611,-10.443,-11.821,-11.68,-8.3629,-4.4724,-1.7767,-0.45176,0.22446,0.68625,1.1038,1.5095,1.7926,1.7353,1.5954
1.3716,1.6037,1.8106,1.3467,0.86562,0.49043,0.1601,-0.27281,-1.4262,-5.1127,-11.551,-18.335,-16.418,-13.134,-9.9726,-7.114,-4.3952,-1.7931,0.62295,2.778,4.6188,6.1118,7.2365,7.98,8.334,8.2944,7.8616,7.0402,5.8386,4.2694,2.352,0.11782,-2.3832,-5.081,-7.912,-10.904,-14.215,-17.633,-19.547,-12.027,-5.1574,-1.2443,-0.032819,0.42264,0.79272,1.237,1.8234,2.3782,2.0347,1.7568
14.184,15.282,16.152,14.987,14.286,13.926,13.712,13.756,13.893,12.347,2.9244,-27.985,-20.716,-15.319,-11.199,-7.7607,-4.2797,-0.83234,2.3489,5.127,7.45,9.3026,10.68,11.58,12.005,11.956,11.434,10.437,8.9648,7.0192,4.6036,1.7309,-1.5497,-5.1051,-8.7087,-12.294,-16.599,-22.224,-29.802,4.7586,14.656,16.184,15.976,15.906,16.15,16.585,17.469,18.936,17.455,16.487
1085.9,1140.9,1122.5,1123,1123.3,1123.4,1123.2,1122.5,1118.9,1105.6,900.47,62.802,-15.996,-15.056,-11.004,-7.8165,-3.4793,1.1257,5.2819,8.7831,11.629,13.859,15.505,16.58,17.089,17.029,16.4,15.206,13.447,11.107,8.1551,4.5516,0.29966,-4.3904,-8.8052,-12.095,-16.321,-17.024,72.252,1020.2,1266.9,1281.7,1285.7,1286.5,1286.7,1286.5,1286.1,1285.3,1296.7,1251
1133.4,1143,1136.9,1136.7,1136.7,1136.7,1136.4,1135.6,1133.7,1130.8,1153.2,985.87,256.38,-6.4366,-10.292,-8.9838,-2.3835,4.5161,10.078,14.392,17.76,20.351,22.23,23.434,23.992,23.917,23.212,21.866,19.852,17.134,13.65,9.2369,3.6039,-3.3231,-9.908,-11.22,-6.9265,280.3,1105.3,1317.6,1295.7,1298.8,1300.8,1301.6,1301.9,1301.9,1301.8,1301.9,1297.3,1310.3
1126.6,1146.1,1136.9,1136.9,1136.9,1136.9,1136.8,1136.6,1136.4,1137,1141.9,1144.4,1146.2,406.65,4.781,-13.918,-0.92021,10.381,17.701,22.707,26.424,29.264,31.367,32.763,33.429,33.337,32.489,30.921,28.657,25.675,21.837,16.743,9.3814,-1.896,-14.756,4.9913,441.65,1283.7,1308.8,1307.4,1302.2,1301.6,1301.9,1302.1,1302.2,1302.2,1302.1,1302,1300.7,1302.7
1126.7,1146.5,1137,1137.1,1137.2,1137.2,1137.3,1137.4,1137.7,1138.7,1141.4,1144.7,1147.5,1147.8,756.54,-4.0739,4.9889,21.844,29.722,34.788,38.712,41.701,43.803,45.153,45.801,45.685,44.812,43.249,40.956,37.807,33.763,28.619,20.697,3.8456,-3.9738,798.16,1291.8,1312.7,1310.2,1306.9,1304.1,1303,1302.7,1302.6,1302.5,1302.5,1302.4,1302.2,1301,1302.9
1127.1,1146.5,1137.3,1137.4,1137.6,1137.7,1137.9,1138.1,1138.3,1139,1140.6,1143.1,1147.3,1156.9,1271.4,506.57,26.914,40.91,45.91,50.607,54.606,57.68,60.066,61.828,62.742,62.593,61.389,59.361,56.748,53.499,49.389,44.651,39.654,26.107,541.27,1414.4,1321.5,1312.8,1308.6,1306,1304.4,1303.7,1303.4,1303.2,1303,1302.9,1302.8,1302.5,1301.1,1303.4
1128.8,1145.8,1137.9,1138.1,1138.3,1138.5,1138.6,1138.8,1138.9,1139.2,1139.9,1141.3,1143.7,1148,1160.2,1509.1,476.57,71.168,57.645,69.466,76.67,79.632,81.326,83.002,84.14,83.943,82.425,80.405,78.426,75.264,67.971,56.169,70.266,500.99,1648,1325.3,1313.5,1309.2,1306.7,1305.3,1304.6,1304.3,1304.1,1303.9,1303.7,1303.5,1303.4,1303.1,1300.5,1305
1132,1144.1,1138.7,1138.9,1139.2,1139.5,1139.8,1140,1140.3,1140.5,1140.8,1141.4,1142.1,1141.1,1131.1,1091.4,1317.7,472.22,47.529,89.818,102.26,105.01,108.16,111.93,114.23,113.96,111.13,106.91,103.4,100.44,87.915,45.697,481.26,1436,1256,1296.7,1306.6,1307.5,1306.8,1306.1,1305.7,1305.5,1305.2,1305,1304.7,1304.4,1304.2,1303.8,1299,1307.9
1136.9,1141.5,1139.7,1140.1,1140.5,1140.9,1141.4,1142,1142.6,1143.2,1144,1144.8,1145.9,1147.4,1150.5,1163.5,1224.8,908.13,121.2,165.12,148.52,137.75,139.96,147.22,152.31,151.92,146.08,138.19,135.5,145.98,162.65,121.03,991.06,1387.7,1328.8,1316,1312.8,1311.2,1310,1309.1,1308.3,1307.7,1307,1306.5,1306,1305.6,1305.2,1304.8,1296.7,1312.3
1143.4,1137.9,1141,1141.5,1141.9,1142.6,1143.5,1144.6,1145.8,1147.2,1148.7,1150.1,1151.3,1152.8,1157.5,1176.6,1262.7,1928.4,930.57,240.54,150.04,152.77,177.67,198.78,209.27,208.69,197.08,175.02,149.46,146.36,236.77,957.15,2081.8,1428.5,1342.2,1322.9,1318,1316.4,1315.1,1313.6,1312.1,1310.7,1309.4,1308.4,1307.6,1306.9,1306.5,1306,1293.4,1318.2
1151.2,1133.4,1142.5,1142.9,1143.6,1144.5,1145.8,1147.4,1149.5,1151.9,1154.6,1157,1158.5,1157.7,1151.2,1128.4,1053.3,851.78,847.79,-20.957,81.56,156.53,223.5,268.14,288.62,287.73,265.53,219.44,151.57,76.705,-21.916,954.79,1017,1219.1,1293.9,1316.4,1322.7,1323.3,1321.7,1319.2,1316.6,1314.2,1312.1,1310.5,1309.3,1308.4,1307.8,1307.3,1289.4,1325.2
1159.8,1128.3,1143.9,1144.4,1145.1,1146.2,1147.9,1150.2,1153,1156.5,1160.4,1164.6,1168.4,1170.4,1167.8,1153.8,1112.6,1008.4,599.18,818.69,-74.787,141.6,312,387.71,414.04,412.67,383.63,305.4,133.15,-83.655,835.65,757.48,1174.2,1278.1,1319,1332.8,1335.1,1332.9,1329,1324.8,1320.9,1317.4,1314.6,1312.5,1310.9,1309.8,1309.2,1308.6,1284.9,1332.9
1168.3,1123.1,1145.2,1145.8,1146.5,1147.7,1149.6,1152.3,1155.7,1159.9,1164.9,1170.5,1176.7,1182.9,1188.1,1189.7,1181.9,1156.5,1095.6,-470.24,-373.64,288.19,508.52,576.73,595.09,593.06,570.52,498.14,274.75,-386.96,-415.65,1258.3,1321.7,1347.2,1354.7,1352.8,1347.4,1341,1334.7,1329,1324.1,1319.9,1316.6,1314,1312.2,1311,1310.3,1309.8,1280.3,1340.5
1176.2,1118.1,1146.4,1146.9,1147.5,1148.7,1150.7,1153.5,1157.1,1161.5,1166.9,1173.1,1180.3,1188.4,1197.3,1205.5,1206.9,1191.3,1149,618.3,1093,957.75,903.65,862.28,838.93,836.15,853.42,887.78,936.83,1080,760.55,1313.7,1356.3,1371.9,1370.3,1361.8,1352.6,1344.3,1337.1,1330.9,1325.5,1321.1,1317.6,1314.9,1313.1,1311.9,1311.3,1310.8,1275.9,1347.4
1182.8,1113.8,1147.2,1147.7,1148.2,1149.3,1151.2,1153.8,1157.2,1161.5,1166.5,1172.4,1179,1186.8,1196.2,1208.6,1227.8,1264.1,1342.2,1146.7,1354.3,1455.1,1305,1171.4,1105.4,1102.2,1160.3,1281.4,1412.1,1303.4,1205.6,1507,1429.6,1392.7,1373.1,1360.4,1350.8,1342.9,1336.2,1330.4,1325.3,1321.2,1317.8,1315.3,1313.5,1312.4,1312,1311.5,1272.1,1353.1
1187.8,1110.2,1147.8,1148.2,1148.5,1149.5,1151.1,1153.4,1156.4,1160.1,1164.5,1169.3,1174.7,1180.6,1187.3,1195.9,1209.2,1237.8,1318.2,1067.4,2248.4,2021.4,1665.7,1444.7,1346.5,1344.3,1436.3,1643.4,1968.4,2247,1185.3,1485.9,1404.7,1374.5,1360.4,1351.4,1344.5,1338.4,1333,1328.2,1323.9,1320.2,1317.3,1315.1,1313.6,1312.7,1312.4,1312,1269.2,1357.3
1191.2,1107.7,1148.1,1148.4,1148.6,1149.3,1150.6,1152.5,1155,1158,1161.5,1165.3,1169.3,1173.2,1177,1180.3,1183.3,1186.5,1185.8,580.51,2059,2001.2,1774.4,1599.1,1513.7,1514.6,1601.9,1778.9,2005.2,2138,707.05,1363.9,1355.5,1348.9,1344.7,1340.9,1337,1332.9,1329,1325.2,1321.7,1318.8,1316.4,1314.6,1313.3,1312.7,1312.5,1312.2,1267.2,1359.9
1193,1106.1,1148.2,1148.5,1148.5,1149,1150,1151.4,1153.4,1155.7,1158.4,1161.3,1164.2,1166.8,1168.7,1169.1,1167,1161.5,1142.6,344.71,1647.4,1742.5,1721.7,1648.3,1601.3,1605.6,1663.3,1754.7,1808.9,1760.9,501.19,1311,1327.3,1331.5,1333,1332.4,1330.5,1327.8,1324.9,1322.1,1319.4,1317.1,1315.2,1313.9,1313,1312.5,1312.5,1312.2,1266.1,1361.1
1193.4,1105.5,1148.2,1148.4,1148.3,1148.6,1149.3,1150.3,1151.8,1153.5,1155.6,1157.9,1160.1,1162.1,1163.4,1162.9,1159.5,1151.4,1127.9,276.35,1527.6,1628.1,1670.3,1655.4,1637.3,1643,1673.9,1705.8,1683.6,1598,435.02,1290.9,1315.1,1323.1,1326.5,1326.9,1325.7,1323.7,1321.4,1319.2,1317.2,1315.5,1314.1,1313.1,1312.5,1312.3,1312.3,1312,1265.9,1360.9
1192.7,1105.7,1148,1148.2,1148.1,1148.2,1148.6,1149.3,1150.3,1151.6,1153.2,1155,1156.9,1158.8,1160.4,1160.7,1158.1,1150.2,1125.5,280.73,1549.7,1621.8,1656.7,1655.1,1647.5,1652.8,1671.2,1684,1657.1,1587.5,424.48,1287.5,1313.3,1321.5,1324.2,1323.9,1322.3,1320.4,1318.6,1316.8,1315.3,1314.1,1313.1,1312.4,1312.1,1311.9,1312.1,1311.8,1266.5,1359.7
1191.1,1106.6,1147.7,1147.9,1147.8,1147.8,1148,1148.4,1149.1,1150,1151.2,1152.5,1154.2,1156.3,1158.6,1160.8,1161.2,1156.3,1131.3,296.03,1617.1,1662.2,1666.8,1653.3,1643.3,1647.4,1665.3,1685.3,1683.3,1638.5,432.4,1293.5,1319.4,1324.6,1324.3,1322.2,1319.9,1317.8,1316.2,1314.8,1313.7,1312.9,1312.2,1311.8,1311.6,1311.6,1311.7,1311.5,1267.7,1357.7
1188.8,1108,1147.3,1147.6,1147.4,1147.4,1147.5,1147.7,1148.1,1148.7,1149.5,1150.4,1151.8,1153.8,1156.8,1161.3,1167,1171.3,1158.3,414.31,1719.6,1721.3,1677.7,1641.3,1623.8,1626.7,1649.6,1689.7,1733.8,1731.7,537.59,1320.9,1334.7,1330.6,1324.9,1320.4,1317.4,1315.5,1314.1,1313.2,1312.4,1311.9,1311.5,1311.3,1311.2,1311.2,1311.4,1311.1,1269.3,1355.1
1186.1,1109.7,1147,1147.2,1147.1,1147,1147,1147.1,1147.3,1147.6,1148,1148.6,1149.4,1150.8,1153.5,1159.2,1170.9,1191.7,1202.7,447.98,1824.7,1725.9,1648.2,1602.3,1583,1585.1,1608.1,1656.2,1733.7,1832.2,556.04,1365.6,1355.5,1334.6,1322.9,1317.2,1314.5,1313.1,1312.3,1311.8,1311.4,1311.1,1310.9,1310.8,1310.8,1310.9,1311,1310.7,1271.3,1352.1
1183.2,1111.7,1146.6,1146.9,1146.8,1146.7,1146.6,1146.7,1146.7,1146.8,1146.9,1147,1147.1,1147.4,1148.2,1151.3,1162.9,1206.9,1365.8,730.33,1616,1584.9,1552.2,1530.4,1520.9,1522.4,1534.7,1558,1590.8,1622,820.98,1529.4,1371,1326.8,1315.1,1311.9,1311.1,1310.8,1310.7,1310.6,1310.5,1310.5,1310.4,1310.4,1310.5,1310.5,1310.7,1310.3,1273.4,1348.9
1180.1,1113.8,1146.3,1146.6,1146.5,1146.4,1146.3,1146.3,1146.2,1146.2,1146.1,1145.8,1145.4,1144.4,1142.4,1138,1127.3,1093.4,949.62,469.02,1375.4,1415,1436.2,1445.5,1449,1450.3,1449.1,1441.3,1420.7,1381.5,539.73,1113.5,1257.5,1291.1,1301.7,1306.1,1308.1,1309.1,1309.6,1309.8,1309.9,1310,1310,1310.1,1310.1,1310.2,1310.3,1310,1275.7,1345.7
1177.1,1116,1146,1146.3,1146.2,1146.1,1146,1145.9,1145.9,1145.7,1145.5,1145.2,1144.6,1143.3,1140.7,1135.3,1124.3,1104.2,1078.3,293.79,1254.7,1313,1348.7,1371.1,1381.7,1382.8,1374.4,1353.6,1319.1,1261.6,341.04,1240.8,1267.6,1287.8,1298.9,1304.4,1307,1308.3,1308.9,1309.3,1309.5,1309.6,1309.7,1309.8,1309.8,1309.9,1310,1309.6,1278,1342.6
1174.2,1118.2,1145.6,1145.9,1145.9,1145.8,1145.8,1145.7,1145.6,1145.4,1145.2,1144.9,1144.5,1143.7,1142.2,1139.1,1131.4,1107.8,970.01,685.07,1258.9,1270,1293.3,1314.8,1326.5,1327.5,1317.7,1298,1276.3,1266.8,711.54,1128.4,1270.3,1294.7,1302.7,1305.9,1307.4,1308.2,1308.7,1309,1309.2,1309.3,1309.4,1309.5,1309.6,1309.6,1309.6,1309.3,1280.2,1339.5
1171.4,1120.3,1145.4,1145.7,1145.6,1145.6,1145.5,1145.4,1145.3,1145.2,1145,1144.8,1144.6,1144.5,1144.8,1146.1,1150.1,1156.1,633.88,952.91,1182.6,1224.5,1253.7,1273.9,1284.3,1285.1,1276.3,1257.6,1229.5,1188.5,963.55,779.47,1319.1,1313.7,1309.8,1308.5,1308.2,1308.3,1308.6,1308.8,1308.9,1309.1,1309.2,1309.2,1309.3,1309.3,1309.3,1309,1282.3,1336.7
1168.8,1122.2,1145.1,1145.4,1145.4,1145.4,1145.3,1145.2,1145.1,1145,1144.9,1144.7,1144.6,1144.8,1145.8,1148.9,1157,1163,428.83,1180.1,1215.4,1225.9,1237,1247.3,1253.6,1254.3,1249.3,1239.9,1228.9,1217.9,1182.6,548.39,1327,1321,1312.7,1309.5,1308.5,1308.3,1308.4,1308.6,1308.7,1308.8,1308.9,1309,1309,1309.1,1309.1,1308.8,1284.3,1334
1166.5,1124,1144.9,1145.2,1145.2,1145.2,1145.1,1145,1145,1144.8,1144.7,1144.5,1144.3,1144.2,1144.4,1146.1,1155.3,1196,638,1270.2,1244.2,1229.5,1225.6,1227.4,1230,1230.5,1229.1,1227.9,1231.8,1245.8,1271.4,723.1,1360.2,1319.3,1309.9,1308.1,1307.9,1308,1308.2,1308.4,1308.5,1308.6,1308.7,1308.8,1308.8,1308.8,1308.8,1308.5,1286.2,1331.6
1164.3,1125.7,1144.7,1145,1145,1145,1144.9,1144.9,1144.8,1144.7,1144.5,1144.3,1143.9,1143.3,1141.7,1136.4,1116.5,1032.9,531.38,1214.3,1217,1210.8,1207.8,1208.2,1209.5,1210,1209.7,1210,1213.4,1219.6,1217,577.97,1194.5,1279.8,1300,1305.4,1307,1307.6,1308,1308.2,1308.3,1308.4,1308.5,1308.6,1308.6,1308.6,1308.6,1308.3,1287.8,1329.4
1162.4,1127.2,1144.5,1144.8,1144.8,1144.8,1144.8,1144.7,1144.6,1144.5,1144.4,1144.2,1143.9,1143.4,1142.8,1141.7,1138.2,939.44,818.65,1180,1183.2,1185.3,1187.2,1189.3,1190.9,1191.4,1190.7,1189.4,1188.1,1186.7,1184.4,837.51,1092.7,1300.9,1305.2,1306.4,1307.1,1307.5,1307.8,1308,1308.2,1308.3,1308.3,1308.4,1308.4,1308.4,1308.4,1308.1,1289.4,1327.4
1160.7,1128.5,1144.4,1144.6,1144.6,1144.6,1144.6,1144.6,1144.5,1144.4,1144.3,1144.1,1143.9,1143.7,1143.9,1146,1149.2,695.9,1061.9,1134.9,1154.1,1163.8,1169.3,1172.7,1174.6,1175.1,1174,1171.3,1166.3,1156.9,1137.8,1067.3,824.08,1313.2,1309.9,1307.6,1307.3,1307.5,1307.7,1307.9,1308,1308.1,1308.2,1308.2,1308.2,1308.2,1308.2,1307.9,1290.7,1325.6
1159.1,1129.8,1144.2,1144.4,1144.4,1144.5,1144.4,1144.4,1144.4,1144.3,1144.2,1144,1143.8,1143.4,1142.9,1142.5,1139.6,584.48,1145.2,1151.3,1152.1,1154.2,1156.8,1159.3,1161,1161.3,1160.4,1158.5,1156.2,1154,1152.7,1146.5,666.47,1303.3,1306.3,1306.6,1307.1,1307.4,1307.6,1307.8,1307.9,1308,1308,1308,1308,1308,1308,1307.7,1291.9,1324.1
1157.7,1130.8,1144.1,1144.3,1144.3,1144.3,1144.3,1144.3,1144.2,1144.2,1144.1,1144,1143.8,1143.3,1141.9,1135.3,1091.3,783.11,1158,1151.6,1147.4,1146.1,1146.8,1148.3,1149.5,1149.8,1149.3,1148.2,1147.8,1149.2,1153.2,1159.5,818.41,1250.6,1298.3,1305.3,1306.9,1307.4,1307.6,1307.7,1307.8,1307.8,1307.8,1307.9,1307.8,1307.8,1307.8,1307.6,1293,1322.6
1156.5,1131.8,1144,1144.1,1144.2,1144.2,1144.2,1144.2,1144.1,1144.1,1144,1144,1143.9,1144.1,1145.2,1147.6,858.38,1000.6,1132.9,1134.5,1135.6,1136.4,1137.5,1138.8,1139.8,1140.1,1139.6,1138.7,1137.9,1137.3,1136.4,1135.3,1010,999.98,1311.1,1308.9,1307.7,1307.5,1307.5,1307.6,1307.6,1307.7,1307.7,1307.7,1307.7,1307.7,1307.6,1307.4,1294,1321.3
1155.4,1132.7,1143.9,1144,1144,1144,1144.1,1144.1,1144,1144,1144,1143.9,1143.9,1143.8,1143.1,1134.8,661.74,1072.5,1113.4,1122.8,1126.3,1128.2,1129.6,1130.8,1131.7,1131.9,1131.5,1130.6,1129.4,1127.6,1123.9,1114.5,1074.5,757.07,1298.6,1306.9,1307.4,1307.5,1307.5,1307.5,1307.5,1307.5,1307.5,1307.5,1307.5,1307.5,1307.5,1307.3,1294.9,1320.1
1154.3,1133.5,1143.7,1143.9,1143.9,1143.9,1143.9,1143.9,1143.9,1143.9,1143.9,1143.9,1143.9,1144.1,1143,1101.3,855.01,1130.1,1123.9,1122.4,1122.2,1122.6,1123.4,1124.3,1125,1125.1,1124.8,1124.1,1123.4,1123,1123.1,1124.3,1130.2,890.63,1260.1,1306.1,1307.5,1307.4,1307.4,1307.4,1307.4,1307.4,1307.4,1307.4,1307.4,1307.3,1307.3,1307.2,1295.8,1319
1153.3,1134.3,1143.6,1143.7,1143.8,1143.8,1143.8,1143.8,1143.9,1143.8,1143.8,1143.7,1143.8,1144.7,1147,912.42,1043.4,1119,1117.7,1117.7,1117.7,1117.9,1118.4,1119,1119.4,1119.5,1119.2,1118.8,1118.4,1118.2,1118.1,1118.1,1119.7,1050.7,1050.3,1310.6,1308.3,1307.3,1307.2,1307.3,1307.3,1307.3,1307.3,1307.2,1307.2,1307.2,1307.1,1307,1296.6,1317.9
1152.3,1135.1,1143.5,1143.6,1143.6,1143.7,1143.7,1143.7,1143.8,1143.8,1143.7,1143.4,1142.7,1140.7,1129.4,746.22,1080.8,1106.5,1111.5,1113.1,1113.7,1114,1114.2,1114.6,1114.8,1114.8,1114.6,1114.3,1114.1,1113.7,1113,1111.3,1106.3,1081,825.73,1292.1,1304.2,1306.2,1306.9,1307.2,1307.2,1307.2,1307.1,1307.1,1307,1307,1307,1306.8,1297.3,1316.7
1151.2,1135.8,1143.4,1143.4,1143.5,1143.5,1143.6,1143.6,1143.7,1143.8,1143.9,1143.7,1143,1141.4,1088.6,943.97,1113,1111.2,1111,1111.1,1111,1110.9,1110.9,1111,1111,1111,1110.9,1110.7,1110.7,1110.7,1110.6,1110.5,1110.5,1112.3,966.14,1243.5,1304.5,1306.4,1307.1,1307.2,1307.2,1307.1,1307,1306.9,1306.8,1306.8,1306.8,1306.7,1298.1,1315.6
1150,1136.7,1143.2,1143.3,1143.3,1143.3,1143.4,1143.5,1143.7,1143.9,1144.2,1144.3,1143.2,1132.7,880.52,1072.4,1106.1,1108.7,1109.3,1109.2,1108.9,1108.5,1108.2,1108,1107.9,1107.8,1107.7,1107.7,1107.9,1108.2,1108.5,1108.5,1107.8,1105.6,1075.3,995.04,1296.5,1306.7,1307.7,1307.6,1307.3,1307,1306.8,1306.7,1306.6,1306.6,1306.6,1306.5,1299,1314.2
1148.7,1137.5,1143,1143.1,1143.1,1143.2,1143.2,1143.4,1143.6,1144,1144.7,1146.4,1150,1133.7,920.17,1102.9,1106.4,1107.3,1107.6,1107.4,1106.9,1106.3,1105.9,1105.5,1105.3,1105.1,1105.1,1105.1,1105.4,1105.8,1106.2,1106.3,1105.9,1104.8,1100.8,961.94,1292,1312.8,1309.6,1308,1307.3,1306.9,1306.6,1306.5,1306.4,1306.3,1306.3,1306.2,1299.9,1312.8
1147.3,1138.4,1142.8,1142.9,1142.9,1142.9,1143,1143.1,1143.3,1143.6,1144.3,1145.9,1148.8,992.71,1090,1109.6,1105.5,1105.1,1105.3,1105.3,1104.9,1104.4,1103.8,1103.4,1103,1102.8,1102.8,1102.9,1103.1,1103.4,1103.7,1103.6,1103.3,1103.8,1108.1,1095,1123.1,1312.2,1309.2,1307.6,1306.9,1306.5,1306.3,1306.2,1306.1,1306.1,1306.1,1306,1300.8,1311.3
1145.9,1139.3,1142.6,1142.7,1142.7,1142.7,1142.7,1142.8,1142.8,1142.9,1143,1141.8,1121.3,928.64,1083.5,1098.5,1101,1102,1102.7,1103,1102.9,1102.5,1102,1101.5,1101.1,1100.9,1100.8,1100.8,1101,1101.1,1101.1,1100.7,1099.9,1098.8,1096.1,1081.1,987.01,1281.5,1304.8,1306.2,1306.1,1306,1305.9,1305.9,1305.9,1305.8,1305.8,1305.7,1301.7,1309.8
1144.6,1140.1,1142.4,1142.5,1142.5,1142.5,1142.4,1142.4,1142.3,1142.2,1142.6,1144.8,1037.3,1071.3,1096.7,1098.1,1099.3,1100.2,1100.9,1101.3,1101.3,1101,1100.5,1100,1099.5,1099.2,1099.1,1099.1,1099.2,1099.2,1099,1098.5,1097.8,1096.9,1095.5,1094.3,1078.7,1174.9,1308.2,1305.9,1305.4,1305.4,1305.5,1305.5,1305.6,1305.6,1305.6,1305.5,1302.5,1308.4
1143.6,1140.7,1142.2,1142.3,1142.3,1142.3,1142.2,1142,1141.7,1141,1139,1129.9,989.85,1089.1,1095.6,1097.5,1098.6,1099.3,1099.8,1100.1,1100.1,1099.8,1099.3,1098.7,1098.2,1097.8,1097.7,1097.7,1097.8,1097.8,1097.6,1097.2,1096.7,1095.9,1094.8,1092.8,1086.7,1055.5,1290.1,1301.9,1304,1304.7,1305,1305.2,1305.3,1305.4,1305.3,1305.3,1303,1307.3
1142.9,1141.1,1142.1,1142.2,1142.2,1142.1,1142,1141.8,1141.5,1140.9,1138.6,1068.6,1068.8,1096.6,1097,1097.9,1098.5,1099,1099.3,1099.4,1099.3,1098.9,1098.3,1097.7,1097.1,1096.7,1096.6,1096.6,1096.7,1096.8,1096.7,1096.5,1096.1,1095.6,1094.9,1094.1,1094,1077.3,1204.7,1301.7,1303.9,1304.4,1304.8,1305,1305.1,1305.2,1305.2,1305.1,1303.4,1306.6
1142.8,1141.2,1142,1142.1,1142.1,1142,1141.9,1141.7,1141.5,1141.6,1137.3,1051.3,1093.7,1097.1,1097.8,1098.2,1098.6,1098.9,1099,1099,1098.7,1098.3,1097.6,1096.9,1096.2,1095.8,1095.7,1095.8,1095.9,1096,1096.1,1096,1095.8,1095.5,1095.1,1094.6,1094,1091.1,1112.9,1296.7,1304.3,1304.4,1304.6,1304.8,1305,1305.1,1305.1,1305,1303.4,1306.5
1143.6,1140.9,1142,1142.1,1142.1,1142,1141.8,1141.6,1141.2,1140.6,1100.9,1095.4,1100.4,1098.9,1098.6,1098.6,1098.7,1098.8,1098.9,1098.7,1098.4,1097.8,1097.1,1096.3,1095.6,1095.1,1095,1095.1,1095.3,1095.5,1095.7,1095.7,1095.6,1095.4,1095.3,1095.3,1095.6,1097.5,1100.5,1227.3,1303.7,1304,1304.4,1304.7,1304.9,1305,1305,1305,1302.6,1308.3
1135.6,1142.8,1141.3,1141.5,1141.6,1141.5,1141.3,1141,1140.1,1137.6,1105.6,1099.3,1099.7,1099.3,1099,1098.8,1098.8,1098.8,1098.7,1098.5,1098.1,1097.5,1096.7,1095.8,1095.1,1094.6,1094.5,1094.6,1094.9,1095.2,1095.3,1095.4,1095.3,1095.3,1095.3,1095.5,1095.8,1096,1095.7,1164.9,1291.4,1299.9,1301.7,1302.2,1302.5,1302.6,1302.5,1302,1305,1291
1094.9,1094.9,1095,1094.7,1094.3,1094,1093.6,1093.4,1093,1091.6,1097.5,1098.9,1099.4,1099.4,1099.2,1099,1098.8,1098.8,1098.7,1098.5,1098,1097.3,1096.4,1095.5,1094.7,1094.3,1094.2,1094.3,1094.6,1094.9,1095.1,1095.2,1095.2,1095.3,1095.4,1095.5,1095.6,1095.5,1094.5,1094.9,1089.6,1092.4,1092.6,1092.7,1093,1093.4,1093.9,1094.4,1094,1093.9
1094.4,1094.4,1094.3,1094.1,1093.8,1093.5,1093.3,1093.1,1093.1,1093.5,1096.1,1097.8,1098.7,1099.1,1099.2,1099.1,1099,1098.9,1098.8,1098.5,1098,1097.2,1096.3,1095.3,1094.5,1094,1094,1094.2,1094.5,1094.9,1095.1,1095.2,1095.3,1095.3,1095.4,1095.5,1095.4,1094.9,1093.9,1092.5,1090,1090,1090.2,1090.3,1090.6,1090.9,1091.2,1091.5,1091.5,1091.5
1094.4,1094.4,1094.3,1094.1,1093.9,1093.6,1093.4,1093.4,1093.5,1094.1,1095.6,1097,1098.1,1098.7,1099,1099.2,1099.2,1099.1,1099,1098.6,1098.1,1097.3,1096.3,1095.3,1094.4,1093.9,1093.9,1094.1,1094.5,1094.9,1095.2,1095.4,1095.5,1095.5,1095.5,1095.4,1095.1,1094.4,1093.3,1092,1090.7,1090.4,1090.3,1090.5,1090.7,1090.9,1091.2,1091.4,1091.5,1091.5
1094.4,1094.4,1094.3,1094.2,1094,1093.8,1093.6,1093.6,1093.8,1094.4,1095.4,1096.5,1097.6,1098.4,1098.9,1099.2,1099.4,1099.4,1099.3,1098.9,1098.3,1097.4,1096.4,1095.3,1094.4,1093.9,1093.9,1094.2,1094.7,1095.1,1095.5,1095.7,1095.8,1095.7,1095.6,1095.3,1094.8,1094,1093,1092,1091.1,1090.7,1090.6,1090.6,1090.8,1091,1091.2,1091.4,1091.5,1091.5
1094.5,1094.4,1094.4,1094.2,1094.1,1093.9,1093.8,1093.8,1094,1094.5,1095.3,1096.3,1097.3,1098.1,1098.8,1099.3,1099.6,1099.7,1099.6,1099.2,1098.6,1097.6,1096.5,1095.4,1094.5,1094,1094,1094.3,1094.9,1095.4,1095.8,1096,1096.1,1096,1095.7,1095.3,1094.6,1093.8,1092.9,1092,1091.3,1090.9,1090.8,1090.8,1090.9,1091.1,1091.3,1091.4,1091.5,1091.5
1094.5,1094.5,1094.4,1094.3,1094.2,1094,1094,1094,1094.2,1094.6,1095.3,1096.1,1097,1097.9,1098.8,1099.4,1099.8,1100,1100,1099.6,1098.9,1097.9,1096.7,1095.5,1094.5,1094.1,1094.1,1094.5,1095.1,1095.7,1096.1,1096.4,1096.4,1096.2,1095.8,1095.2,1094.5,1093.6,1092.8,1092,1091.4,1091.1,1090.9,1090.9,1091,1091.2,1091.3,1091.4,1091.5,1091.5
1094.6,1094.6,1094.5,1094.4,1094.3,1094.2,1094.1,1094.2,1094.3,1094.7,1095.3,1096,1096.9,1097.8,1098.7,1099.5,1100,1100.3,1100.3,1099.9,1099.2,1098.1,1096.9,1095.6,1094.7,1094.2,1094.2,1094.7,1095.3,1096,1096.5,1096.7,1096.7,1096.4,1095.9,1095.2,1094.4,1093.5,1092.7,1092,1091.5,1091.2,1091.1,1091.1,1091.1,1091.3,1091.4,1091.5,1091.5,1091.6
1094.7,1094.6,1094.6,1094.5,1094.4,1094.3,1094.2,1094.3,1094.4,1094.8,1095.2,1095.9,1096.8,1097.7,1098.7,1099.5,1100.2,1100.6,1100.6,1100.2,1099.4,1098.3,1097.1,1095.8,1094.8,1094.3,1094.4,1094.9,1095.6,1096.2,1096.8,1097,1097,1096.6,1096,1095.2,1094.3,1093.4,1092.6,1092,1091.6,1091.3,1091.2,1091.2,1091.2,1091.3,1091.4,1091.5,1091.6,1091.6
1094.8,1094.7,1094.6,1094.6,1094.5,1094.4,1094.4,1094.4,1094.5,1094.8,1095.2,1095.9,1096.7,1097.6,1098.6,1099.6,1100.4,1100.8,1100.8,1100.4,1099.7,1098.5,1097.2,1095.9,1094.9,1094.4,1094.5,1095,1095.8,1096.5,1097,1097.3,1097.2,1096.8,1096,1095.1,1094.2,1093.3,1092.6,1092,1091.6,1091.4,1091.3,1091.3,1091.3,1091.4,1091.5,1091.6,1091.7,1091.7
1094.9,1094.8,1094.7,1094.7,1094.6,1094.5,1094.5,1094.5,1094.6,1094.9,1095.3,1095.8,1096.6,1097.6,1098.6,1099.6,1100.5,1101,1101,1100.6,1099.8,1098.7,1097.4,1096,1095,1094.5,1094.6,1095.2,1095.9,1096.7,1097.2,1097.5,1097.3,1096.9,1096.1,1095.1,1094.2,1093.3,1092.6,1092,1091.7,1091.5,1091.4,1091.4,1091.4,1091.5,1091.6,1091.7,1091.7,1091.8
1095,1094.9,1094.8,1094.7,1094.7,1094.6,1094.6,1094.6,1094.7,1094.9,1095.3,1095.9,1096.6,1097.6,1098.6,1099.7,1100.6,1101.1,1101.2,1100.8,1100,1098.8,1097.5,1096.1,1095.1,1094.6,1094.7,1095.3,1096.1,1096.8,1097.4,1097.6,1097.5,1097,1096.1,1095.1,1094.1,1093.3,1092.6,1092,1091.7,1091.5,1091.4,1091.4,1091.5,1091.6,1091.6,1091.7,1091.8,1091.8
1095,1095,1094.9,1094.8,1094.8,1094.7,1094.7,1094.7,1094.8,1095,1095.3,1095.9,1096.6,1097.6,1098.7,1099.8,1100.7,1101.2,1101.3,1100.9,1100.1,1098.9,1097.5,1096.2,1095.2,1094.7,1094.8,1095.4,1096.2,1096.9,1097.5,1097.7,1097.6,1097.1,1096.2,1095.2,1094.2,1093.3,1092.6,1092.1,1091.8,1091.6,1091.5,1091.5,1091.6,1091.6,1091.7,1091.8,1091.9,1091.9
1095.1,1095.1,1095,1094.9,1094.9,1094.8,1094.8,1094.8,1094.9,1095.1,1095.4,1096,1096.7,1097.7,1098.8,1099.9,1100.8,1101.4,1101.4,1101,1100.2,1099,1097.6,1096.2,1095.2,1094.7,1094.8,1095.4,1096.2,1097,1097.6,1097.9,1097.7,1097.2,1096.3,1095.3,1094.2,1093.3,1092.6,1092.1,1091.8,1091.7,1091.6,1091.6,1091.6,1091.7,1091.8,1091.9,1091.9,1092
1095.2,1095.2,1095.1,1095,1094.9,1094.9,1094.9,1094.9,1095,1095.2,1095.5,1096,1096.8,1097.8,1098.9,1100,1100.9,1101.5,1101.5,1101.1,1100.2,1099,1097.6,1096.2,1095.2,1094.7,1094.9,1095.5,1096.3,1097,1097.7,1097.9,1097.8,1097.3,1096.4,1095.4,1094.3,1093.4,1092.7,1092.2,1091.9,1091.8,1091.7,1091.7,1091.7,1091.8,1091.9,1091.9,1092,1092.1
1095.3,1095.3,1095.2,1095.1,1095,1095,1095,1095,1095.1,1095.3,1095.6,1096.2,1096.9,1097.9,1099.1,1100.2,1101.1,1101.6,1101.6,1101.2,1100.2,1099,1097.6,1096.2,1095.2,1094.7,1094.9,1095.5,1096.3,1097.1,1097.7,1098,1097.9,1097.4,1096.5,1095.5,1094.4,1093.5,1092.8,1092.3,1092,1091.8,1091.8,1091.8,1091.8,1091.9,1091.9,1092,1092.1,1092.2
1095.4,1095.3,1095.2,1095.2,1095.1,1095.1,1095.1,1095.1,1095.2,1095.4,1095.7,1096.3,1097.1,1098.1,1099.2,1100.3,1101.2,1101.7,1101.7,1101.2,1100.2,1099,1097.6,1096.2,1095.2,1094.7,1094.9,1095.5,1096.3,1097.1,1097.8,1098.1,1098,1097.5,1096.7,1095.6,1094.5,1093.6,1092.9,1092.4,1092.1,1091.9,1091.9,1091.8,1091.9,1091.9,1092,1092.1,1092.1,1092.2
1095.5,1095.4,1095.3,1095.2,1095.2,1095.2,1095.1,1095.2,1095.3,1095.5,1095.9,1096.4,1097.2,1098.3,1099.4,1100.5,1101.4,1101.9,1101.8,1101.2,1100.3,1099,1097.5,1096.2,1095.2,1094.7,1094.8,1095.4,1096.3,1097.1,1097.8,1098.2,1098.2,1097.7,1096.8,1095.8,1094.7,1093.8,1093,1092.5,1092.2,1092,1091.9,1091.9,1091.9,1092,1092,1092.1,1092.2,1092.3
1095.6,1095.5,1095.4,1095.3,1095.3,1095.2,1095.2,1095.3,1095.4,1095.6,1096,1096.6,1097.4,1098.5,1099.6,1100.7,1101.6,1102,1101.9,1101.3,1100.3,1098.9,1097.5,1096.1,1095.1,1094.7,1094.8,1095.4,1096.3,1097.1,1097.8,1098.3,1098.3,1097.8,1097,1096,1094.9,1093.9,1093.2,1092.6,1092.3,1092.1,1092,1092,1092,1092,1092.1,1092.2,1092.3,1092.3
1095.6,1095.5,1095.4,1095.4,1095.3,1095.3,1095.3,1095.4,1095.5,1095.8,1096.2,1096.8,1097.6,1098.7,1099.9,1101,1101.8,1102.1,1102,1101.3,1100.2,1098.9,1097.5,1096.1,1095.1,1094.6,1094.8,1095.4,1096.3,1097.1,1097.9,1098.3,1098.4,1098,1097.2,1096.2,1095.1,1094.1,1093.3,1092.8,1092.4,1092.2,1092.1,1092.1,1092.1,1092.1,1092.1,1092.2,1092.3,1092.4
1095.7,1095.6,1095.5,1095.4,1095.4,1095.4,1095.4,1095.5,1095.6,1095.9,1096.3,1097,1097.9,1098.9,1100.1,1101.2,1102,1102.3,1102,1101.3,1100.2,1098.9,1097.4,1096.1,1095.1,1094.6,1094.8,1095.4,1096.2,1097.1,1097.9,1098.4,1098.5,1098.2,1097.4,1096.4,1095.3,1094.3,1093.5,1092.9,1092.5,1092.3,1092.2,1092.1,1092.1,1092.1,1092.2,1092.2,1092.3,1092.4
1095.7,1095.6,1095.5,1095.5,1095.4,1095.4,1095.5,1095.6,1095.8,1096.1,1096.5,1097.2,1098.1,1099.2,1100.4,1101.4,1102.2,1102.4,1102.1,1101.4,1100.2,1098.9,1097.4,1096,1095,1094.6,1094.7,1095.4,1096.2,1097.1,1098,1098.5,1098.7,1098.4,1097.6,1096.6,1095.5,1094.5,1093.7,1093,1092.7,1092.4,1092.3,1092.2,1092.2,1092.2,1092.2,1092.3,1092.4,1092.4
1095.7,1095.7,1095.6,1095.5,1095.5,1095.5,1095.6,1095.7,1095.9,1096.2,1096.7,1097.4,1098.3,1099.5,1100.6,1101.7,1102.4,1102.5,1102.2,1101.4,1100.2,1098.8,1097.3,1096,1095,1094.6,1094.7,1095.3,1096.2,1097.2,1098,1098.6,1098.8,1098.5,1097.8,1096.9,1095.7,1094.7,1093.8,1093.2,1092.8,1092.5,1092.3,1092.3,1092.2,1092.2,1092.2,1092.3,1092.4,1092.5
1095.8,1095.7,1095.6,1095.6,1095.5,1095.6,1095.7,1095.8,1096,1096.4,1096.9,1097.6,1098.6,1099.7,1100.9,1101.9,1102.6,1102.7,1102.3,1101.4,1100.2,1098.8,1097.3,1095.9,1095,1094.5,1094.7,1095.3,1096.2,1097.2,1098,1098.7,1098.9,1098.7,1098.1,1097.1,1096,1094.9,1094,1093.4,1092.9,1092.6,1092.4,1092.3,1092.3,1092.2,1092.3,1092.3,1092.4,1092.5
1095.8,1095.7,1095.6,1095.6,1095.6,1095.6,1095.7,1095.9,1096.1,1096.5,1097.1,1097.9,1098.9,1100,1101.2,1102.2,1102.7,1102.8,1102.4,1101.4,1100.2,1098.8,1097.3,1095.9,1094.9,1094.5,1094.7,1095.3,1096.2,1097.2,1098.1,1098.7,1099,1098.9,1098.3,1097.3,1096.2,1095.1,1094.2,1093.5,1093,1092.7,1092.5,1092.4,1092.3,1092.3,1092.3,1092.3,1092.4,1092.5
1095.8,1095.7,1095.7,1095.6,1095.6,1095.7,1095.8,1096,1096.3,1096.7,1097.3,1098.1,1099.1,1100.3,1101.5,1102.4,1102.9,1102.9,1102.4,1101.5,1100.2,1098.7,1097.2,1095.9,1094.9,1094.5,1094.6,1095.3,1096.2,1097.2,1098.1,1098.8,1099.2,1099.1,1098.5,1097.6,1096.5,1095.4,1094.4,1093.7,1093.2,1092.8,1092.6,1092.4,1092.3,1092.3,1092.3,1092.3,1092.4,1092.5
1095.8,1095.8,1095.7,1095.6,1095.7,1095.7,1095.9,1096.1,1096.4,1096.8,1097.5,1098.3,1099.4,1100.6,1101.8,1102.7,1103.1,1103.1,1102.5,1101.5,1100.2,1098.7,1097.2,1095.8,1094.9,1094.5,1094.6,1095.3,1096.2,1097.2,1098.1,1098.9,1099.3,1099.2,1098.7,1097.8,1096.7,1095.6,1094.6,1093.9,1093.3,1092.9,1092.6,1092.5,1092.4,1092.3,1092.3,1092.4,1092.4,1092.5
1095.9,1095.8,1095.7,1095.7,1095.7,1095.8,1095.9,1096.2,1096.5,1097,1097.7,1098.6,1099.7,1100.9,1102,1102.9,1103.3,1103.2,1102.5,1101.5,1100.1,1098.6,1097.1,1095.8,1094.8,1094.4,1094.6,1095.2,1096.2,1097.2,1098.2,1098.9,1099.4,1099.4,1098.9,1098.1,1097,1095.9,1094.8,1094,1093.4,1093,1092.7,1092.5,1092.4,1092.3,1092.3,1092.3,1092.4,1092.5
1095.9,1095.8,1095.7,1095.7,1095.7,1095.8,1096,1096.3,1096.6,1097.2,1097.9,1098.9,1100,1101.2,1102.3,1103.1,1103.5,1103.3,1102.6,1101.5,1100.1,1098.6,1097.1,1095.8,1094.8,1094.4,1094.6,1095.2,1096.1,1097.2,1098.2,1099,1099.5,1099.6,1099.2,1098.3,1097.3,1096.1,1095.1,1094.2,1093.6,1093.1,1092.8,1092.6,1092.4,1092.3,1092.3,1092.3,1092.4,1092.5
1095.9,1095.8,1095.7,1095.7,1095.7,1095.9,1096.1,1096.4,1096.8,1097.3,1098.1,1099.1,1100.3,1101.5,1102.6,1103.3,1103.6,1103.4,1102.6,1101.5,1100.1,1098.6,1097.1,1095.7,1094.8,1094.4,1094.6,1095.2,1096.1,1097.2,1098.2,1099.1,1099.6,1099.7,1099.3,1098.6,1097.5,1096.3,1095.3,1094.4,1093.7,1093.2,1092.8,1092.6,1092.4,1092.3,1092.3,1092.3,1092.4,1092.5
1095.9,1095.8,1095.7,1095.7,1095.7,1095.9,1096.1,1096.4,1096.9,1097.5,1098.3,1099.4,1100.5,1101.8,1102.8,1103.5,1103.8,1103.5,1102.7,1101.5,1100.1,1098.5,1097,1095.7,1094.8,1094.4,1094.5,1095.2,1096.1,1097.2,1098.2,1099.1,1099.7,1099.9,1099.5,1098.8,1097.7,1096.6,1095.5,1094.5,1093.8,1093.3,1092.9,1092.6,1092.4,1092.3,1092.3,1092.3,1092.4,1092.5
1095.8,1095.7,1095.7,1095.7,1095.8,1095.9,1096.2,1096.5,1097,1097.7,1098.6,1099.6,1100.8,1102,1103.1,1103.7,1103.9,1103.5,1102.7,1101.5,1100,1098.5,1097,1095.7,1094.7,1094.4,1094.5,1095.2,1096.1,1097.2,1098.2,1099.2,1099.8,1100,1099.7,1099,1098,1096.8,1095.7,1094.7,1093.9,1093.4,1092.9,1092.6,1092.4,1092.3,1092.3,1092.3,1092.3,1092.4
1095.8,1095.7,1095.7,1095.7,1095.8,1095.9,1096.2,1096.6,1097.1,1097.8,1098.8,1099.9,1101.1,1102.3,1103.3,1103.9,1104,1103.6,1102.7,1101.5,1100,1098.5,1097,1095.6,1094.7,1094.3,1094.5,1095.2,1096.1,1097.2,1098.2,1099.2,1099.9,1100.1,1099.9,1099.2,1098.2,1097,1095.9,1094.9,1094.1,1093.4,1093,1092.7,1092.4,1092.3,1092.2,1092.2,1092.3,1092.4
1095.8,1095.7,1095.6,1095.7,1095.8,1096,1096.3,1096.7,1097.3,1098,1099,1100.1,1101.4,1102.6,1103.5,1104.1,1104.2,1103.7,1102.7,1101.5,1100,1098.4,1096.9,1095.6,1094.7,1094.3,1094.5,1095.1,1096.1,1097.2,1098.2,1099.2,1099.9,1100.2,1100,1099.4,1098.4,1097.3,1096.1,1095,1094.2,1093.5,1093,1092.7,1092.4,1092.3,1092.2,1092.2,1092.3,1092.4
1095.8,1095.7,1095.6,1095.6,1095.8,1096,1096.3,1096.8,1097.4,1098.2,1099.2,1100.4,1101.6,1102.8,1103.7,1104.3,1104.3,1103.7,1102.7,1101.4,1099.9,1098.4,1096.9,1095.6,1094.7,1094.3,1094.5,1095.1,1096.1,1097.1,1098.2,1099.2,1100,1100.3,1100.2,1099.6,1098.6,1097.5,1096.3,1095.2,1094.3,1093.6,1093.1,1092.7,1092.4,1092.3,1092.2,1092.2,1092.2,1092.3
1095.7,1095.7,1095.6,1095.6,1095.7,1096,1096.3,1096.8,1097.5,1098.3,1099.4,1100.6,1101.9,1103,1103.9,1104.4,1104.3,1103.8,1102.7,1101.4,1099.9,1098.3,1096.8,1095.6,1094.7,1094.3,1094.5,1095.1,1096,1097.1,1098.2,1099.3,1100,1100.4,1100.3,1099.8,1098.8,1097.7,1096.5,1095.4,1094.4,1093.7,1093.1,1092.7,1092.4,1092.2,1092.1,1092.1,1092.2,1092.3
1095.7,1095.6,1095.6,1095.6,1095.7,1096,1096.4,1096.9,1097.6,1098.5,1099.6,1100.8,1102.1,1103.2,1104.1,1104.5,1104.4,1103.8,1102.7,1101.4,1099.9,1098.3,1096.8,1095.5,1094.6,1094.3,1094.4,1095.1,1096,1097.1,1098.2,1099.3,1100,1100.5,1100.4,1099.9,1099,1097.9,1096.6,1095.5,1094.5,1093.7,1093.1,1092.7,1092.4,1092.2,1092.1,1092.1,1092.1,1092.2
1095.7,1095.6,1095.5,1095.6,1095.7,1096,1096.4,1097,1097.7,1098.6,1099.8,1101,1102.3,1103.4,1104.3,1104.6,1104.5,1103.8,1102.7,1101.3,1099.8,1098.2,1096.8,1095.5,1094.6,1094.3,1094.4,1095.1,1096,1097.1,1098.2,1099.3,1100.1,1100.5,1100.5,1100.1,1099.2,1098,1096.8,1095.6,1094.6,1093.8,1093.2,1092.7,1092.4,1092.1,1092,1092,1092.1,1092.2
1095.6,1095.5,1095.5,1095.5,1095.7,1096,1096.4,1097,1097.8,1098.8,1099.9,1101.2,1102.5,1103.6,1104.4,1104.7,1104.5,1103.8,1102.7,1101.3,1099.8,1098.2,1096.7,1095.5,1094.6,1094.2,1094.4,1095,1096,1097.1,1098.2,1099.3,1100.1,1100.6,1100.6,1100.2,1099.3,1098.2,1097,1095.8,1094.7,1093.9,1093.2,1092.7,1092.3,1092.1,1092,1092,1092,1092.1
1095.6,1095.5,1095.4,1095.5,1095.7,1096,1096.4,1097.1,1097.9,1098.9,1100.1,1101.4,1102.7,1103.8,1104.5,1104.8,1104.5,1103.8,1102.7,1101.3,1099.7,1098.2,1096.7,1095.4,1094.6,1094.2,1094.4,1095,1095.9,1097,1098.2,1099.2,1100.1,1100.6,1100.7,1100.3,1099.5,1098.4,1097.1,1095.9,1094.8,1093.9,1093.2,1092.7,1092.3,1092,1091.9,1091.9,1092,1092
1095.5,1095.4,1095.4,1095.4,1095.6,1096,1096.4,1097.1,1098,1099,1100.3,1101.6,1102.9,1103.9,1104.6,1104.8,1104.5,1103.8,1102.6,1101.2,1099.7,1098.1,1096.6,1095.4,1094.6,1094.2,1094.4,1095,1095.9,1097,1098.1,1099.2,1100.1,1100.6,1100.7,1100.4,1099.6,1098.5,1097.2,1096,1094.9,1093.9,1093.2,1092.7,1092.3,1092,1091.9,1091.8,1091.9,1092
1095.5,1095.4,1095.3,1095.4,1095.6,1095.9,1096.5,1097.2,1098.1,1099.1,1100.4,1101.7,1103,1104,1104.7,1104.9,1104.6,1103.7,1102.6,1101.1,1099.6,1098.1,1096.6,1095.4,1094.5,1094.2,1094.4,1095,1095.9,1097,1098.1,1099.2,1100.1,1100.7,1100.8,1100.5,1099.7,1098.6,1097.4,1096.1,1095,1094,1093.2,1092.6,1092.2,1091.9,1091.8,1091.8,1091.8,1091.9
1095.4,1095.3,1095.3,1095.3,1095.5,1095.9,1096.5,1097.2,1098.1,1099.3,1100.5,1101.9,1103.1,1104.2,1104.8,1104.9,1104.5,1103.7,1102.5,1101.1,1099.5,1098,1096.6,1095.4,1094.5,1094.2,1094.4,1095,1095.9,1096.9,1098.1,1099.2,1100.1,1100.7,1100.8,1100.5,1099.8,1098.7,1097.5,1096.2,1095,1094,1093.2,1092.6,1092.2,1091.9,1091.7,1091.7,1091.8,1091.8
1095.4,1095.3,1095.2,1095.3,1095.5,1095.9,1096.5,1097.2,1098.2,1099.4,1100.7,1102,1103.3,1104.2,1104.8,1104.9,1104.5,1103.7,1102.5,1101,1099.5,1098,1096.5,1095.3,1094.5,1094.2,1094.3,1094.9,1095.8,1096.9,1098.1,1099.2,1100.1,1100.7,1100.9,1100.6,1099.9,1098.8,1097.6,1096.3,1095.1,1094.1,1093.2,1092.6,1092.1,1091.8,1091.7,1091.6,1091.7,1091.8
1095.3,1095.2,1095.2,1095.2,1095.5,1095.9,1096.5,1097.3,1098.3,1099.5,1100.8,1102.1,1103.4,1104.3,1104.9,1104.9,1104.5,1103.6,1102.4,1101,1099.4,1097.9,1096.5,1095.3,1094.5,1094.2,1094.3,1094.9,1095.8,1096.9,1098,1099.1,1100.1,1100.7,1100.9,1100.6,1100,1098.9,1097.7,1096.4,1095.2,1094.1,1093.2,1092.6,1092.1,1091.8,1091.6,1091.6,1091.6,1091.7
1095.3,1095.2,1095.1,1095.2,1095.4,1095.9,1096.5,1097.3,1098.3,1099.5,1100.9,1102.2,1103.5,1104.4,1104.9,1104.9,1104.5,1103.6,1102.3,1100.9,1099.4,1097.9,1096.5,1095.3,1094.5,1094.2,1094.3,1094.9,1095.8,1096.9,1098,1099.1,1100,1100.7,1100.9,1100.7,1100,1099,1097.8,1096.5,1095.2,1094.1,1093.2,1092.6,1092.1,1091.7,1091.6,1091.5,1091.6,1091.7
1095.2,1095.1,1095.1,1095.1,1095.4,1095.8,1096.5,1097.3,1098.4,1099.6,1101,1102.3,1103.5,1104.4,1104.9,1104.9,1104.4,1103.5,1102.3,1100.8,1099.3,1097.8,1096.4,1095.3,1094.5,1094.2,1094.3,1094.9,1095.8,1096.9,1098,1099.1,1100,1100.7,1100.9,1100.7,1100.1,1099.1,1097.9,1096.6,1095.3,1094.2,1093.3,1092.6,1092,1091.7,1091.5,1091.5,1091.6,1091.6
1095.2,1095.1,1095,1095.1,1095.4,1095.8,1096.5,1097.4,1098.4,1099.7,1101.1,1102.4,1103.6,1104.5,1104.9,1104.9,1104.4,1103.4,1102.2,1100.8,1099.3,1097.8,1096.4,1095.3,1094.5,1094.2,1094.4,1094.9,1095.8,1096.9,1098,1099.1,1100,1100.7,1101,1100.8,1100.2,1099.2,1098,1096.7,1095.4,1094.2,1093.3,1092.5,1092,1091.7,1091.5,1091.5,1091.5,1091.6
1095.1,1095,1095,1095.1,1095.3,1095.8,1096.5,1097.4,1098.5,1099.8,1101.2,1102.5,1103.7,1104.5,1104.9,1104.9,1104.3,1103.4,1102.1,1100.7,1099.2,1097.7,1096.4,1095.3,1094.5,1094.2,1094.4,1094.9,1095.8,1096.9,1098,1099.1,1100,1100.7,1101,1100.8,1100.3,1099.3,1098.1,1096.7,1095.4,1094.3,1093.3,1092.6,1092,1091.7,1091.5,1091.4,1091.5,1091.6
1095.1,1095,1094.9,1095,1095.3,1095.8,1096.5,1097.4,1098.6,1099.9,1101.2,1102.6,1103.7,1104.5,1104.9,1104.8,1104.3,1103.3,1102.1,1100.6,1099.2,1097.7,1096.3,1095.2,1094.5,1094.2,1094.4,1095,1095.8,1096.9,1098,1099.1,1100,1100.7,1101,1100.9,1100.3,1099.4,1098.2,1096.9,1095.5,1094.4,1093.4,1092.6,1092,1091.6,1091.5,1091.4,1091.5,1091.6
1095,1094.9,1094.9,1095,1095.3,1095.8,1096.5,1097.5,1098.6,1099.9,1101.3,1102.7,1103.8,1104.6,1104.9,1104.8,1104.2,1103.2,1102,1100.6,1099.1,1097.7,1096.3,1095.2,1094.5,1094.2,1094.4,1095,1095.9,1096.9,1098,1099.1,1100.1,1100.8,1101.1,1101,1100.4,1099.5,1098.3,1097,1095.6,1094.4,1093.4,1092.6,1092,1091.7,1091.5,1091.4,1091.5,1091.6
1095,1094.9,1094.9,1095,1095.3,1095.8,1096.5,1097.5,1098.7,1100,1101.4,1102.7,1103.8,1104.6,1104.9,1104.8,1104.2,1103.2,1101.9,1100.5,1099.1,1097.6,1096.3,1095.2,1094.5,1094.3,1094.5,1095,1095.9,1096.9,1098,1099.1,1100.1,1100.8,1101.1,1101,1100.5,1099.6,1098.4,1097.1,1095.8,1094.5,1093.5,1092.7,1092.1,1091.7,1091.5,1091.4,1091.5,1091.6
1095,1094.9,1094.8,1095,1095.3,1095.8,1096.6,1097.6,1098.8,1100.1,1101.5,1102.8,1103.9,1104.6,1104.9,1104.7,1104.1,1103.1,1101.9,1100.5,1099,1097.6,1096.3,1095.3,1094.6,1094.3,1094.5,1095.1,1095.9,1097,1098.1,1099.2,1100.1,1100.8,1101.2,1101.1,1100.6,1099.8,1098.6,1097.2,1095.9,1094.7,1093.6,1092.7,1092.1,1091.7,1091.5,1091.5,1091.6,1091.7
1095,1094.9,1094.8,1094.9,1095.3,1095.8,1096.6,1097.6,1098.8,1100.2,1101.6,1102.9,1103.9,1104.6,1104.9,1104.7,1104,1103.1,1101.8,1100.4,1099,1097.6,1096.3,1095.3,1094.6,1094.3,1094.5,1095.1,1096,1097,1098.1,1099.2,1100.2,1100.9,1101.3,1101.2,1100.8,1099.9,1098.7,1097.4,1096.1,1094.8,1093.7,1092.8,1092.2,1091.8,1091.6,1091.5,1091.6,1091.7
1095,1094.9,1094.8,1094.9,1095.3,1095.8,1096.6,1097.7,1098.9,1100.3,1101.7,1102.9,1104,1104.6,1104.9,1104.6,1104,1103,1101.7,1100.3,1098.9,1097.5,1096.3,1095.3,1094.6,1094.4,1094.6,1095.2,1096,1097.1,1098.2,1099.3,1100.3,1101,1101.4,1101.4,1100.9,1100.1,1098.9,1097.6,1096.2,1095,1093.9,1093,1092.3,1091.9,1091.7,1091.6,1091.7,1091.8
1095,1094.9,1094.8,1094.9,1095.3,1095.9,1096.7,1097.7,1099,1100.4,1101.7,1103,1104,1104.6,1104.8,1104.6,1103.9,1102.9,1101.7,1100.3,1098.9,1097.5,1096.3,1095.3,1094.6,1094.4,1094.6,1095.2,1096.1,1097.1,1098.3,1099.4,1100.3,1101.1,1101.5,1101.5,1101.1,1100.2,1099.1,1097.8,1096.4,1095.1,1094,1093.1,1092.4,1092,1091.8,1091.7,1091.8,1091.9
1095,1094.9,1094.8,1094.9,1095.3,1095.9,1096.7,1097.8,1099.1,1100.5,1101.8,1103.1,1104,1104.6,1104.8,1104.5,1103.9,1102.8,1101.6,1100.2,1098.8,1097.5,1096.2,1095.3,1094.7,1094.5,1094.7,1095.3,1096.2,1097.2,1098.3,1099.5,1100.4,1101.2,1101.6,1101.7,1101.2,1100.4,1099.3,1098,1096.7,1095.3,1094.2,1093.3,1092.6,1092.1,1091.9,1091.8,1091.9,1092.1
1095,1094.9,1094.8,1094.9,1095.3,1095.9,1096.8,1097.9,1099.2,1100.5,1101.9,1103.1,1104.1,1104.6,1104.8,1104.5,1103.8,1102.8,1101.5,1100.2,1098.8,1097.4,1096.2,1095.3,1094.7,1094.5,1094.8,1095.4,1096.3,1097.3,1098.4,1099.5,1100.5,1101.3,1101.8,1101.8,1101.4,1100.7,1099.6,1098.3,1096.9,1095.6,1094.4,1093.5,1092.7,1092.3,1092,1092,1092.1,1092.2
1095,1094.9,1094.8,1095,1095.3,1096,1096.9,1098,1099.3,1100.6,1102,1103.2,1104.1,1104.6,1104.8,1104.4,1103.7,1102.7,1101.4,1100.1,1098.7,1097.4,1096.2,1095.3,1094.7,1094.5,1094.8,1095.4,1096.3,1097.4,1098.5,1099.6,1100.7,1101.5,1101.9,1102,1101.6,1100.9,1099.8,1098.5,1097.2,1095.8,1094.6,1093.7,1092.9,1092.4,1092.2,1092.1,1092.2,1092.4
1095,1094.9,1094.8,1095,1095.4,1096,1096.9,1098,1099.3,1100.7,1102.1,1103.2,1104.1,1104.6,1104.7,1104.4,1103.6,1102.6,1101.3,1100,1098.6,1097.3,1096.1,1095.2,1094.7,1094.6,1094.8,1095.5,1096.4,1097.5,1098.6,1099.8,1100.8,1101.6,1102.1,1102.2,1101.9,1101.1,1100.1,1098.8,1097.4,1096.1,1094.9,1093.9,1093.1,1092.6,1092.3,1092.3,1092.4,1092.5
1095,1094.8,1094.8,1095,1095.4,1096,1097,1098.1,1099.4,1100.8,1102.1,1103.3,1104.1,1104.6,1104.7,1104.3,1103.5,1102.5,1101.2,1099.9,1098.5,1097.2,1096.1,1095.2,1094.7,1094.6,1094.9,1095.5,1096.5,1097.5,1098.7,1099.9,1100.9,1101.7,1102.2,1102.4,1102.1,1101.4,1100.4,1099.1,1097.7,1096.4,1095.2,1094.1,1093.3,1092.8,1092.5,1092.5,1092.5,1092.7
1095,1094.8,1094.8,1095,1095.4,1096.1,1097,1098.2,1099.5,1100.8,1102.2,1103.3,1104.1,1104.6,1104.6,1104.2,1103.4,1102.4,1101.1,1099.8,1098.4,1097.1,1096,1095.1,1094.6,1094.6,1094.9,1095.6,1096.5,1097.6,1098.8,1100,1101,1101.9,1102.4,1102.6,1102.3,1101.7,1100.6,1099.4,1098,1096.7,1095.4,1094.4,1093.6,1093,1092.7,1092.6,1092.7,1092.9
1094.9,1094.8,1094.7,1094.9,1095.4,1096.1,1097,1098.2,1099.5,1100.9,1102.2,1103.3,1104.1,1104.5,1104.5,1104.1,1103.3,1102.2,1101,1099.6,1098.3,1097,1095.9,1095.1,1094.6,1094.5,1094.9,1095.6,1096.5,1097.7,1098.9,1100,1101.1,1102,1102.6,1102.8,1102.5,1101.9,1100.9,1099.7,1098.3,1097,1095.7,1094.6,1093.8,1093.2,1092.9,1092.8,1092.9,1093.1
1094.8,1094.7,1094.7,1094.9,1095.3,1096.1,1097,1098.2,1099.5,1100.9,1102.2,1103.2,1104,1104.4,1104.3,1103.9,1103.1,1102,1100.8,1099.4,1098.1,1096.8,1095.8,1094.9,1094.5,1094.5,1094.8,1095.6,1096.6,1097.7,1098.9,1100.1,1101.2,1102.1,1102.7,1102.9,1102.7,1102.2,1101.2,1100,1098.6,1097.3,1096,1094.9,1094,1093.4,1093.1,1093,1093.1,1093.2
1094.7,1094.6,1094.6,1094.8,1095.3,1096,1097,1098.2,1099.5,1100.9,1102.1,1103.2,1103.9,1104.3,1104.2,1103.7,1102.9,1101.8,1100.6,1099.2,1097.9,1096.7,1095.6,1094.8,1094.4,1094.4,1094.8,1095.5,1096.5,1097.7,1098.9,1100.2,1101.3,1102.2,1102.8,1103.1,1102.9,1102.4,1101.5,1100.3,1098.9,1097.5,1096.3,1095.1,1094.3,1093.6,1093.3,1093.2,1093.2,1093.4
1094.6,1094.5,1094.5,1094.7,1095.2,1096,1097,1098.2,1099.5,1100.8,1102.1,1103.1,1103.8,1104.1,1104,1103.5,1102.6,1101.5,1100.3,1099,1097.7,1096.4,1095.4,1094.6,1094.2,1094.2,1094.7,1095.4,1096.5,1097.7,1098.9,1100.2,1101.3,1102.3,1102.9,1103.2,1103.1,1102.6,1101.7,1100.5,1099.2,1097.8,1096.5,1095.4,1094.5,1093.8,1093.4,1093.3,1093.4,1093.5
1094.4,1094.3,1094.3,1094.6,1095.1,1095.8,1096.9,1098.1,1099.4,1100.7,1101.9,1102.9,1103.6,1103.9,1103.7,1103.2,1102.3,1101.2,1100,1098.7,1097.4,1096.2,1095.1,1094.4,1094,1094.1,1094.5,1095.3,1096.4,1097.6,1098.9,1100.2,1101.3,1102.3,1103,1103.3,1103.2,1102.8,1101.9,1100.7,1099.4,1098,1096.7,1095.6,1094.7,1094,1093.6,1093.4,1093.5,1093.6
1094.2,1094.1,1094.1,1094.4,1094.9,1095.7,1096.7,1098,1099.3,1100.6,1101.8,1102.7,1103.3,1103.6,1103.4,1102.9,1102,1100.9,1099.6,1098.3,1097,1095.8,1094.8,1094.1,1093.8,1093.8,1094.3,1095.2,1096.3,1097.5,1098.8,1100.1,1101.3,1102.3,1103,1103.4,1103.3,1102.9,1102.1,1100.9,1099.6,1098.2,1096.9,1095.8,1094.8,1094.1,1093.7,1093.5,1093.5,1093.7
1094,1093.8,1093.9,1094.1,1094.7,1095.5,1096.5,1097.8,1099.1,1100.4,1101.5,1102.5,1103,1103.2,1103.1,1102.5,1101.6,1100.5,1099.2,1097.9,1096.6,1095.4,1094.5,1093.8,1093.5,1093.6,1094.1,1095,1096.1,1097.3,1098.7,1100,1101.2,1102.2,1103,1103.4,1103.4,1103,1102.2,1101.1,1099.8,1098.4,1097.1,1095.9,1094.9,1094.2,1093.7,1093.5,1093.6,1093.7
1093.6,1093.5,1093.5,1093.8,1094.4,1095.2,1096.3,1097.5,1098.8,1100.1,1101.2,1102.1,1102.7,1102.8,1102.6,1102,1101.1,1100,1098.8,1097.4,1096.2,1095,1094,1093.4,1093.1,1093.2,1093.8,1094.7,1095.8,1097.1,1098.5,1099.8,1101.1,1102.1,1102.9,1103.3,1103.3,1103,1102.2,1101.1,1099.9,1098.5,1097.2,1096,1095,1094.2,1093.7,1093.5,1093.5,1093.7
1093.2,1093.1,1093.2,1093.5,1094,1094.9,1095.9,1097.2,1098.5,1099.7,1100.8,1101.7,1102.2,1102.4,1102.1,1101.5,1100.6,1099.5,1098.2,1096.9,1095.6,1094.5,1093.6,1092.9,1092.7,1092.8,1093.4,1094.3,1095.5,1096.8,1098.2,1099.6,1100.8,1101.9,1102.7,1103.2,1103.2,1102.9,1102.2,1101.1,1099.9,1098.5,1097.2,1096,1095,1094.2,1093.7,1093.5,1093.5,1093.6
1092.7,1092.6,1092.7,1093,1093.6,1094.5,1095.5,1096.8,1098.1,1099.3,1100.4,1101.2,1101.7,1101.8,1101.5,1100.9,1100,1098.8,1097.6,1096.3,1095.1,1093.9,1093,1092.4,1092.2,1092.4,1093,1093.9,1095.1,1096.5,1097.9,1099.3,1100.5,1101.6,1102.5,1103,1103.1,1102.8,1102.1,1101.1,1099.8,1098.5,1097.1,1095.9,1094.9,1094.1,1093.6,1093.3,1093.3,1093.4
1092.2,1092.1,1092.2,1092.5,1093.1,1094,1095,1096.3,1097.5,1098.8,1099.8,1100.6,1101.1,1101.1,1100.8,1100.2,1099.3,1098.1,1096.9,1095.6,1094.4,1093.3,1092.4,1091.8,1091.6,1091.8,1092.5,1093.4,1094.7,1096,1097.5,1098.9,1100.2,1101.3,1102.1,1102.6,1102.8,1102.5,1101.9,1100.9,1099.7,1098.3,1097,1095.8,1094.7,1093.9,1093.4,1093.1,1093.1,1093.2
1091.5,1091.5,1091.6,1091.9,1092.5,1093.4,1094.5,1095.7,1096.9,1098.1,1099.2,1099.9,1100.3,1100.4,1100,1099.4,1098.5,1097.3,1096.1,1094.8,1093.6,1092.6,1091.7,1091.1,1091,1091.2,1091.9,1092.9,1094.1,1095.5,1096.9,1098.4,1099.7,1100.8,1101.7,1102.2,1102.4,1102.2,1101.5,1100.6,1099.4,1098.1,1096.8,1095.5,1094.5,1093.7,1093.1,1092.8,1092.8,1092.9
1090.8,1090.7,1090.9,1091.2,1091.8,1092.7,1093.8,1095,1096.2,1097.4,1098.4,1099.1,1099.5,1099.5,1099.2,1098.5,1097.6,1096.5,1095.2,1094,1092.8,1091.8,1090.9,1090.4,1090.3,1090.6,1091.2,1092.2,1093.5,1094.9,1096.3,1097.8,1099.1,1100.2,1101.1,1101.7,1101.9,1101.7,1101.1,1100.2,1099,1097.7,1096.4,1095.2,1094.1,1093.3,1092.7,1092.4,1092.4,1092.4
1090,1089.9,1090.1,1090.4,1091.1,1091.9,1093,1094.2,1095.4,1096.6,1097.5,1098.2,1098.5,1098.5,1098.2,1097.5,1096.6,1095.5,1094.3,1093.1,1091.9,1090.9,1090.1,1089.6,1089.5,1089.8,1090.5,1091.5,1092.8,1094.2,1095.7,1097.1,1098.4,1099.6,1100.5,1101.1,1101.3,1101.1,1100.6,1099.7,1098.6,1097.3,1096,1094.7,1093.7,1092.8,1092.3,1092,1091.9,1091.9
1089.1,1089.1,1089.2,1089.6,1090.2,1091.1,1092.1,1093.3,1094.5,1095.6,1096.5,1097.2,1097.5,1097.5,1097.1,1096.4,1095.5,1094.4,1093.2,1092,1090.9,1089.9,1089.1,1088.7,1088.6,1088.9,1089.7,1090.7,1092,1093.4,1094.9,1096.3,1097.6,1098.8,1099.7,1100.3,1100.6,1100.4,1099.9,1099.1,1097.9,1096.7,1095.4,1094.2,1093.1,1092.3,1091.7,1091.4,1091.3,1091.3
1088.1,1088.1,1088.2,1088.6,1089.2,1090.1,1091.1,1092.3,1093.4,1094.5,1095.4,1096,1096.3,1096.3,1095.9,1095.2,1094.3,1093.2,1092.1,1090.9,1089.8,1088.9,1088.1,1087.7,1087.7,1088,1088.8,1089.8,1091.1,1092.5,1094,1095.4,1096.7,1097.9,1098.8,1099.4,1099.7,1099.6,1099.1,1098.3,1097.2,1096,1094.7,1093.5,1092.5,1091.6,1091.1,1090.7,1090.6,1090.6
1087,1087,1087.2,1087.6,1088.2,1089,1090,1091.2,1092.3,1093.3,1094.2,1094.8,1095,1095,1094.6,1093.9,1093,1092,1090.9,1089.7,1088.7,1087.7,1087.1,1086.7,1086.7,1087,1087.8,1088.8,1090.1,1091.5,1093,1094.4,1095.7,1096.9,1097.8,1098.4,1098.7,1098.6,1098.2,1097.4,1096.3,1095.1,1093.9,1092.7,1091.7,1090.9,1090.3,1090,1089.8,1089.8
1085.8,1085.9,1086.1,1086.4,1087,1087.9,1088.8,1089.9,1091,1092,1092.8,1093.4,1093.6,1093.6,1093.2,1092.5,1091.6,1090.6,1089.5,1088.4,1087.4,1086.6,1085.9,1085.6,1085.6,1086,1086.7,1087.8,1089,1090.4,1091.9,1093.3,1094.6,1095.7,1096.7,1097.3,1097.6,1097.5,1097.1,1096.3,1095.3,1094.2,1093,1091.8,1090.8,1090,1089.5,1089.1,1089,1089
1084.6,1084.7,1084.9,1085.2,1085.8,1086.6,1087.6,1088.6,1089.6,1090.6,1091.4,1091.9,1092.1,1092,1091.7,1091,1090.2,1089.2,1088.1,1087.1,1086.1,1085.3,1084.7,1084.4,1084.4,1084.8,1085.6,1086.6,1087.9,1089.3,1090.7,1092.1,1093.4,1094.5,1095.4,1096,1096.3,1096.3,1095.9,1095.1,1094.2,1093.1,1091.9,1090.8,1089.9,1089.1,1088.5,1088.2,1088.1,1088
1083.3,1083.4,1083.6,1084,1084.5,1085.3,1086.2,1087.2,1088.2,1089.1,1089.8,1090.3,1090.5,1090.4,1090,1089.4,1088.6,1087.7,1086.7,1085.7,1084.8,1084,1083.4,1083.2,1083.2,1083.7,1084.4,1085.4,1086.7,1088,1089.4,1090.8,1092,1093.1,1094,1094.6,1094.9,1094.9,1094.5,1093.8,1092.9,1091.9,1090.8,1089.7,1088.8,1088.1,1087.5,1087.2,1087.1,1087
1082,1082.1,1082.3,1082.6,1083.2,1083.9,1084.7,1085.6,1086.6,1087.4,1088.1,1088.6,1088.8,1088.7,1088.3,1087.7,1086.9,1086.1,1085.1,1084.2,1083.3,1082.6,1082.1,1081.9,1082,1082.4,1083.2,1084.2,1085.4,1086.7,1088,1089.4,1090.6,1091.6,1092.5,1093.1,1093.4,1093.4,1093,1092.4,1091.5,1090.5,1089.5,1088.5,1087.6,1087,1086.5,1086.2,1086,1086
1080.7,1080.8,1080.9,1081.3,1081.7,1082.4,1083.2,1084,1084.9,1085.7,1086.4,1086.8,1086.9,1086.8,1086.5,1085.9,1085.2,1084.4,1083.5,1082.6,1081.8,1081.2,1080.8,1080.6,1080.7,1081.2,1081.9,1082.9,1084,1085.3,1086.6,1087.9,1089,1090,1090.9,1091.4,1091.7,1091.7,1091.4,1090.8,1090,1089.1,1088.1,1087.2,1086.4,1085.8,1085.3,1085.1,1084.9,1084.8
1079.3,1079.4,1079.6,1079.9,1080.3,1080.9,1081.6,1082.4,1083.2,1083.9,1084.5,1084.9,1085,1084.9,1084.6,1084.1,1083.4,1082.6,1081.8,1081.1,1080.3,1079.8,1079.4,1079.2,1079.4,1079.9,1080.6,1081.5,1082.7,1083.9,1085.1,1086.3,1087.4,1088.4,1089.2,1089.7,1090,1090,1089.7,1089.2,1088.4,1087.6,1086.7,1085.9,1085.1,1084.6,1084.2,1083.9,1083.8,1083.7
1077.9,1078,1078.2,1078.4,1078.8,1079.3,1080,1080.7,1081.4,1082,1082.6,1082.9,1083,1082.9,1082.6,1082.2,1081.6,1080.9,1080.1,1079.4,1078.8,1078.3,1078,1077.9,1078.1,1078.5,1079.2,1080.2,1081.2,1082.4,1083.5,1084.7,1085.7,1086.6,1087.3,1087.9,1088.1,1088.1,1087.9,1087.4,1086.7,1086,1085.2,1084.4,1083.8,1083.3,1083,1082.8,1082.7,1082.6
1076.6,1076.7,1076.8,1077,1077.4,1077.8,1078.3,1078.9,1079.5,1080.1,1080.6,1080.9,1081,1080.9,1080.6,1080.2,1079.7,1079.1,1078.4,1077.8,1077.3,1076.8,1076.6,1076.6,1076.8,1077.2,1077.9,1078.8,1079.8,1080.8,1081.9,1083,1083.9,1084.8,1085.5,1085.9,1086.2,1086.2,1086,1085.6,1085,1084.3,1083.6,1083,1082.5,1082.1,1081.8,1081.6,1081.5,1081.5
1075.2,1075.4,1075.5,1075.6,1075.9,1076.2,1076.7,1077.1,1077.7,1078.1,1078.5,1078.8,1078.9,1078.8,1078.6,1078.2,1077.8,1077.2,1076.7,1076.2,1075.7,1075.4,1075.2,1075.3,1075.5,1075.9,1076.6,1077.4,1078.3,1079.3,1080.3,1081.3,1082.1,1082.9,1083.5,1084,1084.2,1084.2,1084,1083.7,1083.2,1082.6,1082,1081.5,1081.1,1080.8,1080.6,1080.5,1080.4,1080.3
1074,1074.1,1074.2,1074.3,1074.5,1074.7,1075,1075.4,1075.8,1076.2,1076.5,1076.7,1076.8,1076.7,1076.5,1076.2,1075.8,1075.4,1075,1074.6,1074.2,1074,1073.9,1074,1074.2,1074.7,1075.3,1076,1076.9,1077.8,1078.7,1079.5,1080.3,1081,1081.5,1081.9,1082.2,1082.2,1082,1081.7,1081.3,1080.9,1080.5,1080.1,1079.8,1079.6,1079.5,1079.4,1079.3,1079.3
1072.7,1072.8,1072.9,1073,1073.1,1073.2,1073.4,1073.6,1073.9,1074.2,1074.5,1074.6,1074.7,1074.6,1074.5,1074.2,1073.9,1073.6,1073.3,1073,1072.8,1072.6,1072.6,1072.8,1073,1073.5,1074.1,1074.7,1075.5,1076.3,1077,1077.8,1078.5,1079.1,1079.6,1079.9,1080.1,1080.1,1080,1079.8,1079.5,1079.2,1078.9,1078.7,1078.5,1078.4,1078.4,1078.3,1078.3,1078.2
1071.5,1071.6,1071.7,1071.7,1071.7,1071.7,1071.8,1071.9,1072.1,1072.3,1072.4,1072.5,1072.6,1072.6,1072.5,1072.3,1072.1,1071.9,1071.7,1071.5,1071.4,1071.4,1071.4,1071.6,1071.9,1072.3,1072.9,1073.5,1074.1,1074.8,1075.4,1076.1,1076.7,1077.2,1077.6,1077.9,1078,1078.1,1078,1077.9,1077.7,1077.5,1077.3,1077.3,1077.2,1077.2,1077.3,1077.3,1077.3,1077.2
1070.4,1070.5,1070.5,1070.5,1070.4,1070.4,1070.3,1070.3,1070.3,1070.4,1070.5,1070.5,1070.6,1070.5,1070.5,1070.4,1070.3,1070.2,1070.1,1070.1,1070.1,1070.2,1070.3,1070.6,1070.9,1071.3,1071.8,1072.3,1072.8,1073.4,1073.9,1074.4,1074.9,1075.3,1075.6,1075.8,1076,1076.1,1076,1076,1075.9,1075.9,1075.9,1075.9,1076,1076.1,1076.2,1076.3,1076.3,1076.2
1069.3,1069.4,1069.4,1069.3,1069.2,1069,1068.9,1068.7,1068.6,1068.6,1068.6,1068.6,1068.6,1068.6,1068.6,1068.6,1068.6,1068.6,1068.6,1068.7,1068.9,1069.1,1069.3,1069.6,1070,1070.4,1070.8,1071.2,1071.6,1072,1072.4,1072.8,1073.1,1073.4,1073.7,1073.9,1074,1074.1,1074.1,1074.2,1074.2,1074.3,1074.4,1074.6,1074.8,1075,1075.2,1075.3,1075.4,1075.3
1068.3,1068.4,1068.3,1068.2,1068,1067.8,1067.5,1067.3,1067,1066.9,1066.8,1066.7,1066.7,1066.7,1066.8,1066.8,1066.9,1067.1,1067.3,1067.5,1067.8,1068.1,1068.5,1068.9,1069.2,1069.6,1069.9,1070.3,1070.6,1070.8,1071.1,1071.3,1071.5,1071.7,1071.8,1072,1072.1,1072.2,1072.3,1072.4,1072.6,1072.8,1073.1,1073.4,1073.7,1074,1074.2,1074.4,1074.4,1074.4
1067.3,1067.3,1067.3,1067.1,1066.9,1066.6,1066.2,1065.9,1065.6,1065.3,1065.1,1065,1065,1065,1065.1,1065.2,1065.5,1065.7,1066.1,1066.5,1066.9,1067.3,1067.8,1068.2,1068.6,1069,1069.2,1069.4,1069.6,1069.7,1069.8,1069.9,1069.9,1070,1070.1,1070.2,1070.3,1070.4,1070.6,1070.8,1071.1,1071.5,1071.9,1072.3,1072.7,1073,1073.3,1073.4,1073.5,1073.5
1066.3,1066.3,1066.3,1066.1,1065.8,1065.5,1065.1,1064.6,1064.2,1063.9,1063.6,1063.5,1063.4,1063.4,1063.6,1063.8,1064.1,1064.6,1065,1065.6,1066.2,1066.7,1067.3,1067.8,1068.2,1068.5,1068.7,1068.8,1068.8,1068.8,1068.7,1068.6,1068.5,1068.5,1068.5,1068.5,1068.7,1068.8,1069.1,1069.4,1069.8,1070.2,1070.7,1071.2,1071.6,1072,1072.3,1072.5,1072.6,1072.6
1065.3,1065.3,1065.3,1065.1,1064.8,1064.4,1064,1063.5,1063.1,1062.6,1062.3,1062.1,1062,1062.1,1062.3,1062.6,1063,1063.6,1064.2,1064.9,1065.6,1066.3,1067,1067.6,1068,1068.2,1068.4,1068.3,1068.2,1068,1067.7,1067.5,1067.3,1067.1,1067.1,1067.1,1067.2,1067.4,1067.7,1068.1,1068.6,1069.1,1069.7,1070.2,1070.6,1071,1071.3,1071.5,1071.6,1071.6
1064.3,1064.3,1064.2,1064,1063.8,1063.4,1062.9,1062.5,1062,1061.6,1061.2,1061,1060.9,1060.9,1061.1,1061.5,1062.1,1062.8,1063.6,1064.4,1065.3,1066.2,1066.9,1067.6,1068,1068.2,1068.2,1068.1,1067.8,1067.4,1067,1066.6,1066.2,1066,1065.8,1065.8,1065.9,1066.1,1066.5,1067,1067.5,1068.1,1068.7,1069.2,1069.6,1070,1070.3,1070.5,1070.6,1070.6
1063.3,1063.3,1063.2,1063,1062.7,1062.4,1062,1061.6,1061.1,1060.7,1060.3,1060.1,1059.9,1060,1060.3,1060.8,1061.4,1062.2,1063.2,1064.2,1065.2,1066.2,1067.1,1067.8,1068.3,1068.5,1068.4,1068,1067.6,1067,1066.4,1065.8,1065.4,1065,1064.8,1064.7,1064.8,1065.1,1065.5,1066.1,1066.6,1067.2,1067.7,1068.2,1068.7,1069,1069.3,1069.5,1069.6,1069.6
1062.2,1062.2,1062.1,1061.9,1061.7,1061.4,1061.1,1060.7,1060.4,1060,1059.7,1059.4,1059.3,1059.4,1059.7,1060.3,1061,1061.9,1063,1064.2,1065.4,1066.6,1067.6,1068.4,1068.9,1069,1068.8,1068.3,1067.6,1066.8,1066.1,1065.3,1064.7,1064.3,1064,1063.9,1064,1064.3,1064.8,1065.3,1065.9,1066.4,1066.9,1067.3,1067.7,1068,1068.2,1068.4,1068.5,1068.5
1061.1,1061,1061,1060.8,1060.7,1060.5,1060.2,1060,1059.7,1059.4,1059.1,1059,1058.9,1059.1,1059.5,1060.1,1061,1062,1063.2,1064.6,1066,1067.3,1068.5,1069.4,1069.9,1070,1069.6,1068.9,1068,1067,1066,1065.1,1064.4,1063.8,1063.5,1063.3,1063.4,1063.7,1064.1,1064.6,1065.1,1065.6,1066,1066.4,1066.7,1067,1067.2,1067.3,1067.4,1067.4
