-0.54446
-0.085479
-0.29448
-0.46495
-0.41598
-0.38275
-0.39659
-0.40441
-0.40106
-0.39864
-0.39736
-0.4011
-0.40896
-0.39516
-0.36971
-0.43267
-0.52519
-0.42565
-0.29232
-0.15888
-0.053688
0.048765
0.017185
-0.012798
-0.0044441
0.0032454
0.00052009
-0.0019901
-0.0020258
-0.0021307
-0.0028587
-0.0035846
-0.0042949
-0.004981
-0.0055179
-0.0060218
-0.0063557
-0.006635
-0.0066655
-0.0066368
-0.006371
-0.0060567
-0.0055706
-0.0050544
-0.0044417
-0.0038227
-0.0031841
-0.0025591
-0.0019691
-0.0014063
-0.00090713
-0.00044246
-5.1259e-05
0.00030495
0.00059339
0.0008479
0.0010427
0.0012093
0.00133
0.0014269
0.0014881
0.0015301
0.0015455
0.0015466
0.0015294
0.0015002
0.0014569
0.0014068
0.0013494
0.0012877
0.0012217
0.0011541
0.0010851
0.0010178
0.00095186
0.00088769
0.00082486
0.00076658
0.0007116
0.00066108
0.00061354
0.00057053
0.00053028
0.00049556
0.00046393
0.00043544
0.00040855
0.00038514
0.00036336
0.00034271
0.00032253
0.00030143
0.00027997
0.00025719
0.00023394
0.00020764
0.00018037
0.00015166
0.00012255
9.4392e-05
6.6473e-05
5.0452e-05
3.7045e-05
2.6293e-05
1.6038e-05
8.5478e-07
-1.5129e-05
0.00012556
0.00028758
0.00012691
-6.9611e-05
-0.00032207
-0.0005794
0.0041909
0.0092893
-0.018833
-0.048325
0.092964
0.2377
0.37662
0.51541
0.62078
0.53617
0.4787
0.50248
0.51523
0.5075
0.50438
0.50687
0.50763
0.50696
0.50605
0.505
0.50735
0.51084
0.49314
0.47172
0.41346
0.24256
0.21512
0.19591
0.0372
0.18118
0.31118
0.080122
0.43078
0.077464
-0.05677
0.24418
0.27605
0.21962
0.39532
-0.10651
-0.11193
0.34764
0.22474
0.35707
0.36809
-0.39443
-0.1493
0.57308
0.41501
-0.21139
0.4978
0.024191
-0.094068
0.20681
0.30302
0.07445
0.10373
0.50395
0.14055
-0.36602
-0.1942
0.39982
0.34837
0.15007
0.20746
0.021933
0.32912
-0.16796
-0.25631
0.35176
0.3236
-0.014782
-0.28956
1.3753
-1.2653
0.65908
0.20347
-0.0060034
-0.13229
-0.15326
0.56954
0.40307
-0.8472
-1.0089
4.6439
-4.4578
1.0682
1.1609
0.15275
-0.39021
-0.072473
0.19862
0.19482
-0.50474
0.52031
1.456
-1.3412
-4.2384
-3.0642
6.3122
19.868
-20.148
-6.7548
6.1824
4.3103
0.65319
-1.173
-0.76113
-0.18536
0.33775
-0.028437
-0.032622
0.067822
-0.020766
0.050822
-0.040707
-0.07223
0.0016141
0.0035488
0.022639
0.064419
0.022323
-0.35906
-1.3003
2.288
1.6466
-0.83311
-0.39665
5.0138
-0.62419
-6.6533
-17.757
31.161
-10.091
-7.9005
1.8591
-0.12115
1.4476
-0.55291
5.0836
-5.5058
1.8845
-6.8648
7.1671
-0.87241
-1.4778
-0.35736
1.6376
-2.2663
-0.93018
1.9514
-1.411
-0.36926
0.041554
-0.8445
0.15523
-0.69795
-0.18624
-0.36378
-0.59851
-0.10005
-0.12745
-0.54446
-0.35441
-0.016725
-0.16016
-0.27713
-0.24341
-0.22052
-0.23008
-0.2355
-0.23326
-0.23154
-0.23047
-0.23316
-0.23893
-0.22909
-0.21084
-0.25596
-0.32219
-0.2564
-0.1673
-0.078204
-0.022392
0.031878
0.010588
-0.0095938
-0.0031736
0.0027148
0.00026962
-0.0019817
-0.0020037
-0.0020992
-0.0028562
-0.0036072
-0.0043145
-0.0049988
-0.0055424
-0.0060527
-0.0063909
-0.006674
-0.0067059
-0.0066781
-0.0064116
-0.0060964
-0.0056083
-0.0050902
-0.004476
-0.0038557
-0.003216
-0.0025905
-0.0020014
-0.00144
-0.00094323
-0.00048154
-9.4498e-05
0.00025713
0.00054016
0.00078899
0.00097761
0.0011379
0.001252
0.0013424
0.0013973
0.001433
0.0014423
0.0014376
0.0014153
0.0013812
0.0013335
0.0012795
0.0012186
0.0011539
0.0010853
0.0010155
0.00094445
0.00087557
0.00080846
0.00074322
0.0006794
0.00062035
0.00056476
0.00051369
0.00046563
0.00042202
0.00038116
0.00034589
0.00031376
0.0002846
0.00025695
0.00023275
0.00021017
0.00018863
0.00016754
0.00014548
0.00012305
9.9587e-05
7.5741e-05
4.9145e-05
2.1675e-05
-6.5236e-06
-3.4928e-05
-6.1307e-05
-8.7179e-05
-0.00010096
-0.00011208
-0.00011963
-0.0001265
-0.00013156
-0.00013633
-5.4006e-06
0.000144
-1.0286e-05
-0.00019831
-0.00021971
-0.00022657
0.0030227
0.0064848
-0.013463
-0.034376
0.063485
0.16375
0.25357
0.3434
0.41166
0.35772
0.32106
0.33624
0.34431
0.33919
0.33715
0.33888
0.33944
0.33905
0.33827
0.33729
0.33969
0.34321
0.32755
0.30851
0.29051
0.17437
0.1273
0.1464
0.010306
0.11798
0.24033
0.034818
0.30914
0.035905
-0.059893
0.18587
0.21717
0.11387
0.31568
-0.1182
-0.12139
0.2777
0.18662
0.23358
0.31574
-0.38736
-0.19669
0.49534
0.40915
-0.27681
0.4033
-0.004643
-0.17527
0.18522
0.33295
0.061242
-0.0099028
0.37389
0.12686
-0.3339
-0.21775
0.30001
0.34749
0.17049
0.12508
-0.10115
0.27267
-0.13678
-0.21843
0.25911
0.26941
0.002734
-0.26151
1.2581
-1.3805
0.68957
0.21262
-0.064385
-0.2046
-0.09351
0.57336
0.31873
-0.87295
-0.97589
4.5953
-4.5738
1.0767
1.1732
0.12787
-0.45696
-0.040584
0.21111
0.10526
-0.49
0.53649
1.4172
-1.3669
-4.2477
-3.0786
6.2886
19.872
-20.172
-6.7725
6.1747
4.3047
0.64596
-1.1837
-0.76738
-0.19765
0.3184
-0.019664
-0.017672
0.073741
-0.032451
0.0062511
-0.057722
-0.014323
0.10721
0.049391
0.010386
0.042338
-0.068988
-0.54191
-1.5783
2.0289
1.6807
-0.30682
0.088683
4.9231
-0.88734
-6.7472
-17.571
31.317
-10.073
-7.9189
1.8623
-0.075966
1.5394
-0.43133
5.1323
-5.4782
1.9375
-6.7442
7.2627
-0.79867
-1.3934
-0.24839
1.7317
-2.1713
-0.8178
2.073
-1.2985
-0.26195
0.17693
-0.71086
0.29149
-0.56906
-0.043914
-0.19855
-0.43752
0.010642
-0.061422
-0.35441
