5.6033e-06,1.5832e-05,2.022e-05,2.214e-05,2.2965e-05,2.3207e-05,2.3059e-05,2.2607e-05,2.1896e-05,2.0957e-05,1.9813e-05,1.8485e-05,1.6995e-05,1.5363e-05,1.3615e-05,1.1773e-05,9.8633e-06,7.9128e-06,5.9477e-06,3.9942e-06,2.0772e-06,2.1967e-07,-1.558e-06,-3.2384e-06,-4.8079e-06,-6.2566e-06,-7.5787e-06,-8.7721e-06,-9.8385e-06,-1.0783e-05,-1.1612e-05,-1.2335e-05,-1.2962e-05,-1.3505e-05,-1.3972e-05,-1.4373e-05,-1.4716e-05,-1.5005e-05,-1.5242e-05,-1.5427e-05,-1.5556e-05,-1.5621e-05,-1.5609e-05,-1.5502e-05,-1.5268e-05,-1.4849e-05,-1.4118e-05,-1.2746e-05,-9.8705e-06,-3.4248e-06
2.379e-05,6.2167e-05,7.9107e-05,8.692e-05,9.0407e-05,9.1489e-05,9.0973e-05,8.923e-05,8.6456e-05,8.2777e-05,7.8289e-05,7.3075e-05,6.7219e-05,6.0807e-05,5.393e-05,4.6683e-05,3.9166e-05,3.1485e-05,2.3743e-05,1.6042e-05,8.4812e-06,1.1509e-06,-5.8685e-06,-1.2509e-05,-1.8716e-05,-2.445e-05,-2.9689e-05,-3.4425e-05,-3.8662e-05,-4.2421e-05,-4.5728e-05,-4.8621e-05,-5.1138e-05,-5.3321e-05,-5.5209e-05,-5.6838e-05,-5.8234e-05,-5.9416e-05,-6.0394e-05,-6.1162e-05,-6.1705e-05,-6.1989e-05,-6.1964e-05,-6.1547e-05,-6.0603e-05,-5.8878e-05,-5.5839e-05,-5.0248e-05,-3.908e-05,-1.4735e-05
5.2599e-05,0.00013877,0.00017708,0.00019486,0.00020282,0.00020531,0.00020417,0.00020027,0.00019406,0.00018583,0.0001758,0.00016413,0.00015103,0.00013667,0.00012127,0.00010504,8.8193e-05,7.0972e-05,5.3609e-05,3.6335e-05,1.937e-05,2.9189e-06,-1.2838e-05,-2.7747e-05,-4.1685e-05,-5.4566e-05,-6.6338e-05,-7.6981e-05,-8.651e-05,-9.4967e-05,-0.00010242,-0.00010894,-0.00011462,-0.00011957,-0.00012385,-0.00012756,-0.00013075,-0.00013347,-0.00013573,-0.00013752,-0.00013881,-0.00013952,-0.00013953,-0.00013865,-0.00013657,-0.0001327,-0.00012579,-0.00011304,-8.7691e-05,-3.2777e-05
9.015e-05,0.00024462,0.00031441,0.00034681,0.0003612,0.00036563,0.00036355,0.00035658,0.00034553,0.0003309,0.00031306,0.00029234,0.00026906,0.00024355,0.00021617,0.00018729,0.00015732,0.00012667,9.5758e-05,6.5001e-05,3.4791e-05,5.4938e-06,-2.2565e-05,-4.9109e-05,-7.3922e-05,-9.6847e-05,-0.00011779,-0.00013672,-0.00015367,-0.00016871,-0.00018196,-0.00019356,-0.00020369,-0.0002125,-0.00022016,-0.00022681,-0.00023256,-0.00023748,-0.00024161,-0.00024492,-0.00024734,-0.00024875,-0.00024892,-0.00024751,-0.00024395,-0.00023711,-0.00022469,-0.00020147,-0.00015517,-5.6378e-05
0.0001352,0.00037844,0.00049104,0.00054358,0.00056675,0.00057378,0.00057046,0.00055944,0.00054207,0.00051913,0.00049118,0.00045872,0.00042225,0.00038227,0.00033934,0.00029404,0.00024702,0.00019891,0.00015039,0.0001021,5.4669e-05,8.6816e-06,-3.5349e-05,-7.6986e-05,-0.00011588,-0.0001518,-0.00018459,-0.0002142,-0.00024068,-0.00026417,-0.00028485,-0.00030296,-0.00031877,-0.00033255,-0.00034455,-0.00035499,-0.00036407,-0.00037188,-0.00037849,-0.00038386,-0.00038788,-0.00039034,-0.00039088,-0.00038896,-0.00038361,-0.00037297,-0.00035315,-0.00031556,-0.00024072,-8.4729e-05
0.00018702,0.00053915,0.0007068,0.00078592,0.00082078,0.00083134,0.00082654,0.00081051,0.00078529,0.00075205,0.0007116,0.00066463,0.00061183,0.00055393,0.00049172,0.00042607,0.00035787,0.00028808,0.00021768,0.00014761,7.8803e-05,1.2109e-05,-5.1712e-05,-0.00011202,-0.00016831,-0.00022022,-0.00026755,-0.00031024,-0.00034837,-0.00038213,-0.00041182,-0.0004378,-0.00046047,-0.00048024,-0.0004975,-0.00051258,-0.00052574,-0.00053716,-0.00054691,-0.00055495,-0.0005611,-0.00056504,-0.00056626,-0.00056391,-0.00055648,-0.00054106,-0.00051163,-0.00045518,-0.00034361,-0.00011732
0.00024524,0.000726,0.00096159,0.0010746,0.0011247,0.0011401,0.0011337,0.0011118,0.0010772,0.0010316,0.00097615,0.00091176,0.00083935,0.00075991,0.0006745,0.00058429,0.00049056,0.0003946,0.00029778,0.00020143,0.00010684,1.5201e-05,-7.2424e-05,-0.00015514,-0.00023224,-0.00030323,-0.00036784,-0.00042599,-0.00047782,-0.00052361,-0.0005638,-0.00059892,-0.00062954,-0.00065626,-0.00067962,-0.00070011,-0.00071811,-0.00073385,-0.00074744,-0.00075881,-0.00076771,-0.00077368,-0.00077597,-0.00077332,-0.00076349,-0.00074216,-0.0007005,-0.00062016,-0.00046325,-0.00015387
0.00030971,0.00093857,0.0012555,0.0014104,0.0014801,0.001502,0.0014943,0.0014656,0.0014201,0.0013601,0.001287,0.0012022,0.0011067,0.0010019,0.00088908,0.00076986,0.0006459,0.00051895,0.00039084,0.00026337,0.00013826,1.715e-05,-9.8539e-05,-0.00020759,-0.00030907,-0.00040231,-0.00048696,-0.00056294,-0.00063046,-0.00068994,-0.000742,-0.00078738,-0.0008269,-0.00086138,-0.0008916,-0.00091821,-0.00094173,-0.00096251,-0.00098067,-0.0009961,-0.0010085,-0.0010171,-0.001021,-0.0010182,-0.0010056,-0.00097699,-0.00092013,-0.0008104,-0.00059924,-0.00019421
0.0003804,0.0011768,0.0015888,0.0017945,0.0018885,0.0019192,0.0019107,0.0018746,0.0018167,0.0017402,0.0016469,0.0015385,0.0014163,0.0012819,0.0011372,0.00098412,0.00082484,0.00066166,0.00049695,0.00033308,0.00017235,1.6871e-05,-0.00013145,-0.00027102,-0.00040061,-0.00051936,-0.00062684,-0.00072297,-0.00080806,-0.00088273,-0.00094784,-0.0010044,-0.0010536,-0.0010965,-0.0011341,-0.0011675,-0.0011972,-0.0012237,-0.0012472,-0.0012675,-0.0012841,-0.0012962,-0.0013022,-0.0012995,-0.0012837,-0.0012463,-0.0011709,-0.0010259,-0.0007514,-0.00023827
0.00045736,0.0014409,0.0019622,0.0022279,0.0023519,0.0023943,0.0023858,0.0023419,0.0022703,0.0021752,0.0020589,0.0019235,0.0017706,0.0016024,0.0014209,0.0012287,0.0010285,0.00082332,0.00061617,0.00041011,0.00020812,1.2955e-05,-0.00017294,-0.00034749,-0.00050913,-0.00065677,-0.00078987,-0.00090839,-0.0010128,-0.001104,-0.001183,-0.0012515,-0.0013108,-0.0013625,-0.001408,-0.0014484,-0.0014849,-0.0015178,-0.0015474,-0.0015735,-0.0015954,-0.0016118,-0.0016207,-0.0016184,-0.001599,-0.001551,-0.0014535,-0.001267,-0.00091976,-0.00028608
0.00054073,0.0017311,0.0023764,0.0027122,0.0028724,0.0029297,0.0029226,0.0028709,0.0027845,0.0026687,0.0025267,0.0023608,0.0021732,0.0019662,0.0017426,0.0015054,0.0012582,0.0010046,0.00074851,0.00049382,0.00024434,3.5928e-06,-0.00022528,-0.00043965,-0.00063751,-0.00081752,-0.00097903,-0.0011221,-0.0012473,-0.0013559,-0.0014496,-0.0015302,-0.0015997,-0.0016603,-0.0017137,-0.0017616,-0.0018052,-0.0018452,-0.0018818,-0.0019148,-0.001943,-0.0019649,-0.0019774,-0.001976,-0.0019524,-0.0018921,-0.0017685,-0.001534,-0.0011046,-0.00033771
0.00063064,0.0020482,0.0028324,0.003249,0.0034522,0.0035285,0.0035248,0.0034655,0.0033633,0.003225,0.0030545,0.0028545,0.0026276,0.0023768,0.0021052,0.0018167,0.0015155,0.0012063,0.00089392,0.00058335,0.00027938,-1.3506e-05,-0.00029133,-0.00055078,-0.00078932,-0.0010053,-0.001198,-0.0013675,-0.0015148,-0.0016415,-0.0017498,-0.0018424,-0.0019218,-0.0019909,-0.002052,-0.0021073,-0.0021583,-0.002206,-0.0022505,-0.0022915,-0.0023274,-0.0023561,-0.0023735,-0.0023734,-0.0023452,-0.0022706,-0.002117,-0.0018279,-0.0013063,-0.00039334
0.00072724,0.0023926,0.0033315,0.00384,0.0040939,0.004194,0.0041961,0.00413,0.0040116,0.0038491,0.0036473,0.0034094,0.0031387,0.0028383,0.0025122,0.0021651,0.0018022,0.0014292,0.0010523,0.0006776,0.00031121,-4.1226e-05,-0.00037468,-0.00068499,-0.000969,-0.0012247,-0.0014512,-0.0016488,-0.0018189,-0.0019638,-0.0020863,-0.00219,-0.0022784,-0.002355,-0.0024231,-0.0024855,-0.002544,-0.0025999,-0.0026534,-0.0027037,-0.0027491,-0.0027861,-0.0028098,-0.0028119,-0.002779,-0.0026881,-0.0025004,-0.0021495,-0.0015258,-0.00045322
0.00083067,0.0027651,0.0038748,0.0044872,0.0048002,0.0049296,0.0049408,0.0048695,0.0047347,0.0045466,0.0043109,0.0040314,0.0037117,0.0033556,0.0029679,0.0025541,0.0021206,0.0016745,0.0012235,0.00077516,0.00033724,-8.3184e-05,-0.00047981,-0.0008474,-0.001182,-0.0014813,-0.0017442,-0.0019712,-0.0021644,-0.0023267,-0.0024622,-0.0025752,-0.0026707,-0.0027533,-0.0028271,-0.0028956,-0.0029615,-0.0030261,-0.0030898,-0.0031512,-0.003208,-0.0032557,-0.0032876,-0.0032931,-0.0032553,-0.0031464,-0.0029203,-0.0025006,-0.0017641,-0.00051771
0.00094099,0.0031661,0.0044635,0.0051926,0.005574,0.0057392,0.0057636,0.0056893,0.0055388,0.0053242,0.0050522,0.0047272,0.0043532,0.0039348,0.0034773,0.0029876,0.0024734,0.0019434,0.0014071,0.00087424,0.00035425,-0.0001439,-0.00061229,-0.0010444,-0.0014353,-0.0017821,-0.0020836,-0.002341,-0.0025566,-0.0027348,-0.0028807,-0.0030004,-0.0031001,-0.0031859,-0.0032632,-0.0033367,-0.0034095,-0.0034834,-0.0035584,-0.0036331,-0.0037039,-0.0037651,-0.0038077,-0.0038184,-0.0037763,-0.0036478,-0.0033791,-0.0028832,-0.0020229,-0.0005873
0.0010582,0.0035959,0.0050985,0.0059579,0.0064181,0.0066266,0.0066696,0.0065956,0.006431,0.0061896,0.0058794,0.0055051,0.0050713,0.004583,0.0040468,0.0034706,0.0028639,0.0022375,0.001603,0.00097262,0.00035818,-0.00022905,-0.00077912,-0.0012839,-0.0017372,-0.0021356,-0.0024779,-0.0027655,-0.0030021,-0.0031932,-0.0033457,-0.0034677,-0.0035674,-0.0036526,-0.0037304,-0.0038067,-0.0038856,-0.0039692,-0.0040574,-0.004148,-0.0042362,-0.0043145,-0.0043713,-0.0043898,-0.0043444,-0.0041953,-0.00388,-0.0033002,-0.0023041,-0.00066268
0.001182,0.0040546,0.0057805,0.0067848,0.0073354,0.0075963,0.0076645,0.0075955,0.0074193,0.0071519,0.006802,0.0063749,0.0058754,0.0053094,0.0046842,0.0040094,0.0032965,0.0025588,0.0018108,0.0010675,0.00034399,-0.0003457,-0.00098904,-0.0015758,-0.0020984,-0.0025526,-0.0029372,-0.0032542,-0.0035087,-0.0037081,-0.0038616,-0.0039797,-0.0040731,-0.0041522,-0.0042262,-0.0043025,-0.0043862,-0.0044799,-0.0045834,-0.0046934,-0.0048036,-0.0049038,-0.0049795,-0.0050096,-0.0049629,-0.0047926,-0.0044268,-0.0037552,-0.0026107,-0.00074473
0.0013121,0.0045414,0.0065093,0.0076742,0.0083283,0.0086522,0.0087543,0.0086965,0.0085131,0.0082217,0.0078316,0.0073485,0.0067774,0.0061247,0.005399,0.0046116,0.0037765,0.0029099,0.00203,0.0011555,0.00030537,-0.00050272,-0.001253,-0.0019326,-0.0025322,-0.0030464,-0.0034742,-0.0038185,-0.004086,-0.0042868,-0.0044331,-0.0045386,-0.0046173,-0.0046827,-0.0047468,-0.004819,-0.0049058,-0.0050103,-0.0051318,-0.0052658,-0.0054037,-0.0055325,-0.0056334,-0.0056804,-0.0056358,-0.0054447,-0.0050249,-0.0042533,-0.0029464,-0.00083463
0.0014479,0.005055,0.0072841,0.0086266,0.0093988,0.0097986,0.0099452,0.0099075,0.0097231,0.0094114,0.0089821,0.0084405,0.0077918,0.0070429,0.0062035,0.005287,0.0043106,0.0032942,0.0022602,0.0012324,0.00023445,-0.00071125,-0.0015848,-0.00237,-0.0030551,-0.0036337,-0.0041046,-0.0044722,-0.0047456,-0.004938,-0.0050656,-0.0051464,-0.0051988,-0.0052403,-0.0052864,-0.0053491,-0.0054366,-0.0055526,-0.0056958,-0.0058599,-0.0060335,-0.0061995,-0.0063344,-0.0064056,-0.0063682,-0.0061578,-0.0056811,-0.0048009,-0.003316,-0.00093394
0.0015881,0.0055929,0.0081024,0.0096407,0.010548,0.011039,0.011244,0.011238,0.011062,0.010736,0.01027,0.0096687,0.0089367,0.008081,0.0071129,0.0060482,0.0049077,0.003716,0.0025012,0.001293,0.00012141,-0.00098526,-0.0020018,-0.0029076,-0.0036881,-0.0043353,-0.0048482,-0.0052329,-0.0055016,-0.0056718,-0.005765,-0.0058048,-0.0058153,-0.0058192,-0.0058364,-0.0058825,-0.0059677,-0.0060963,-0.0062661,-0.0064685,-0.0066883,-0.0069034,-0.0070838,-0.0071896,-0.0071667,-0.0069403,-0.0064045,-0.0054065,-0.0037259,-0.0010447
0.0017311,0.0061508,0.0089601,0.010714,0.011776,0.012377,0.012657,0.012698,0.012544,0.012213,0.011716,0.011055,0.010234,0.0092607,0.0081468,0.0069112,0.0055792,0.0041814,0.0027529,0.0013311,-4.6044e-05,-0.0013424,-0.0025259,-0.0035705,-0.0044577,-0.0051777,-0.0057297,-0.0061221,-0.0063712,-0.0065005,-0.006538,-0.0065148,-0.0064624,-0.0064104,-0.0063846,-0.0064048,-0.0064838,-0.0066267,-0.0068299,-0.0070817,-0.0073618,-0.0076416,-0.0078833,-0.0080376,-0.0080399,-0.007803,-0.0072067,-0.0060813,-0.0041847,-0.0011696
0.0018746,0.0067225,0.0098503,0.011841,0.01308,0.013813,0.014192,0.014301,0.014185,0.013865,0.013345,0.012627,0.011713,0.01061,0.0093301,0.0078967,0.0063401,0.0046984,0.0030155,0.0013388,-0.0002833,-0.0018049,-0.003185,-0.0043904,-0.0053975,-0.0061943,-0.0067802,-0.0071668,-0.007376,-0.0074386,-0.0073917,-0.0072762,-0.0071332,-0.0070013,-0.0069137,-0.006896,-0.0069642,-0.0071239,-0.0073699,-0.0076859,-0.0080453,-0.0084111,-0.0087352,-0.008957,-0.0089989,-0.0087598,-0.0081031,-0.0068397,-0.0047031,-0.001312
0.0020154,0.0072992,0.010763,0.013013,0.014455,0.015349,0.015853,0.016058,0.016006,0.015715,0.015187,0.014419,0.013409,0.012163,0.010695,0.0090316,0.0072101,0.0052778,0.00329,0.001307,-0.00060965,-0.002401,-0.0040146,-0.0054077,-0.0065505,-0.0074277,-0.0080395,-0.0084013,-0.0085425,-0.0085038,-0.0083343,-0.0080874,-0.007817,-0.0075736,-0.0074,-0.0073289,-0.0073805,-0.0075611,-0.0078627,-0.0082633,-0.0087275,-0.0092073,-0.0096421,-0.0099569,-0.010059,-0.0098294,-0.0091138,-0.0077008,-0.0052955,-0.0014764
0.0021489,0.007868,0.011682,0.014217,0.015893,0.016981,0.017648,0.017983,0.018028,0.017795,0.01728,0.016472,0.015366,0.013965,0.012283,0.010351,0.0082152,0.0059344,0.0035784,0.0012242,-0.0010493,-0.0031666,-0.0050598,-0.0066742,-0.0079714,-0.0089323,-0.0095577,-0.0098685,-0.0099038,-0.0097175,-0.0093741,-0.0089441,-0.0084981,-0.0081016,-0.0078104,-0.0076664,-0.0076948,-0.0079024,-0.0082774,-0.0087899,-0.0093932,-0.010025,-0.010608,-0.01105,-0.011239,-0.011036,-0.010265,-0.008689,-0.0059802,-0.0016685
0.0022691,0.0084115,0.012588,0.015432,0.017377,0.018703,0.019578,0.020091,0.020278,0.020143,0.01967,0.018842,0.017644,0.016073,0.014148,0.011901,0.00939,0.0066881,0.0038843,0.0010769,-0.0016329,-0.0041472,-0.0063786,-0.0082563,-0.0097308,-0.010778,-0.011399,-0.011623,-0.011502,-0.011106,-0.010521,-0.0098392,-0.0091537,-0.0085499,-0.0081002,-0.0078584,-0.0078558,-0.0080998,-0.008573,-0.0092347,-0.010023,-0.010857,-0.011638,-0.012253,-0.012564,-0.012411,-0.011591,-0.0098363,-0.0067808,-0.0018956
0.0023683,0.0089064,0.01345,0.016631,0.018887,0.020502,0.021644,0.022397,0.022786,0.022802,0.022416,0.021595,0.020314,0.018564,0.01636,0.013742,0.01078,0.0075665,0.0042138,0.00084839,-0.0023988,-0.0054012,-0.0080454,-0.01024,-0.01192,-0.013054,-0.013647,-0.013736,-0.013389,-0.012701,-0.011784,-0.01076,-0.0097515,-0.0088696,-0.0082085,-0.0078373,-0.0077954,-0.0080898,-0.0086954,-0.0095568,-0.010592,-0.011695,-0.012741,-0.013587,-0.01407,-0.013997,-0.013136,-0.011184,-0.0077279,-0.002167
0.0024362,0.0093213,0.014229,0.017774,0.02039,0.022359,0.023842,0.024915,0.025586,0.025828,0.025589,0.024818,0.023472,0.021532,0.019011,0.015955,0.012448,0.0086069,0.0045764,0.00051899,-0.0033958,-0.0070034,-0.010156,-0.012734,-0.014655,-0.015878,-0.016407,-0.016295,-0.015631,-0.014541,-0.013174,-0.011689,-0.010246,-0.0089936,-0.0080527,-0.0075126,-0.0074223,-0.007788,-0.0085735,-0.0097033,-0.011068,-0.01253,-0.013928,-0.015085,-0.015801,-0.015848,-0.014957,-0.012785,-0.0088602,-0.0024944
0.0024598,0.0096153,0.014872,0.018807,0.02184,0.024241,0.026161,0.027658,0.028718,0.029285,0.029279,0.028619,0.02724,0.025106,0.022223,0.018645,0.014475,0.0098605,0.0049871,6.4956e-05,-0.0046855,-0.0090496,-0.012835,-0.015884,-0.018089,-0.019398,-0.019819,-0.019417,-0.018315,-0.016678,-0.014701,-0.012596,-0.010576,-0.0088308,-0.0075217,-0.0067628,-0.0066153,-0.0070832,-0.0081144,-0.0096058,-0.011411,-0.01335,-0.015218,-0.016788,-0.017817,-0.018036,-0.017131,-0.014707,-0.010227,-0.0028923
0.0024227,0.0097353,0.015308,0.019657,0.023171,0.026101,0.02858,0.030636,0.032226,0.033253,0.033597,0.033138,0.031774,0.029448,0.026154,0.021953,0.016972,0.011397,0.0054684,-0.00054201,-0.0063463,-0.011664,-0.016242,-0.019875,-0.022421,-0.023812,-0.02406,-0.023252,-0.021549,-0.019171,-0.016375,-0.013443,-0.010652,-0.0082568,-0.0064651,-0.0054252,-0.005213,-0.0058284,-0.0071967,-0.0091768,-0.011573,-0.014147,-0.016635,-0.018753,-0.0202,-0.020656,-0.019754,-0.017039,-0.011891,-0.0033789
0.0023042,0.0096132,0.015446,0.020226,0.024294,0.027872,0.03106,0.033851,0.036156,0.037826,0.038684,0.038551,0.03728,0.034775,0.031016,0.026069,0.020088,0.013314,0.0060539,-0.0013356,-0.0084781,-0.015005,-0.020585,-0.024948,-0.027908,-0.029375,-0.029364,-0.027993,-0.025475,-0.022098,-0.018206,-0.01417,-0.010358,-0.0071033,-0.0046808,-0.0032817,-0.0030007,-0.0038298,-0.0056623,-0.0083041,-0.011491,-0.014911,-0.01822,-0.021059,-0.023058,-0.023832,-0.022951,-0.01989,-0.01393,-0.0039764
0.0020794,0.0091631,0.015166,0.020383,0.025087,0.029454,0.033542,0.037295,0.04056,0.043118,0.044712,0.045086,0.044022,0.041372,0.037089,0.031242,0.024025,0.015741,0.0067924,-0.0023556,-0.011209,-0.019281,-0.026137,-0.031421,-0.034888,-0.036419,-0.036036,-0.033894,-0.030273,-0.025557,-0.020201,-0.014695,-0.0095282,-0.0051415,-0.0018959,-4.0312e-05,0.00030751,-0.00083182,-0.0033053,-0.0068452,-0.011095,-0.015639,-0.020031,-0.023815,-0.026535,-0.027726,-0.026885,-0.023403,-0.016441,-0.0047114
0.0017181,0.0082776,0.014317,0.019959,0.025385,0.03071,0.035935,0.040938,0.045487,0.049262,0.0519,0.053033,0.052345,0.049612,0.044744,0.037812,0.029053,0.018859,0.0077546,-0.0036495,-0.014701,-0.024761,-0.033253,-0.039708,-0.043803,-0.045383,-0.044475,-0.041284,-0.036182,-0.029674,-0.022364,-0.014904,-0.0079411,-0.0020615,0.0022576,0.0046913,0.0050927,0.003503,0.00014156,-0.0046204,-0.010299,-0.016338,-0.022157,-0.027175,-0.030825,-0.032551,-0.031762,-0.027752,-0.019545,-0.0056158
0.0011848,0.0068245,0.012704,0.01873,0.024965,0.031444,0.038098,0.044722,0.050976,0.056411,0.060514,0.062765,0.062702,0.059993,0.054481,0.046233,0.035542,0.022915,0.0090413,-0.0052736,-0.019168,-0.031795,-0.042395,-0.05035,-0.055233,-0.05684,-0.055205,-0.050599,-0.043512,-0.034612,-0.024698,-0.014639,-0.0052927,0.002557,0.0082772,0.011441,0.011864,0.0096206,0.0050253,-0.0014041,-0.0090053,-0.017035,-0.02473,-0.031347,-0.036189,-0.038586,-0.037849,-0.033161,-0.023386,-0.0067266
0.00043876,0.0046439,0.010088,0.01641,0.023529,0.031385,0.039825,0.048538,0.05705,0.064739,0.070887,0.074758,0.075688,0.073175,0.06697,0.057119,0.043991,0.028247,0.010795,-0.0072956,-0.024881,-0.040842,-0.054174,-0.06406,-0.06994,-0.071543,-0.068914,-0.062409,-0.05267,-0.04058,-0.0272,-0.01368,-0.0011698,0.0092844,0.016836,0.02092,0.021304,0.018112,0.011796,0.0030841,-0.0071122,-0.017791,-0.027945,-0.036629,-0.042977,-0.046195,-0.045481,-0.039901,-0.028139,-0.0080859
-0.00056517,0.0015457,0.0061691,0.012632,0.020683,0.030159,0.040809,0.052202,0.063693,0.074432,0.083425,0.08963,0.092084,0.090046,0.083113,0.071304,0.05508,0.035314,0.013212,-0.0097983,-0.032198,-0.052504,-0.069387,-0.081773,-0.088924,-0.090485,-0.08651,-0.077466,-0.064194,-0.047858,-0.02986,-0.011732,0.0049881,0.018896,0.02885,0.034094,0.034333,0.029762,0.021038,0.0091889,-0.0045189,-0.018724,-0.032098,-0.043431,-0.051661,-0.05585,-0.055086,-0.048307,-0.034011,-0.0097401
-0.0018749,-0.0026906,0.00058602,0.0069311,0.01591,0.02725,0.040605,0.05541,0.070815,0.085677,0.098622,0.10817,0.11293,0.1118,0.10414,0.08992,0.069735,0.044744,0.016567,-0.012887,-0.041589,-0.067573,-0.089086,-0.10472,-0.1135,-0.11497,-0.10919,-0.096765,-0.078799,-0.056817,-0.032671,-0.0083979,0.01394,0.032444,0.045566,0.052278,0.052194,0.045619,0.033508,0.017327,-0.0011476,-0.020053,-0.037628,-0.052331,-0.062873,-0.068167,-0.067196,-0.058785,-0.04124,-0.011738
-0.0035386,-0.0083143,-0.0070941,-0.0012733,0.0085309,0.021953,0.038566,0.057676,0.078203,0.098631,0.11707,0.13141,0.13961,0.14004,0.13172,0.11452,0.089218,0.057389,0.021224,-0.0167,-0.053676,-0.087097,-0.11466,-0.13451,-0.1454,-0.1467,-0.13852,-0.12162,-0.097438,-0.06796,-0.035627,-0.0031481,0.026708,0.051362,0.06869,0.077272,0.076585,0.067093,0.05019,0.027992,0.0030186,-0.022156,-0.045192,-0.064139,-0.077459,-0.083935,-0.082473,-0.071815,-0.050095,-0.014128
-0.0056005,-0.015598,-0.017377,-0.012695,-0.0023252,0.013313,0.033761,0.058238,0.085429,0.11336,0.13944,0.16066,0.17401,0.17701,0.16816,0.14723,0.11525,0.074395,0.027671,-0.021434,-0.069296,-0.11247,-0.14792,-0.17327,-0.18687,-0.18794,-0.17658,-0.15379,-0.12139,-0.081979,-0.038749,0.004707,0.044665,0.077601,0.10057,0.11156,0.10984,0.096095,0.072362,0.041744,0.0078671,-0.025677,-0.055773,-0.079988,-0.09655,-0.10416,-0.10173,-0.087961,-0.060872,-0.016956
-0.0080968,-0.02483,-0.030839,-0.028192,-0.017765,4.7782e-05,0.02486,0.055908,0.091701,0.12976,0.16652,0.19765,0.21866,0.22577,0.21668,0.19099,0.15017,0.097297,0.036529,-0.027382,-0.089584,-0.14553,-0.19129,-0.22377,-0.24089,-0.24162,-0.2261,-0.19557,-0.15238,-0.099838,-0.042115,0.016045,0.069634,0.11381,0.14444,0.15862,0.15523,0.13525,0.1017,0.059181,0.013028,-0.031689,-0.070837,-0.10146,-0.12163,-0.13012,-0.12594,-0.10787,-0.073891,-0.020258
-0.011053,-0.036307,-0.04812,-0.048773,-0.039159,-0.019529,0.0099818,0.048853,0.095615,0.14729,0.19908,0.24465,0.27712,0.29066,0.28177,0.24987,0.19717,0.12812,0.048559,-0.035009,-0.1161,-0.18877,-0.24793,-0.28965,-0.31129,-0.31157,-0.29064,-0.25004,-0.19272,-0.1229,-0.045935,0.031945,0.10401,0.16359,0.2048,0.22333,0.21738,0.18823,0.14038,0.080854,0.01764,-0.041984,-0.09258,-0.13074,-0.15465,-0.16337,-0.15625,-0.13227,-0.089487,-0.024065
-0.014487,-0.05033,-0.069903,-0.075566,-0.068137,-0.04758,-0.013497,0.034264,0.094729,0.16469,0.23779,0.30463,0.35442,0.37793,0.36984,0.32952,0.26054,0.16947,0.064629,-0.04508,-0.15103,-0.24549,-0.32199,-0.37561,-0.40306,-0.40276,-0.37486,-0.32127,-0.2456,-0.15313,-0.050679,0.053654,0.15088,0.23179,0.2879,0.31266,0.30295,0.26027,0.19133,0.10707,0.019903,-0.059543,-0.12428,-0.17082,-0.19803,-0.20577,-0.19396,-0.16196,-0.10802,-0.028404
-0.018423,-0.067208,-0.096878,-0.10974,-0.10651,-0.086752,-0.049158,0.0078497,0.084817,0.17915,0.28282,0.38165,0.45794,0.49674,0.49009,0.43783,0.34599,0.22462,0.0856,-0.058876,-0.19743,-0.32014,-0.41894,-0.48776,-0.52261,-0.52157,-0.48481,-0.4146,-0.3153,-0.19337,-0.057311,0.082476,0.2141,0.32487,0.40246,0.4367,0.42185,0.35914,0.25847,0.13742,0.016195,-0.089382,-0.17083,-0.2257,-0.25471,-0.25935,-0.24045,-0.19778,-0.12987,-0.033314
-0.022913,-0.087244,-0.12964,-0.15229,-0.15599,-0.13999,-0.1017,-0.036902,0.058507,0.18477,0.33296,0.4813,0.59899,0.66098,0.65595,0.58569,0.461,0.29743,0.11206,-0.078561,-0.25963,-0.41869,-0.54586,-0.63389,-0.67806,-0.67612,-0.62825,-0.53706,-0.40766,-0.24774,-0.067672,0.11949,0.29824,0.45124,0.56061,0.6102,0.58918,0.49683,0.34722,0.16962,-0.00081442,-0.14011,-0.23952,-0.30043,-0.32784,-0.32601,-0.29694,-0.24051,-0.15538,-0.038849
-0.028031,-0.11064,-0.16841,-0.20349,-0.21743,-0.20984,-0.17673,-0.10967,0.0027872,0.16911,0.3832,0.61176,0.79588,0.89237,0.88709,0.788,0.61492,0.39209,0.14382,-0.10776,-0.34381,-0.54909,-0.71192,-0.82392,-0.87969,-0.87667,-0.81506,-0.69775,-0.53054,-0.32225,-0.085113,0.16497,0.40825,0.62147,0.77891,0.85491,0.82869,0.6929,0.4653,0.19643,-0.046352,-0.22669,-0.34086,-0.40071,-0.41975,-0.40659,-0.36391,-0.29056,-0.18463,-0.044987
-0.033749,-0.13719,-0.21247,-0.26172,-0.2891,-0.29639,-0.27918,-0.22357,-0.10492,0.10531,0.41748,0.78561,1.0802,1.2258,1.2123,1.0645,0.81868,0.51222,0.17894,-0.15243,-0.45872,-0.72198,-0.9289,-1.0702,-1.14,-1.1357,-1.0576,-0.90847,-0.69458,-0.42562,-0.11542,0.21736,0.54853,0.84784,1.0793,1.2027,1.1787,0.98117,0.62418,0.19661,-0.15277,-0.37461,-0.4883,-0.53033,-0.5292,-0.49862,-0.43991,-0.34755,-0.21694,-0.05127
-0.0396,-0.16592,-0.25936,-0.32149,-0.3634,-0.39267,-0.40782,-0.39118,-0.29938,-0.062919,0.38545,1.0236,1.5099,1.7182,1.6727,1.4397,1.0836,0.65941,0.21217,-0.22225,-0.6166,-0.95092,-1.2112,-1.388,-1.475,-1.4694,-1.3712,-1.1837,-0.91345,-0.57019,-0.16837,0.27149,0.72114,1.143,1.4888,1.6987,1.7011,1.423,0.84149,0.1073,-0.38633,-0.62113,-0.69214,-0.68393,-0.64528,-0.59217,-0.5194,-0.41012,-0.25021,-0.056068
-0.044424,-0.19526,-0.30419,-0.37076,-0.42252,-0.47713,-0.54246,-0.60678,-0.61275,-0.43165,0.12564,1.3608,2.191,2.4598,2.323,1.9396,1.4175,0.83046,0.23365,-0.33133,-0.83452,-1.255,-1.5783,-1.7951,-1.9008,-1.8936,-1.7738,-1.5431,-1.2064,-0.77329,-0.25837,0.31716,0.92264,1.5148,2.0348,2.401,2.4915,2.1285,1.1451,-0.26312,-0.85292,-0.99393,-0.93729,-0.83163,-0.73821,-0.66392,-0.5895,-0.47695,-0.28153,-0.056442
-0.048228,-0.22516,-0.33899,-0.38871,-0.43653,-0.5075,-0.62487,-0.80246,-0.99776,-1.028,-0.85539,1.8537,3.2651,3.5612,3.2333,2.5977,1.8239,1.0104,0.22037,-0.50406,-1.1341,-1.6519,-2.0477,-2.3148,-2.4463,-2.4374,-2.2884,-2.0041,-1.5915,-1.0573,-0.41108,0.32944,1.1356,1.9641,2.7475,3.3755,3.6557,3.2351,1.5803,-1.4797,-1.5492,-1.4179,-1.1346,-0.90023,-0.75418,-0.67404,-0.62463,-0.54742,-0.31086,-0.053935
-0.063842,-0.26232,-0.34291,-0.3471,-0.37293,-0.43031,-0.55136,-0.78341,-1.1395,-1.2462,-3.4303,2.6399,4.5291,4.8278,4.3348,3.4262,2.3274,1.2045,0.15797,-0.76577,-1.5503,-2.1854,-2.6588,-2.9659,-3.1114,-3.1009,-2.9345,-2.6067,-2.1128,-1.4574,-0.6522,0.29358,1.3637,2.5084,3.6175,4.508,4.9318,4.4821,2.2993,-4.5193,-1.6843,-1.5116,-1.0606,-0.77699,-0.63542,-0.57971,-0.57776,-0.59741,-0.35424,-0.082826
-0.16285,-0.33213,-0.20628,-0.24095,-0.22998,-0.23203,-0.23628,-0.21813,-0.28219,-0.0094987,-0.69933,-0.32938,3.5343,4.9685,4.9918,4.1301,2.7766,1.325,-0.012553,-1.1604,-2.0976,-2.8364,-3.4014,-3.7927,-3.9893,-3.9768,-3.7553,-3.3399,-2.7514,-1.9891,-1.0282,0.14253,1.4959,2.9418,4.2478,5.0022,4.796,3.048,-1.3485,-1.014,-0.074949,-0.47229,-0.3793,-0.40558,-0.39922,-0.39678,-0.4117,-0.36335,-0.53907,-0.28561
-0.068682,-0.27065,-0.32352,-0.35537,-0.37127,-0.43132,-0.55445,-0.7765,-1.162,-1.1297,2.5962,0.31201,4.1532,5.9516,6.3677,5.3855,3.4167,1.3734,-0.3481,-1.7384,-2.8793,-3.7771,-4.3999,-4.7701,-4.9376,-4.9235,-4.7279,-4.3299,-3.6797,-2.7561,-1.5934,-0.19232,1.5128,3.491,5.3363,6.1563,5.588,3.5678,0.08155,2.9382,-1.5276,-1.5432,-1.0511,-0.781,-0.63616,-0.57809,-0.58675,-0.57506,-0.36413,-0.088446
-0.13021,-0.37094,-0.48881,-0.70811,-0.87756,-1.0581,-1.3111,-1.6681,-2.0069,-1.4162,3.5471,1.5587,2.2714,8.686,9.8083,8.6092,4.9568,1.6357,-0.83218,-2.5652,-3.7655,-4.6886,-5.4802,-6.0767,-6.3761,-6.3589,-6.0255,-5.3971,-4.5779,-3.632,-2.4191,-0.70009,1.7069,4.9109,8.4077,9.479,8.4329,2.1332,1.7176,3.5935,-1.7961,-2.4486,-2.0361,-1.605,-1.3023,-1.0986,-0.91978,-0.67004,-0.4788,-0.16836
-0.13456,-0.40941,-0.94222,-1.3475,-1.6047,-1.7621,-1.8457,-1.804,-1.4349,-0.28232,1.9139,1.2797,0.4455,4.9385,17.009,15.544,7.8599,2.0678,-1.242,-3.4802,-5.2233,-6.4137,-7.0366,-7.3483,-7.5159,-7.4969,-7.2932,-6.9477,-6.2923,-5.0798,-3.3418,-1.1463,2.0805,7.7591,15.333,16.952,4.8009,0.48614,1.1522,1.7379,-0.63815,-1.8494,-2.1791,-2.1525,-2.0085,-1.8107,-1.5286,-1.0953,-0.50559,-0.16626
-0.15726,-0.46783,-1.5259,-2.1934,-2.508,-2.5389,-2.2966,-1.7164,-0.69853,0.74756,2.0776,1.6062,-0.39221,-1.1844,6.7097,32.48,16.829,3.9431,-1.9001,-4.5143,-5.8982,-7.1805,-8.5472,-9.5402,-9.9517,-9.9281,-9.4682,-8.4306,-7.0378,-5.754,-4.3889,-1.8194,3.9614,16.82,32.396,6.5991,-1.4797,-0.52542,1.3958,1.8143,0.41285,-1.0556,-2.0397,-2.5586,-2.739,-2.6611,-2.3177,-1.6332,-0.55695,-0.18698
-0.17416,-0.51845,-2.2623,-3.2626,-3.6645,-3.5929,-3.0843,-2.1005,-0.6059,1.3068,3.2634,4.6016,4.9149,2.2522,-15.566,19.798,41.439,13.113,1.8022,-5.1904,-8.9112,-10.263,-10.452,-10.678,-11.041,-11.012,-10.6,-10.34,-10.12,-8.7464,-5.0539,1.8679,13.161,41.674,19.666,-15.723,1.8024,4.509,4.2299,2.9206,0.98306,-0.89833,-2.34,-3.2583,-3.7039,-3.7282,-3.3036,-2.3097,-0.60009,-0.2014
-0.19123,-0.56665,-3.1277,-4.5636,-5.1553,-5.1231,-4.5705,-3.5119,-1.9478,0.048498,2.2557,4.2647,5.4461,4.4724,-0.77612,-7.1258,36.847,30.765,13.403,-0.13244,-6.5419,-10.238,-13.123,-14.688,-15.103,-15.071,-14.584,-12.943,-10.019,-6.3631,-0.01646,13.551,31.231,36.778,-7.516,-1.2099,3.9189,4.9071,3.7955,1.8736,-0.24854,-2.1629,-3.6456,-4.6261,-5.1119,-5.0995,-4.4982,-3.1015,-0.64067,-0.21589
-0.20608,-0.60839,-4.0792,-6.0527,-6.9675,-7.1609,-6.8257,-6.0339,-4.7922,-3.0941,-0.97831,1.3436,3.1887,2.9579,-1.1704,-3.953,37.082,37.94,41.712,-1.2841,-11.881,-13.545,-13.535,-14.833,-16.318,-16.264,-14.693,-13.366,-13.375,-11.657,-0.94817,42.374,38.041,36.679,-4.5248,-1.8647,2.2377,2.5412,0.82071,-1.3597,-3.338,-4.9113,-6.0428,-6.7411,-7.0046,-6.7712,-5.8647,-3.9704,-0.67489,-0.22823
-0.21766,-0.64098,-5.0244,-7.6018,-8.9548,-9.5314,-9.613,-9.3249,-8.6611,-7.4907,-5.5482,-2.4501,2.165,8.1847,13.931,13.38,-13.907,51.507,74.07,9.1355,-6.2181,-12.724,-18.941,-21.991,-22.824,-22.775,-21.837,-18.646,-12.285,-5.7357,9.6481,74.65,51.137,-14.421,12.445,12.962,7.3142,1.4538,-2.9764,-5.8862,-7.6512,-8.6637,-9.1933,-9.3736,-9.2161,-8.6067,-7.2843,-4.8308,-0.69997,-0.2373
-0.22522,-0.66233,-5.8372,-9.0157,-10.865,-11.908,-12.497,-12.813,-12.874,-12.525,-11.413,-8.9021,-3.9131,5.3314,21.175,43.433,53.879,-45.088,87.8,6.8803,6.5435,-5.1244,-12.99,-21.413,-26.48,-26.375,-21.119,-12.604,-4.7674,7.0479,8.2207,87.805,-45.828,52.848,42.269,20.085,4.4149,-4.6153,-9.3787,-11.669,-12.576,-12.743,-12.53,-12.095,-11.429,-10.364,-8.5716,-5.5635,-0.71386,-0.24237
-0.22816,-0.67101,-6.3912,-10.081,-12.407,-13.905,-14.965,-15.814,-16.52,-17.015,-17.122,-16.587,-15.081,-12.112,-6.8554,1.9328,17.044,56.105,131.58,12.139,49.297,5.461,-24.543,-34.888,-38.22,-38.129,-34.616,-24.028,6.3876,50.588,13.07,130.91,54.962,15.681,0.58508,-8.0214,-13.028,-15.733,-16.981,-17.272,-16.94,-16.247,-15.376,-14.402,-13.268,-11.762,-9.5221,-6.0479,-0.71514,-0.24284
-0.2264,-0.6668,-6.5951,-10.624,-13.328,-15.186,-16.575,-17.733,-18.756,-19.644,-20.368,-21.01,-21.927,-23.89,-27.79,-32.452,-26.595,31.52,260.18,25.34,57.086,29.115,-16.467,-42.407,-51.265,-51.085,-41.83,-15.459,30.43,58.557,25.701,258.93,29.843,-28.303,-33.899,-28.919,-24.716,-22.471,-21.286,-20.391,-19.432,-18.338,-17.143,-15.86,-14.404,-12.556,-9.9693,-6.1971,-0.7036,-0.23864
-0.22038,-0.65066,-6.4168,-10.556,-13.477,-15.549,-17.079,-18.269,-19.2,-19.854,-20.186,-20.228,-20.203,-20.544,-21.481,-21.195,-10.739,31.624,130.56,151.91,205.52,-49.668,-69.843,-72.059,-73.059,-72.904,-71.578,-68.899,-47.773,208.48,151.4,128.8,29.29,-12.709,-22.636,-22.488,-21.217,-20.595,-20.359,-20.067,-19.501,-18.639,-17.537,-16.226,-14.642,-12.603,-9.8286,-5.9812,-0.68021,-0.2302
-0.21081,-0.62438,-5.8874,-9.8864,-12.837,-14.958,-16.452,-17.456,-18,-18.012,-17.363,-15.922,-13.623,-10.514,-6.8573,-3.4233,-1.547,2.0088,33.526,151.95,294.36,-18.553,-89.855,-96.604,-94.876,-94.665,-95.795,-87.927,-15.322,295.71,151.74,29.855,-0.71,-3.2476,-4.5105,-7.575,-10.962,-13.83,-15.892,-17.098,-17.521,-17.306,-16.598,-15.483,-13.951,-11.888,-9.1131,-5.4313,-0.64669,-0.21822
-0.1986,-0.59028,-5.0861,-8.7155,-11.506,-13.523,-14.855,-15.558,-15.613,-14.912,-13.284,-10.534,-6.4846,-1.0261,5.7903,13.464,20.322,21.967,11.746,33.511,352.19,-1.0577,-101.57,-114.64,-112.39,-112.28,-114.24,-100.72,0.88735,361.41,24.97,9.3925,20.484,19.31,12.789,5.3559,-1.2571,-6.5134,-10.349,-12.88,-14.293,-14.801,-14.594,-13.796,-12.448,-10.513,-7.9216,-4.625,-0.60542,-0.20362
-0.18464,-0.55075,-4.117,-7.1977,-9.6669,-11.456,-12.549,-12.931,-12.55,-11.302,-9.0512,-5.6697,-1.0897,4.6568,11.423,18.978,27.042,34.564,32.376,-49.943,323.75,30.811,-95.014,-121.47,-122.43,-122.39,-121.17,-93.632,34.941,323.76,-49.401,28.611,32.634,26.129,18.501,11.178,4.5942,-0.96811,-5.3494,-8.5234,-10.573,-11.642,-11.886,-11.429,-10.342,-8.6575,-6.4061,-3.6638,-0.55873,-0.18728
-0.16974,-0.508,-3.0851,-5.5053,-7.5351,-9.0085,-9.8261,-9.9212,-9.2288,-7.678,-5.2165,-1.8595,2.2512,6.8077,11.37,15.537,19.19,21.766,16.082,-35.675,262.19,64.46,-75.986,-118.1,-124.91,-125.01,-118.22,-75.659,65.441,261.32,-34.79,16.136,21.514,18.914,15.34,11.292,6.8785,2.4938,-1.4271,-4.5871,-6.8596,-8.2475,-8.8223,-8.6736,-7.8843,-6.5353,-4.7346,-2.6495,-0.50885,-0.16999
-0.15454,-0.46393,-2.0794,-3.7964,-5.32,-6.4244,-6.956,-6.8141,-5.9334,-4.2851,-1.9071,1.0405,4.209,7.0196,8.7277,8.7386,7.3055,6.1021,5.6914,-5.4161,214.46,76.157,-60.56,-111.57,-123.12,-123.27,-111.85,-60.392,77.504,217.61,-8.3994,5.9405,6.2629,7.2562,8.6657,8.7447,7.1809,4.5425,1.5605,-1.1989,-3.4017,-4.9048,-5.6884,-5.7985,-5.3156,-4.3505,-3.0606,-1.6676,-0.45769,-0.15242
-0.13951,-0.41996,-1.1643,-2.1957,-3.1958,-3.912,-4.1622,-3.8272,-2.8445,-1.2171,0.9531,3.4062,5.649,6.8938,6.1115,2.4473,-3.523,-7.5055,-1.1324,16.079,191.22,73.723,-51.779,-105.55,-119.77,-119.88,-105.63,-51.011,76.323,192.79,15.027,-1.692,-7.8716,-3.7855,2.3189,6.1471,7.1081,6.0487,3.9925,1.7188,-0.29105,-1.7923,-2.6989,-3.0229,-2.8386,-2.2717,-1.5038,-0.77984,-0.40666,-0.13503
-0.12503,-0.37729,-0.37885,-0.78758,-1.2887,-1.6275,-1.6133,-1.119,-0.081833,1.4839,3.4553,5.5423,7.2009,7.5268,5.2063,-1.1702,-11.57,-20.284,-10.346,34.539,178.84,66.462,-48.249,-101.1,-116.21,-116.24,-100.89,-46.931,69.518,179.65,34.05,-11.071,-20.965,-12.028,-1.3689,5.2476,7.7831,7.6546,6.18,4.2611,2.4331,0.97359,-0.0081033,-0.51011,-0.60378,-0.41941,-0.14405,-0.022667,-0.357,-0.11823
-0.11132,-0.33661,0.25931,0.38175,0.32412,0.32697,0.57559,1.1979,2.2607,3.7593,5.5924,7.5146,9.0472,9.322,6.8491,-0.59659,-14.944,-32.349,-27.959,52.781,166.36,58.438,-45.761,-96.815,-112.19,-112.14,-96.345,-44.093,61.53,166.44,52.785,-28.832,-33.22,-15.493,-0.80265,6.928,9.632,9.5538,8.1949,6.4249,4.716,3.3032,2.2763,1.6303,1.2924,1.1342,0.97605,0.58819,-0.30942,-0.10221
-0.098513,-0.2984,0.74897,1.2971,1.6079,1.8978,2.3373,3.0487,4.1033,5.5152,7.2306,9.1013,10.825,11.794,10.726,4.9335,-10.357,-38.537,-55.562,63.46,161.53,43.873,-45.638,-92.205,-107.23,-107.12,-91.577,-43.834,46.728,161.24,63.548,-56.612,-39.48,-10.87,4.807,10.888,12.175,11.386,9.8174,8.0788,6.4671,5.121,4.0847,3.3365,2.8014,2.3586,1.8442,1.0528,-0.26442,-0.087125
-0.086676,-0.26292,1.0999,1.9664,2.5617,3.0727,3.6486,4.3991,5.3925,6.6553,8.1722,9.8881,11.704,13.429,14.537,13.23,3.4617,-31.349,-106.78,87.427,108.7,54.06,-35.995,-84.112,-100.42,-100.27,-83.427,-34.243,56.498,108.33,87.474,-108.18,-32.273,3.1016,13.253,14.811,13.887,12.314,10.63,9.0253,7.5922,6.3771,5.3871,4.5899,3.9152,3.2561,2.4704,1.3818,-0.22229,-0.073061
-0.075794,-0.23019,1.3284,2.4129,3.2095,3.8731,4.5269,5.2607,6.1288,7.1484,8.3024,9.5498,10.853,12.236,13.894,16.208,18.443,6.7111,-136.03,50.527,84.726,59.557,-25.799,-75.128,-92.857,-92.707,-74.471,-24.242,61.475,84.466,50.548,-137.95,5.9535,18.32,16.393,14.263,12.749,11.491,10.301,9.1481,8.0616,7.075,6.1987,5.4114,4.6583,3.8529,2.8792,1.5922,-0.18304,-0.06
-0.065867,-0.20022,1.4548,2.6695,3.592,4.3447,5.0233,5.6932,6.3848,7.0871,7.74,8.2224,8.3352,7.7597,5.9285,1.5746,-8.5089,-29.489,-32.338,25.696,78.132,58.636,-18.853,-67.566,-86.006,-85.87,-66.994,-17.583,59.973,77.763,26.154,-34.737,-29.97,-8.4621,1.8166,6.3105,8.2729,8.9702,8.9637,8.5657,7.9695,7.2897,6.5821,5.8549,5.0785,4.1912,3.1042,1.7042,-0.14674,-0.047958
-0.056803,-0.17278,1.5003,2.7732,3.7585,4.5483,5.2118,5.7905,6.2908,6.6726,6.8318,6.5714,5.557,3.2655,-1.0075,-7.7912,-15.902,-18.902,-10.735,48.268,56.145,47.263,-16.974,-62.449,-80.646,-80.531,-61.983,-16.022,47.992,55.435,49.206,-12.63,-19.269,-16.006,-7.7029,-0.72464,3.7218,6.1569,7.2846,7.628,7.5198,7.1543,6.6334,5.9962,5.2378,4.321,3.1827,1.7391,-0.11317,-0.036841
-0.048523,-0.14767,1.4854,2.7611,3.7602,4.5483,5.1724,5.655,5.9869,6.115,5.9243,5.2083,3.6261,0.65529,-4.3807,-11.908,-20.386,-20.935,17.58,38.139,56.795,41.861,-15.735,-58.706,-76.555,-76.459,-58.331,-15.039,42.208,56.183,38.448,17.478,-21.793,-20.983,-12.099,-4.2396,1.0369,4.1804,5.8863,6.6867,6.9261,6.8111,6.4567,5.9164,5.2015,4.2936,3.1517,1.7174,-0.082115,-0.026578
-0.040936,-0.12463,1.4286,2.6669,3.6442,4.4044,4.9771,5.3728,5.5774,5.5444,5.1849,4.3534,2.8277,0.27889,-3.7569,-9.7724,-17.208,-18.719,18.541,42.539,49.052,35.358,-15.531,-55.965,-73.407,-73.325,-55.658,-14.986,35.685,48.977,41.082,19.343,-19.841,-18.001,-10.054,-3.6655,0.62379,3.3491,4.9993,5.9144,6.321,6.366,6.139,5.6878,5.029,4.156,3.0445,1.6571,-0.053348,-0.01708
-0.033927,-0.10334,1.3453,2.5193,3.4507,4.166,4.682,5.0025,5.1153,4.9901,4.5785,3.8201,2.6553,1.0355,-1.146,-4.5128,-11.749,-28.287,25.695,39.836,44.924,30.216,-15.556,-53.749,-70.837,-70.777,-53.532,-15.21,30.32,44.53,37.803,25.93,-29.36,-12.258,-4.6225,-0.99294,1.3843,3.1568,4.4374,5.2765,5.7345,5.8723,5.7389,5.3664,4.7693,3.9477,2.8894,1.5734,-0.026543,-0.0082323
-0.027428,-0.08359,1.248,2.3415,3.2117,3.8715,4.3281,4.581,4.6204,4.428,3.9814,3.2671,2.3091,1.226,0.31777,-0.04148,-1.8913,-30.819,15.056,38.242,46.218,27.963,-15.115,-51.704,-68.582,-68.557,-51.622,-15.058,27.634,45.18,36.189,15.151,-32.242,-2.0819,0.0012231,0.50111,1.558,2.7797,3.8508,4.6466,5.1416,5.3493,5.2929,4.9924,4.4602,3.7,2.7088,1.4783,-0.0015147,2.741e-05
-0.021335,-0.065089,1.1463,2.1516,2.9523,3.5507,3.9467,4.1358,4.1084,3.8487,3.3363,2.5451,1.4345,-0.0913,-2.3025,-5.8513,-11.099,-6.7404,19.068,36.149,43.456,25.489,-14.809,-49.886,-66.567,-66.588,-49.97,-15.096,24.618,41.659,33.795,19.669,-7.5977,-11.421,-6.0177,-2.257,0.15689,1.8485,3.0854,3.9656,4.532,4.8119,4.8276,4.5963,4.1303,3.437,2.5199,1.3808,0.022039,0.007806
-0.015575,-0.047621,1.0473,1.9634,2.6919,3.227,3.5631,3.6927,3.605,3.2841,2.7073,1.8382,0.61049,-1.1077,-3.5427,-6.7819,-9.0045,1.1429,17.63,37.448,41.432,23.229,-14.668,-48.31,-64.768,-64.839,-48.566,-15.277,21.952,39.442,35.609,16.884,1.8958,-10.02,-7.3666,-3.6825,-0.95287,0.96442,2.3328,3.2998,3.9377,4.2856,4.3679,4.2024,3.8021,3.177,2.3358,1.2876,0.044327,0.015173
-0.010087,-0.030993,0.9564,1.7872,2.4451,2.9185,3.1981,3.2747,3.1378,2.7739,2.1652,1.2892,0.12075,-1.3596,-3.1415,-5.1753,-7.7797,5.7809,18.809,36.014,38.728,20.881,-14.745,-46.976,-63.17,-63.293,-47.403,-15.649,19.295,36.685,34.316,16.953,6.0494,-8.6214,-5.5382,-3.2131,-1.217,0.4366,1.7428,2.7216,3.3986,3.7971,3.936,3.8303,3.4924,2.9338,2.1662,1.2039,0.065539,0.02219
-0.0048003,-0.015007,0.87749,1.6305,2.2226,2.6383,2.8664,2.8981,2.7251,2.3386,1.729,0.89051,-0.16277,-1.3622,-2.5391,-3.4822,-4.7177,4.4101,23.721,34.441,35.856,18.545,-14.978,-45.842,-61.741,-61.92,-46.447,-16.182,16.615,33.502,32.227,21.674,4.5356,-5.6373,-3.6521,-2.585,-1.2583,0.10238,1.2974,2.2469,2.9341,3.3642,3.5475,3.494,3.2137,2.7172,2.0179,1.133,0.085878,0.028928
0.0003088,0.00043017,0.81334,1.4987,2.0317,2.3948,2.577,2.5713,2.374,1.982,1.392,0.60187,-0.37561,-1.4795,-2.5505,-3.2779,-2.5578,6.1004,25.22,34.77,33.904,16.555,-15.233,-44.844,-60.442,-60.68,-45.634,-16.746,14.243,31.115,31.998,22.947,6.342,-2.5256,-3.8928,-2.8795,-1.5151,-0.19154,0.95222,1.868,2.5473,2.9932,3.21,3.2016,2.9734,2.5338,1.8955,1.0773,0.10542,0.035408
0.0052905,0.015465,0.76575,1.3951,1.8768,2.1928,2.3334,2.2953,2.0813,1.6972,1.1469,0.42628,-0.47586,-1.5452,-2.6588,-3.672,1.0016,2.4407,28.529,36.173,32.801,14.957,-15.465,-43.947,-59.245,-59.544,-44.923,-17.278,12.302,29.729,33.379,26.659,1.3218,1.392,-4.4407,-3.0226,-1.6231,-0.34539,0.72551,1.5814,2.2322,2.681,2.9239,2.9559,2.7754,2.387,1.8018,1.0384,0.12432,0.041679
0.01017,0.030185,0.73584,1.3216,1.7601,2.0339,2.1351,2.0648,1.8344,1.4632,0.9716,0.36324,-0.39732,-1.3703,-2.4208,-2.0759,0.26726,12.24,24.724,33.616,30.72,13.276,-15.768,-43.158,-58.142,-58.503,-44.318,-17.869,10.306,27.403,30.704,22.674,10.527,0.34936,-2.7828,-2.5951,-1.4458,-0.32067,0.60714,1.3625,1.9675,2.4147,2.6836,2.7556,2.6206,2.2784,1.738,1.017,0.14266,0.047766
0.01497,0.044677,0.72405,1.2787,1.6824,1.9185,1.9803,1.8723,1.6137,1.241,0.80406,0.34247,-0.16858,-0.86899,-1.9046,-3.1622,1.4923,15.252,26.012,32.404,28.794,11.67,-16.108,-42.459,-57.121,-57.543,-43.803,-18.488,8.3885,25.185,29.169,23.478,13.354,1.5811,-2.9739,-2.5364,-1.2117,-0.2238,0.51214,1.1479,1.7144,2.1747,2.481,2.5982,2.5083,2.2079,1.7041,1.0132,0.16052,0.053691
0.019732,0.059055,0.72978,1.2656,1.643,1.847,1.8701,1.7158,1.4052,0.98703,0.54448,0.17196,-0.14587,-0.84635,-3.1349,-0.70489,-2.3785,19.465,28.568,32.27,27.308,10.24,-16.445,-41.831,-56.167,-56.651,-43.354,-19.094,6.6632,23.426,28.81,25.964,17.847,-3.32,-0.4725,-3.7801,-1.16,-0.23285,0.29811,0.85114,1.4324,1.947,2.3131,2.4835,2.438,2.1738,1.6982,1.0258,0.17802,0.059492
0.024471,0.073383,0.75072,1.2785,1.6392,1.8198,1.8104,1.6076,1.2229,0.7007,0.1492,-0.23276,-0.24814,-0.32134,-2.6827,-1.1388,5.5804,17.65,27.469,31.134,25.725,8.8725,-16.794,-41.265,-55.273,-55.817,-42.962,-19.698,5.017,21.585,27.449,24.676,15.79,4.2766,-1.0031,-3.099,-0.68972,-0.4109,-0.15926,0.41772,1.1168,1.743,2.1905,2.416,2.4087,2.1721,1.7159,1.052,0.1952,0.065184
0.029237,0.087793,0.78171,1.3093,1.6631,1.8335,1.8084,1.5738,1.1201,0.45861,-0.32886,-0.95718,-0.67498,1.3475,-3.8648,1.7911,8.6349,18.269,26.648,29.779,24.101,7.5512,-17.153,-40.753,-54.429,-55.032,-42.616,-20.296,3.436,19.717,25.869,23.636,16.161,7.183,1.6656,-3.5865,0.55032,-0.98788,-0.94231,-0.1016,0.83997,1.6126,2.1368,2.4012,2.4155,2.1939,1.7482,1.0862,0.21221,0.070815
0.034071,0.1024,0.81395,1.344,1.6982,1.8736,1.8587,1.6335,1.1691,0.42964,-0.61602,-1.9171,-2.7742,2.0466,-1.5614,1.5046,11.609,19.841,26.497,28.624,22.571,6.307,-17.506,-40.282,-53.628,-54.287,-42.303,-20.873,1.9553,17.973,24.547,23.41,17.842,10.47,0.12959,-1.4082,1.2399,-2.899,-1.8943,-0.43439,0.76347,1.624,2.1693,2.4326,2.4431,2.2218,1.78,1.1189,0.22915,0.076426
0.039028,0.11731,0.83548,1.3627,1.7185,1.9081,1.9254,1.7538,1.3687,0.74654,-0.10259,-1.072,-1.9415,-2.108,-0.38626,2.9467,12.786,20.867,26.491,27.652,21.171,5.1533,-17.844,-39.842,-52.862,-53.575,-42.011,-21.415,0.5861,16.375,23.403,23.242,18.647,11.244,1.5235,-0.36545,-1.8262,-2.5813,-1.3277,-0.056573,1.0033,1.7742,2.2555,2.4745,2.4593,2.2289,1.7906,1.1377,0.24616,0.082076
0.04411,0.13258,0.83373,1.344,1.6929,1.8922,1.9402,1.8221,1.5069,0.94293,0.057366,-1.2768,-4.3629,-0.5652,-6.8539,8.2474,16.046,22.393,26.703,26.852,19.897,4.0852,-18.163,-39.43,-52.127,-52.89,-41.736,-21.923,-0.67768,14.92,22.434,23.292,20.039,14.531,7.2634,-7.9065,-0.36111,-4.8667,-1.4449,0.06816,1.1459,1.8674,2.2886,2.4609,2.4195,2.1839,1.7581,1.1293,0.26328,0.087768
0.049308,0.1482,0.79979,1.2723,1.5974,1.7889,1.8452,1.7469,1.4435,0.80358,-0.50024,-2.8454,-2.514,-0.24161,-2.5687,7.6917,16.141,22.612,26.486,25.999,18.681,3.077,-18.473,-39.044,-51.423,-52.233,-41.477,-22.402,-1.8622,13.536,21.416,22.901,20.08,14.449,6.4975,-3.6222,-0.27742,-2.2531,-3.3525,-0.64911,0.93223,1.7586,2.1786,2.3347,2.2867,2.062,1.6659,1.0843,0.28049,0.093484
0.054933,0.16448,0.73204,1.1448,1.4264,1.588,1.6245,1.5132,1.2182,0.67138,-0.43419,-3.977,-0.72426,-2.0216,2.2919,9.1051,16.304,22.394,25.944,25.042,17.483,2.1075,-18.779,-38.687,-50.751,-51.603,-41.234,-22.86,-2.988,12.185,20.303,22.194,19.7,14.492,7.9092,1.4753,-2.6789,-0.52464,-4.4402,-0.47939,0.7967,1.5056,1.9143,2.0806,2.0502,1.8567,1.5109,1.0006,0.29823,0.099612
0.059848,0.17997,0.64152,0.97575,1.1966,1.3122,1.3074,1.1356,0.73341,0.061065,-0.84488,-2.0451,0.27091,-0.51664,4.0222,10.043,16.463,22.063,25.251,24.017,16.297,1.1685,-19.085,-38.357,-50.109,-50.999,-41.006,-23.298,-4.0622,10.866,19.137,21.351,19.226,14.54,8.7777,3.1205,-1.3371,0.27045,-1.7691,-1.211,0.033715,0.96136,1.501,1.7256,1.7309,1.5841,1.3074,0.89021,0.31488,0.1049
0.065328,0.19644,0.54648,0.79109,0.94194,1.0145,0.99169,0.80381,0.34992,-0.37712,-0.63043,-0.37016,-0.72225,1.956,5.8565,11.059,16.753,21.785,24.537,22.977,15.135,0.26076,-19.39,-38.054,-49.497,-50.421,-40.79,-23.716,-5.0837,9.5911,17.975,20.508,18.83,14.749,9.7763,5.0381,1.3553,-1.4812,-0.13128,-0.9168,-0.33533,0.58868,1.1533,1.371,1.3807,1.2779,1.0838,0.77486,0.33196,0.11026
0.077431,0.21905,0.4654,0.62187,0.6962,0.73868,0.75229,0.67037,0.35781,-0.48629,0.14162,-0.083137,0.092126,3.0023,7.0377,11.886,17.061,21.565,23.854,21.959,14.011,-0.61257,-19.691,-37.772,-48.912,-49.865,-40.584,-24.11,-6.0491,8.3742,16.855,19.714,18.502,14.972,10.555,6.2003,2.3508,-0.77156,-0.24636,0.70075,-0.878,0.51041,0.99,1.0817,1.0398,0.97273,0.87507,0.67358,0.35879,0.12592
0.040063,0.18977,0.52997,0.51288,0.48603,0.49659,0.55814,0.64702,0.77792,-0.3826,0.13326,-1.9068,2.1312,4.7298,8.2196,12.599,17.32,21.357,23.203,20.977,12.93,-1.4497,-19.986,-37.51,-48.351,-49.329,-40.383,-24.478,-6.9571,7.2205,15.787,18.962,18.189,15.133,11.196,7.3691,4.2158,1.72,-2.9105,0.26457,-0.69864,1.2667,1.017,0.83696,0.72516,0.70284,0.74213,0.77172,0.3127,0.071626
0.24908,0.41975,0.31727,0.34611,0.33637,0.33965,0.33891,0.33705,0.34374,0.30755,0.27347,0.085211,2.6329,5.3705,8.7891,12.956,17.391,21.081,22.551,20.024,11.891,-2.2517,-20.273,-37.264,-47.814,-48.811,-40.185,-24.82,-7.8092,6.1277,14.764,18.218,17.804,15.083,11.42,7.7949,4.6997,2.0842,-0.50716,0.35628,0.47064,0.51136,0.50474,0.50673,0.508,0.50325,0.51793,0.47276,0.63348,0.36963
0.038582,0.18742,0.53421,0.51348,0.48431,0.50056,0.5486,0.67647,0.67922,-0.1369,1.1999,1.3326,3.1286,5.6739,8.9833,13.006,17.251,20.693,21.867,19.087,10.889,-3.0215,-20.551,-37.033,-47.296,-48.308,-39.987,-25.134,-8.6087,5.0902,13.772,17.453,17.309,14.816,11.323,7.8179,4.8068,2.3892,0.70243,1.3179,-0.32915,1.1201,1.0598,0.82281,0.73061,0.70047,0.74263,0.77687,0.30994,0.069933
0.0085841,0.19822,0.49654,0.61035,0.6704,0.74385,0.84242,0.95981,0.95917,0.73541,1.5246,2.1791,3.6562,5.9334,9.0446,12.89,16.956,20.196,21.138,18.155,9.9158,-3.7624,-20.822,-36.814,-46.798,-47.82,-39.79,-25.422,-9.3591,4.1024,12.803,16.66,16.724,14.416,11.094,7.7711,4.9886,2.9205,1.6656,1.4132,0.66958,1.2652,1.3209,1.1514,1.0104,0.91518,0.84645,0.70604,0.30564,0.024758
0.026834,0.2374,0.50125,0.69553,0.84689,0.99218,1.144,1.2921,1.3917,1.4946,2.0416,2.8121,4.1451,6.2055,9.0943,12.722,16.582,19.625,20.368,17.224,8.9686,-4.4773,-21.086,-36.607,-46.317,-47.344,-39.592,-25.685,-10.063,3.1607,11.856,15.848,16.09,13.97,10.856,7.7691,5.2466,3.4462,2.3514,1.8446,1.4579,1.5788,1.5666,1.4202,1.2487,1.0837,0.91069,0.67577,0.33481,0.044456
0.045808,0.28051,0.54539,0.79028,1.013,1.2268,1.4389,1.6473,1.8505,2.1102,2.6072,3.3787,4.6164,6.5069,9.1807,12.569,16.192,19.018,19.573,16.295,8.0448,-5.1684,-21.343,-36.412,-45.852,-46.88,-39.391,-25.922,-10.723,2.2637,10.934,15.036,15.448,13.536,10.665,7.8336,5.5517,3.9442,2.9389,2.3784,2.0494,1.9475,1.8326,1.6539,1.4426,1.217,0.97223,0.68904,0.36568,0.06414
0.05823,0.32041,0.60494,0.89053,1.1698,1.4449,1.7186,1.9936,2.2824,2.6334,3.1452,3.9088,5.0792,6.8356,9.3131,12.458,15.821,18.408,18.77,15.373,7.1438,-5.8369,-21.594,-36.225,-45.403,-46.427,-39.188,-26.136,-11.34,1.4108,10.042,14.239,14.825,13.143,10.533,7.9554,5.8833,4.4184,3.4722,2.8938,2.5335,2.3074,2.1002,1.8662,1.6068,1.3291,1.0339,0.71866,0.39059,0.074703
0.065775,0.35474,0.66618,0.98937,1.3171,1.6468,1.9789,2.3173,2.6764,3.0938,3.6386,4.4045,5.5299,7.1801,9.483,12.391,15.484,17.814,17.974,14.464,6.266,-6.4836,-21.837,-36.048,-44.968,-45.983,-38.981,-26.325,-11.916,0.60201,9.1843,13.47,14.239,12.801,10.456,8.1173,6.2248,4.8677,3.9592,3.3625,2.9524,2.6407,2.3558,2.0622,1.7522,1.428,1.0926,0.74997,0.4082,0.078965
0.07055,0.38389,0.72403,1.0833,1.4548,1.8342,2.22,2.6159,3.0349,3.5075,4.0892,4.866,5.9624,7.5275,9.6762,12.361,15.183,17.246,17.195,13.573,5.4119,-7.1092,-22.073,-35.878,-44.546,-45.548,-38.771,-26.491,-12.453,-0.16295,8.3653,12.738,13.695,12.507,10.421,8.3022,6.5631,5.2892,4.4035,3.785,3.3253,2.9464,2.5954,2.2447,1.8854,1.5181,1.147,0.77839,0.42013,0.080002
0.073914,0.40934,0.77792,1.1721,1.5844,2.0095,2.4446,2.8922,3.3636,3.8844,4.5023,5.2943,6.3719,7.8673,9.8793,12.355,14.914,16.706,16.437,12.704,4.582,-7.7144,-22.301,-35.714,-44.136,-45.122,-38.556,-26.634,-12.95,-0.88483,7.5866,12.046,13.193,12.253,10.415,8.4962,6.8893,5.6815,4.8093,4.1678,3.663,3.2277,2.8196,2.4164,2.0105,1.6027,1.1981,0.80405,0.42876,0.079645
0.076668,0.43275,0.82911,1.257,1.708,2.1756,2.656,3.1504,3.6682,4.2319,4.8833,5.6916,6.7558,8.1918,10.081,12.362,14.669,16.194,15.704,11.858,3.7762,-8.3,-22.523,-35.557,-43.738,-44.703,-38.337,-26.756,-13.412,-1.5648,6.8488,11.393,12.73,12.031,10.426,8.6893,7.198,6.0447,5.1811,4.5175,3.9728,3.4891,3.0309,2.58,2.1307,1.6846,1.2478,0.82856,0.43614,0.07886
0.079293,0.45553,0.8792,1.3399,1.8279,2.3354,2.8575,3.3943,3.9536,4.5551,5.2367,6.0601,7.1134,8.4965,10.274,12.374,14.44,15.704,14.995,11.035,2.994,-8.8669,-22.739,-35.406,-43.35,-44.292,-38.114,-26.857,-13.839,-2.2045,6.1511,10.779,12.302,11.833,10.445,8.875,7.4865,6.3803,5.523,4.8396,4.2602,3.7345,3.2321,2.7381,2.2484,1.7659,1.2978,0.85357,0.44376,0.078143
0.082072,0.47873,0.92966,1.4226,1.9462,2.4913,3.052,3.6272,4.2234,4.8583,5.5661,6.4023,7.4448,8.779,10.453,12.383,14.222,15.233,14.31,10.237,2.2348,-9.4162,-22.948,-35.261,-42.973,-43.888,-37.888,-26.939,-14.234,-2.8056,5.4922,10.201,11.903,11.653,10.468,9.0494,7.754,6.6903,5.839,5.1388,4.5295,3.9672,3.4257,2.8926,2.3654,1.8482,1.3495,0.88032,0.45254,0.077735
0.085172,0.50305,0.98154,1.5063,2.0644,2.6453,3.2418,3.8518,4.4808,5.1447,5.8746,6.7205,7.751,9.0381,10.614,12.385,14.007,14.778,13.645,9.4612,1.4977,-9.9488,-23.151,-35.12,-42.607,-43.491,-37.659,-27.004,-14.598,-3.3701,4.8702,9.6561,11.529,11.485,10.489,9.2108,8.0011,6.9769,6.1325,5.4187,4.784,4.19,3.6139,3.0453,2.4831,1.9327,1.4041,0.90957,0.46301,0.077745
0.088684,0.52894,1.0356,1.5922,2.1839,2.7987,3.4284,4.07,4.728,5.4167,6.1646,7.0168,8.0334,9.274,10.756,12.376,13.793,14.333,12.999,8.7073,0.78162,-10.466,-23.349,-34.985,-42.251,-43.102,-37.427,-27.052,-14.933,-3.9,4.2832,9.142,11.176,11.326,10.506,9.3584,8.2288,7.2426,6.4066,5.6824,5.0264,4.405,3.7981,3.1971,2.6022,2.02,1.4618,0.94176,0.47541,0.078214
0.092659,0.55668,1.0923,1.6806,2.3052,2.9525,3.6131,4.2833,4.9666,5.6763,6.4382,7.2932,8.2934,9.4874,10.879,12.355,13.577,13.897,12.369,7.9738,0.085453,-10.968,-23.543,-34.856,-41.904,-42.72,-37.194,-27.086,-15.242,-4.3973,3.7291,8.6561,10.843,11.174,10.518,9.4924,8.4386,7.4897,6.6638,5.9324,5.2588,4.6138,3.9796,3.349,2.7234,2.1106,1.5232,0.97707,0.48984,0.079147
0.097125,0.58643,1.1518,1.7722,2.429,3.1072,3.7966,4.4926,5.198,5.9249,6.6971,7.5512,8.5325,9.679,10.983,12.32,13.357,13.467,11.754,7.2594,-0.59186,-11.457,-23.732,-34.732,-41.568,-42.345,-36.959,-27.105,-15.526,-4.8637,3.2059,8.196,10.525,11.027,10.524,9.6136,8.6322,7.7203,6.9063,6.1706,5.4829,4.8176,4.159,3.5014,2.847,2.2046,1.5883,1.0156,0.50632,0.080537
0.1021,0.61828,1.2145,1.8671,2.5555,3.2634,3.9795,4.6986,5.4229,6.1636,6.9426,7.7925,8.7521,9.85,11.067,12.271,13.13,13.041,11.152,6.5626,-1.2514,-11.933,-23.918,-34.613,-41.242,-41.978,-36.723,-27.112,-15.787,-5.3011,2.7118,7.7597,10.223,10.883,10.524,9.7229,8.8111,7.9362,7.1358,6.3987,5.6999,5.0173,4.3372,3.6547,2.9731,2.3022,1.657,1.0573,0.52484,0.082376
0.1076,0.65229,1.2803,1.9654,2.6849,3.4212,4.162,4.9017,5.642,6.3933,7.1756,8.0181,8.9534,10.002,11.133,12.208,12.897,12.618,10.561,5.8825,-1.8941,-12.397,-24.1,-34.5,-40.925,-41.619,-36.488,-27.107,-16.026,-5.7112,2.245,7.3454,9.9328,10.742,10.52,9.8212,8.9768,8.139,7.354,6.6178,5.9107,5.2135,4.5143,3.8092,3.102,2.4032,1.7296,1.1021,0.5454,0.084658
0.11363,0.68853,1.3493,2.0672,2.8173,3.5807,4.3443,5.1023,5.8558,6.6146,7.397,8.2289,9.1375,10.135,11.181,12.131,12.657,12.197,9.9798,5.2176,-2.5209,-12.85,-24.279,-34.393,-40.618,-41.268,-36.252,-27.092,-16.245,-6.0955,1.8039,6.9517,9.655,10.604,10.51,9.9097,9.1306,8.3302,7.5621,6.829,6.116,5.4068,4.6909,3.965,3.2335,2.5079,1.8058,1.1502,0.56799,0.087381
0.12021,0.72701,1.4217,2.1725,2.9527,3.7419,4.5266,5.3004,6.0645,6.8279,7.6075,8.426,9.3054,10.25,11.213,12.041,12.41,11.776,9.408,4.5672,-3.1327,-13.292,-24.456,-34.29,-40.321,-40.925,-36.017,-27.068,-16.444,-6.4556,1.3869,6.5772,9.3884,10.469,10.495,9.9893,9.2738,8.5109,7.761,7.0332,6.3166,5.5976,4.867,4.1221,3.3678,2.6161,1.8857,1.2015,0.59262,0.09055
0.12735,0.76777,1.4973,2.2813,3.091,3.9049,4.7088,5.4963,6.2684,7.0336,7.8075,8.6099,9.4578,10.349,11.228,11.937,12.156,11.356,8.8444,3.9301,-3.7302,-13.724,-24.63,-34.194,-40.034,-40.589,-35.784,-27.034,-16.626,-6.7927,0.99281,6.2207,9.1322,10.335,10.477,10.061,9.4074,8.6821,7.9517,7.2309,6.5128,5.7861,5.0428,4.2807,3.5049,2.7279,1.9694,1.2559,0.61931,0.094171
0.13506,0.81083,1.5762,2.3936,3.2323,4.0696,4.891,5.6899,6.4675,7.232,7.9975,8.7812,9.5956,10.432,11.228,11.821,11.894,10.936,8.2883,3.3056,-4.3143,-14.146,-24.801,-34.102,-39.755,-40.262,-35.551,-26.992,-16.792,-7.1083,0.6202,5.8813,8.8858,10.205,10.455,10.125,9.5323,8.8447,8.135,7.4228,6.705,5.9727,5.2185,4.4408,3.6448,2.8432,2.0567,1.3136,0.6481,0.098256
0.14336,0.8562,1.6584,2.5094,3.3764,4.2358,5.0729,5.8813,6.6621,7.4233,8.1778,8.9404,9.7193,10.499,11.213,11.693,11.625,10.516,7.7389,2.693,-4.8855,-14.559,-24.971,-34.016,-39.486,-39.943,-35.321,-26.944,-16.941,-7.4036,0.26792,5.5579,8.6489,10.076,10.43,10.183,9.6494,8.9996,8.3114,7.6093,6.8937,6.1574,5.3941,4.6024,3.7873,2.962,2.1478,1.3745,0.679,0.10282
0.15225,0.90389,1.7438,2.6284,3.5232,4.4035,5.2546,6.0703,6.8521,7.6076,8.3488,9.0881,9.8296,10.553,11.184,11.553,11.348,10.095,7.1959,2.0915,-5.4446,-14.964,-25.139,-33.934,-39.226,-39.631,-35.092,-26.888,-17.076,-7.6797,-0.065159,5.2498,8.421,9.9509,10.402,10.236,9.7594,9.1473,8.4816,7.791,7.0791,6.3406,5.5698,4.7655,3.9326,3.0843,2.2426,1.4387,0.71207,0.10788
0.16175,0.95387,1.8324,2.7507,3.6725,4.5725,5.436,6.257,7.0376,7.7851,8.5108,9.2246,9.927,10.592,11.141,11.401,11.066,9.6741,6.6587,1.5007,-5.9919,-15.36,-25.304,-33.858,-38.974,-39.327,-34.865,-26.827,-17.198,-7.9377,-0.38007,4.9561,8.2017,9.8279,10.373,10.283,9.863,9.2886,8.646,7.9682,7.2615,6.5223,5.7456,4.9301,4.0806,3.21,2.341,1.5061,0.74734,0.11345
0.17185,1.0061,1.9241,2.876,3.8241,4.7426,5.6167,6.4413,7.2186,7.9561,8.6641,9.3504,10.012,10.619,11.086,11.24,10.777,9.2522,6.1271,0.9199,-6.5282,-15.748,-25.468,-33.785,-38.731,-39.03,-34.641,-26.76,-17.306,-8.1786,-0.67778,4.6762,7.9908,9.7077,10.342,10.326,9.9608,9.424,8.8053,8.1413,7.4411,6.7027,5.9216,5.0962,4.2311,3.3391,2.4431,1.5769,0.78482,0.11955
0.18257,1.0606,2.0187,3.0042,3.9778,4.9135,5.7968,6.6231,7.3951,8.1206,8.8088,9.4659,10.085,10.632,11.019,11.068,10.481,8.8297,5.6008,0.34874,-7.0537,-16.128,-25.63,-33.718,-38.496,-38.741,-34.419,-26.688,-17.403,-8.4035,-0.95922,4.4094,7.7879,9.5903,10.309,10.365,10.053,9.554,8.9598,8.3107,7.6183,6.882,6.0977,5.2637,4.3841,3.4714,2.5487,1.6508,0.82455,0.12619
0.19391,1.1173,2.1161,3.135,4.1334,5.085,5.9759,6.8022,7.5672,8.2788,8.9454,9.5714,10.147,10.634,10.94,10.886,10.18,8.4065,5.0794,-0.21321,-7.5689,-16.5,-25.79,-33.654,-38.268,-38.46,-34.2,-26.611,-17.488,-8.6132,-1.2252,4.155,7.5927,9.4758,10.275,10.4,10.141,9.6792,9.11,8.4767,7.7933,7.0603,6.274,5.4325,4.5394,3.6068,2.6577,1.728,0.86654,0.13341
0.20587,1.176,2.2161,3.2682,4.2905,5.2568,6.1539,6.9786,7.7349,8.4307,9.0741,9.6674,10.198,10.624,10.85,10.695,9.8736,7.983,4.563,-0.76627,-8.0741,-16.865,-25.948,-33.595,-38.049,-38.185,-33.984,-26.531,-17.563,-8.8087,-1.4767,3.9125,7.405,9.3643,10.241,10.432,10.225,9.8001,9.2564,8.6397,7.9663,7.2376,6.4505,5.6026,4.6969,3.7451,2.77,1.8083,0.91076,0.1412
0.21843,1.2368,2.3186,3.4034,4.4487,5.4285,6.3304,7.152,7.8981,8.5767,9.1951,9.7542,10.239,10.604,10.749,10.496,9.5619,7.559,4.0512,-1.3107,-8.5698,-17.223,-26.104,-33.539,-37.836,-37.918,-33.77,-26.447,-17.628,-8.9907,-1.7143,3.6813,7.2246,9.2558,10.206,10.462,10.305,9.9172,9.3993,8.8001,8.1375,7.4142,6.6272,5.7737,4.8564,3.886,2.8854,1.8916,0.95719,0.14959
0.23159,1.2994,2.4232,3.5403,4.6077,5.5998,6.5052,7.3224,8.0569,8.7167,9.3087,9.8322,10.27,10.572,10.639,10.289,9.2454,7.1349,3.5441,-1.8469,-9.056,-17.574,-26.258,-33.487,-37.631,-37.657,-33.559,-26.359,-17.685,-9.1599,-1.9387,3.4609,7.0512,9.1504,10.172,10.489,10.382,10.031,9.5393,8.9582,8.3072,7.5901,6.8039,5.9458,5.0175,4.0294,3.0036,1.9777,1.0058,0.15858
0.24533,1.3638,2.5297,3.6785,4.767,5.7703,6.6779,7.4896,8.2112,8.8511,9.4153,9.902,10.291,10.531,10.519,10.074,8.9245,6.7107,3.0417,-2.3749,-9.5332,-17.919,-26.41,-33.438,-37.432,-37.402,-33.351,-26.269,-17.732,-9.3173,-2.1508,3.2509,6.8847,9.0481,10.137,10.515,10.456,10.142,9.6768,9.1143,8.4757,7.7655,6.9808,6.1186,5.18,4.1747,3.1244,2.0665,1.0565,0.16818
0.25964,1.4297,2.6377,3.8176,4.9262,5.9395,6.8483,7.6533,8.361,8.9798,9.5152,9.9638,10.304,10.481,10.39,9.852,8.5996,6.2867,2.5438,-2.8949,-10.001,-18.256,-26.56,-33.392,-37.239,-37.154,-33.146,-26.176,-17.772,-9.4634,-2.351,3.0507,6.7248,8.9491,10.103,10.539,10.528,10.25,9.8122,9.2689,8.6432,7.9403,7.1576,6.2918,5.3436,4.3218,3.2474,2.1577,1.1091,0.17838
0.27448,1.497,2.7469,3.9571,5.0847,6.107,7.016,7.8134,8.5064,9.1031,9.6086,10.018,10.308,10.422,10.253,9.6235,8.2712,5.8631,2.0506,-3.407,-10.461,-18.587,-26.707,-33.348,-37.052,-36.912,-32.943,-26.081,-17.804,-9.5988,-2.5401,2.86,6.5713,8.8534,10.069,10.562,10.598,10.357,9.9459,9.4223,8.81,8.1147,7.3343,6.4653,5.5078,4.47,3.3722,2.251,1.1636,0.18919
0.28981,1.5653,2.8569,4.0964,5.242,6.2722,7.1806,7.9697,8.6472,9.2211,9.6959,10.066,10.305,10.356,10.109,9.389,7.9396,5.4402,1.5622,-3.9113,-10.911,-18.91,-26.853,-33.307,-36.871,-36.676,-32.744,-25.984,-17.83,-9.7242,-2.7186,2.6784,6.4242,8.761,10.037,10.585,10.667,10.462,10.079,9.5749,8.9761,8.2887,7.5107,6.6386,5.6723,4.619,3.4983,2.3462,1.2198,0.20058
0.3056,1.6346,2.9672,4.2351,5.3975,6.4347,7.3417,8.122,8.7834,9.334,9.7774,10.107,10.294,10.281,9.958,9.1491,7.6053,5.0182,1.0785,-4.4078,-11.354,-19.228,-26.995,-33.269,-36.696,-36.446,-32.547,-25.885,-17.849,-9.8402,-2.8869,2.5055,6.2832,8.672,10.005,10.607,10.735,10.566,10.21,9.7271,9.142,8.4624,7.6868,6.8116,5.8365,4.7683,3.6253,2.4427,1.2775,0.21254
0.3218,1.7044,3.0774,4.3725,5.5506,6.5939,7.4989,8.2699,8.9151,9.442,9.8534,10.141,10.277,10.2,9.8004,8.9044,7.2688,4.5976,0.59988,-4.8965,-11.787,-19.538,-27.135,-33.231,-36.525,-36.22,-32.353,-25.784,-17.861,-9.9473,-3.0457,2.3409,6.1482,8.5865,9.9756,10.63,10.802,10.67,10.342,9.8791,9.3077,8.6358,7.8622,6.9837,6,4.9171,3.7526,2.5403,1.3364,0.22503
0.33835,1.7746,3.1869,4.508,5.7007,6.7493,7.6518,8.4134,9.0421,9.5451,9.9243,10.171,10.254,10.113,9.6372,8.6554,6.9305,4.1785,0.12636,-5.3774,-12.212,-19.842,-27.272,-33.196,-36.359,-36,-32.162,-25.682,-17.869,-10.046,-3.1953,2.1843,6.0191,8.5047,9.9475,10.653,10.87,10.774,10.474,10.031,9.4736,8.8089,8.0369,7.1547,6.1622,5.0651,3.8797,2.6384,1.3963,0.23801
0.35519,1.8447,3.2954,4.6411,5.8472,6.9003,7.7999,8.552,9.1644,9.6436,9.9904,10.195,10.225,10.02,9.4689,8.4027,6.591,3.7614,-0.34183,-5.8505,-12.629,-20.139,-27.405,-33.161,-36.197,-35.785,-31.974,-25.579,-17.871,-10.136,-3.3362,2.0355,5.8958,8.4265,9.9214,10.677,10.938,10.878,10.606,10.184,9.6396,8.9817,8.2106,7.3241,6.3226,5.2114,4.0059,2.7365,1.4569,0.25145
0.37225,1.9145,3.4022,4.7711,5.9895,7.0464,7.943,8.6857,9.282,9.7374,10.052,10.214,10.192,9.9223,9.2961,8.147,6.2508,3.3466,-0.80446,-6.3155,-13.036,-20.429,-27.535,-33.128,-36.039,-35.574,-31.787,-25.474,-17.868,-10.22,-3.4687,1.8942,5.7783,8.3522,9.8976,10.703,11.008,10.984,10.74,10.338,9.8061,9.1541,8.383,7.4915,6.4806,5.3556,4.1306,2.8342,1.5178,0.26528
0.38945,1.9836,3.5068,4.8975,6.1269,7.187,8.0804,8.814,9.3947,9.8269,10.109,10.229,10.154,9.8202,9.1196,7.8888,5.9103,2.9345,-1.2613,-6.7725,-13.436,-20.712,-27.662,-33.095,-35.884,-35.367,-31.604,-25.369,-17.86,-10.295,-3.5933,1.7601,5.6663,8.2818,9.8764,10.731,11.079,11.091,10.875,10.493,9.9731,9.3261,8.5539,7.6565,6.6356,5.4968,4.2531,2.9308,1.5789,0.27944
0.40671,2.0517,3.6087,5.0195,6.2589,7.3216,8.2119,8.9368,9.5024,9.9119,10.162,10.24,10.112,9.7144,8.9399,7.6288,5.5701,2.5256,-1.7121,-7.2212,-13.826,-20.987,-27.785,-33.061,-35.733,-35.164,-31.422,-25.262,-17.847,-10.364,-3.7102,1.633,5.56,8.2154,9.8581,10.76,11.151,11.199,11.012,10.649,10.141,9.4975,8.723,7.8186,6.7872,5.6346,4.3728,3.0259,1.6396,0.29386
0.42396,2.1184,3.7075,5.1368,6.385,7.4498,8.3371,9.0538,9.6051,9.9925,10.212,10.248,10.067,9.6054,8.7577,7.3675,5.2307,2.1201,-2.1566,-7.6616,-14.207,-21.256,-27.904,-33.028,-35.584,-34.964,-31.242,-25.154,-17.831,-10.427,-3.8198,1.5127,5.4592,8.1532,9.8428,10.792,11.227,11.31,11.15,10.807,10.309,9.6682,8.89,7.9774,6.9347,5.7683,4.4892,3.1189,1.6997,0.30847
0.44111,2.1834,3.8027,5.2487,6.5046,7.5712,8.4555,9.1647,9.7025,10.069,10.257,10.252,10.019,9.4938,8.5736,7.1056,4.8926,1.7186,-2.5944,-8.0933,-14.58,-21.516,-28.019,-32.995,-35.437,-34.768,-31.065,-25.045,-17.81,-10.483,-3.9223,1.3991,5.3639,8.0952,9.8308,10.827,11.304,11.424,11.292,10.966,10.477,9.8381,9.0546,8.1324,7.0776,5.8972,4.6015,3.2093,1.7588,0.32318
0.45807,2.2464,3.8937,5.3548,6.6174,7.6852,8.567,9.2692,9.7946,10.141,10.3,10.254,9.9681,9.3802,8.3881,6.8435,4.5564,1.3214,-3.0254,-8.5162,-14.943,-21.77,-28.129,-32.96,-35.293,-34.575,-30.889,-24.936,-17.786,-10.533,-4.0181,1.2919,5.2741,8.0416,9.8225,10.865,11.385,11.541,11.435,11.127,10.647,10.007,9.2165,8.2833,7.2154,6.0209,4.7093,3.2965,1.8165,0.33791
0.47476,2.307,3.9803,5.4548,6.7229,7.7917,8.6711,9.3672,9.8811,10.208,10.338,10.253,9.9154,9.2651,8.2019,6.582,4.2226,0.92904,-3.4491,-8.9302,-15.297,-22.015,-28.234,-32.924,-35.15,-34.384,-30.714,-24.825,-17.758,-10.578,-4.1072,1.1911,5.1898,7.9926,9.8179,10.907,11.469,11.66,11.581,11.29,10.816,10.174,9.3754,8.4297,7.3477,6.1389,4.812,3.3801,1.8725,0.35258
0.4911,2.3652,4.0622,5.5483,6.8209,7.8904,8.7676,9.4584,9.9618,10.271,10.374,10.249,9.861,9.1488,8.0154,6.3214,3.8917,0.54183,-3.8653,-9.335,-15.641,-22.252,-28.334,-32.887,-35.008,-34.195,-30.541,-24.713,-17.726,-10.616,-4.1899,1.0965,5.1109,7.9481,9.8173,10.952,11.557,11.783,11.73,11.455,10.986,10.34,9.5309,8.5712,7.4742,6.2508,4.9092,3.4598,1.9266,0.3671
0.50703,2.4205,4.139,5.6351,6.9112,7.981,8.8565,9.5427,10.037,10.329,10.405,10.243,9.8049,9.0318,7.8291,6.0624,3.5641,0.1602,-4.2737,-9.7304,-15.976,-22.481,-28.429,-32.847,-34.867,-34.009,-30.369,-24.601,-17.691,-10.65,-4.2665,1.008,5.0374,7.9083,9.8208,11.001,11.648,11.909,11.882,11.62,11.155,10.504,9.6828,8.7075,7.5945,6.3562,5.0006,3.535,1.9783,0.38139
0.52246,2.4729,4.2106,5.715,6.9937,8.0636,8.9375,9.6197,10.105,10.383,10.434,10.234,9.7476,8.9144,7.6434,5.8054,3.2403,-0.21546,-4.674,-10.116,-16.301,-22.702,-28.518,-32.806,-34.727,-33.824,-30.197,-24.487,-17.652,-10.678,-4.337,0.92537,4.9693,7.8733,9.8286,11.054,11.743,12.039,12.036,11.788,11.324,10.666,9.8307,8.8384,7.7083,6.4548,5.0857,3.6056,2.0275,0.39537
0.53735,2.5221,4.2769,5.7879,7.0684,8.138,9.0106,9.6895,10.168,10.431,10.458,10.223,9.689,8.7968,7.4587,5.5508,2.9207,-0.58478,-5.0659,-10.492,-16.616,-22.914,-28.601,-32.762,-34.587,-33.64,-30.027,-24.372,-17.61,-10.702,-4.4016,0.84865,4.9066,7.843,9.8408,11.111,11.841,12.171,12.192,11.956,11.493,10.825,9.9744,8.9638,7.8156,6.5466,5.1645,3.6711,2.074,0.40896
0.55163,2.5681,4.3377,5.8539,7.1352,8.2043,9.0758,9.752,10.224,10.474,10.479,10.21,9.6292,8.6793,7.2754,5.2991,2.6058,-0.9474,-5.4491,-10.858,-16.921,-23.117,-28.679,-32.715,-34.446,-33.457,-29.857,-24.256,-17.564,-10.72,-4.4605,0.77769,4.8492,7.8176,9.8574,11.172,11.944,12.307,12.35,12.124,11.66,10.982,10.114,9.0833,7.9162,6.6314,5.2367,3.7315,2.1174,0.42211
0.56526,2.6107,4.393,5.9129,7.1944,8.2627,9.1332,9.8071,10.273,10.511,10.495,10.194,9.5682,8.5621,7.0938,5.0505,2.2959,-1.303,-5.8234,-11.214,-17.215,-23.312,-28.75,-32.665,-34.305,-33.275,-29.687,-24.138,-17.516,-10.733,-4.5139,0.71239,4.7972,7.7971,9.8784,11.238,12.05,12.445,12.51,12.293,11.826,11.135,10.249,9.1971,8.0102,6.7091,5.3023,3.7864,2.1576,0.43472
0.57819,2.65,4.4427,5.9651,7.2461,8.3134,9.1829,9.8549,10.316,10.543,10.507,10.175,9.5059,8.4451,6.9139,4.8055,1.9913,-1.6513,-6.1885,-11.559,-17.5,-23.497,-28.814,-32.612,-34.163,-33.093,-29.517,-24.019,-17.464,-10.742,-4.5617,0.65265,4.7504,7.7813,9.9038,11.307,12.159,12.586,12.671,12.461,11.99,11.285,10.379,9.3051,8.0975,6.7798,5.361,3.8358,2.1945,0.44674
0.59039,2.6858,4.4871,6.0107,7.2905,8.3566,9.2252,9.8954,10.352,10.569,10.515,10.153,9.4422,8.3284,6.7361,4.5641,1.6924,-1.9919,-6.5442,-11.894,-17.773,-23.674,-28.872,-32.555,-34.021,-32.912,-29.347,-23.899,-17.409,-10.746,-4.6043,0.59837,4.7088,7.7704,9.9336,11.38,12.271,12.729,12.833,12.629,12.152,11.432,10.504,9.4075,8.1784,6.8435,5.413,3.8795,2.2278,0.4581
0.60182,2.718,4.5259,6.0497,7.3279,8.3927,9.2604,9.929,10.381,10.589,10.517,10.127,9.377,8.2119,6.5603,4.3267,1.3993,-2.3248,-6.8904,-12.218,-18.036,-23.84,-28.924,-32.494,-33.876,-32.73,-29.177,-23.777,-17.351,-10.746,-4.6416,0.54945,4.6723,7.7641,9.9675,11.456,12.386,12.874,12.995,12.796,12.311,11.575,10.625,9.5044,8.2529,6.9004,5.4581,3.9174,2.2573,0.46873
0.61244,2.7467,4.5594,6.0823,7.3585,8.422,9.2888,9.9558,10.404,10.603,10.515,10.099,9.31,8.0957,6.3867,4.0935,1.1123,-2.6495,-7.2268,-12.531,-18.288,-23.998,-28.968,-32.429,-33.73,-32.548,-29.007,-23.653,-17.289,-10.741,-4.6737,0.50578,4.6408,7.7624,10.005,11.536,12.504,13.02,13.157,12.961,12.468,11.714,10.741,9.5959,8.3214,6.9505,5.4964,3.9492,2.283,0.47855
0.62222,2.7719,4.5874,6.1087,7.3827,8.4449,9.3107,9.9762,10.42,10.611,10.507,10.066,9.2411,7.9796,6.2153,3.8644,0.83164,-2.9661,-7.5533,-12.834,-18.53,-24.146,-29.005,-32.36,-33.583,-32.366,-28.836,-23.528,-17.225,-10.733,-4.7009,0.46725,4.6142,7.7652,10.047,11.619,12.623,13.166,13.318,13.124,12.622,11.85,10.853,9.6824,8.384,6.994,5.5278,3.975,2.3045,0.48749
0.63112,2.7933,4.6102,6.129,7.4008,8.4617,9.3268,9.9905,10.431,10.613,10.494,10.029,9.17,7.8633,6.046,3.6397,0.55736,-3.2742,-7.8698,-13.126,-18.76,-24.285,-29.035,-32.286,-33.433,-32.183,-28.664,-23.402,-17.158,-10.719,-4.7233,0.43373,4.5924,7.7722,10.093,11.705,12.744,13.313,13.478,13.285,12.772,11.982,10.961,9.7642,8.441,7.0311,5.5524,3.9944,2.3218,0.49547
0.6391,2.811,4.6276,6.1434,7.413,8.4729,9.3372,9.9991,10.435,10.609,10.476,9.9885,9.0965,7.7469,5.8787,3.4193,0.28959,-3.5739,-8.1762,-13.406,-18.98,-24.414,-29.058,-32.208,-33.281,-31.998,-28.491,-23.273,-17.087,-10.702,-4.7408,0.4051,4.5752,7.7833,10.141,11.793,12.866,13.459,13.636,13.443,12.92,12.11,11.066,9.8416,8.4926,7.0618,5.57,4.0074,2.3346,0.50241
0.64611,2.825,4.6397,6.1521,7.4196,8.4789,9.3426,10.003,10.434,10.599,10.452,9.9434,9.0204,7.63,5.7134,3.2032,0.028381,-3.865,-8.4725,-13.676,-19.189,-24.533,-29.074,-32.126,-33.127,-31.813,-28.318,-23.143,-17.014,-10.681,-4.7537,0.38122,4.5625,7.7983,10.193,11.882,12.989,13.604,13.792,13.599,13.064,12.236,11.166,9.9149,8.5391,7.0863,5.5807,4.0138,2.3427,0.50821
0.65214,2.8352,4.6466,6.1552,7.4209,8.48,9.3434,10.001,10.428,10.584,10.424,9.8939,8.9415,7.5125,5.5499,2.9914,-0.22625,-4.1476,-8.7587,-13.934,-19.387,-24.644,-29.082,-32.039,-32.971,-31.627,-28.143,-23.011,-16.937,-10.655,-4.7622,0.36192,4.554,7.8168,10.248,11.974,13.111,13.748,13.946,13.751,13.206,12.358,11.264,9.9844,8.5808,7.1047,5.5846,4.0136,2.346,0.5128
0.65713,2.8417,4.6484,6.153,7.4172,8.4765,9.3399,9.9956,10.417,10.564,10.39,9.84,8.8597,7.3942,5.3881,2.7838,-0.47432,-4.4215,-9.0347,-14.182,-19.574,-24.744,-29.084,-31.947,-32.812,-31.44,-27.968,-22.877,-16.858,-10.626,-4.7662,0.34703,4.5496,7.8388,10.304,12.066,13.233,13.891,14.098,13.901,13.344,12.478,11.359,10.05,8.618,7.1174,5.5818,4.0068,2.3443,0.5161
0.66108,2.8444,4.6453,6.1456,7.4088,8.4689,9.3325,9.9861,10.401,10.539,10.351,9.7817,8.7749,7.2749,5.2278,2.5803,-0.71589,-4.6868,-9.3007,-14.419,-19.751,-24.836,-29.078,-31.85,-32.65,-31.251,-27.791,-22.742,-16.776,-10.594,-4.7661,0.33637,4.549,7.8637,10.363,12.158,13.354,14.031,14.246,14.047,13.48,12.595,11.451,10.113,8.6508,7.1244,5.5724,3.9934,2.3377,0.51805
0.66396,2.8434,4.6374,6.1335,7.3961,8.4575,9.3217,9.973,10.382,10.51,10.307,9.719,8.6869,7.1545,5.0689,2.3808,-0.95104,-4.9437,-9.5566,-14.645,-19.917,-24.918,-29.065,-31.75,-32.486,-31.062,-27.613,-22.604,-16.692,-10.558,-4.762,0.32973,4.5519,7.8913,10.423,12.251,13.474,14.168,14.391,14.191,13.613,12.71,11.541,10.173,8.6796,7.1262,5.5568,3.9736,2.3262,0.51859
0.66578,2.839,4.6252,6.1169,7.3794,8.4426,9.3078,9.9567,10.359,10.476,10.259,9.6519,8.5956,7.0327,4.911,2.185,-1.1799,-5.1922,-9.8027,-14.861,-20.074,-24.992,-29.045,-31.644,-32.32,-30.871,-27.435,-22.466,-16.605,-10.518,-4.7541,0.32687,4.5581,7.9212,10.484,12.343,13.591,14.303,14.533,14.331,13.744,12.822,11.628,10.23,8.7047,7.1232,5.5353,3.9479,2.3099,0.5177
0.66654,2.8313,4.6089,6.0966,7.3593,8.4248,9.291,9.9375,10.333,10.439,10.206,9.5806,8.501,6.9094,4.7541,1.9928,-1.4027,-5.4324,-10.039,-15.066,-20.22,-25.056,-29.019,-31.534,-32.152,-30.679,-27.255,-22.325,-16.515,-10.475,-4.7425,0.32754,4.5673,7.953,10.545,12.434,13.706,14.434,14.671,14.468,13.871,12.933,11.714,10.285,8.7265,7.1158,5.5088,3.9167,2.289,0.51538
0.66629,2.8207,4.5892,6.0729,7.3363,8.4043,9.2716,9.9155,10.304,10.397,10.15,9.505,8.403,6.7844,4.5978,1.804,-1.6195,-5.6646,-10.266,-15.261,-20.356,-25.112,-28.986,-31.421,-31.981,-30.485,-27.075,-22.184,-16.424,-10.429,-4.7276,0.33145,4.579,7.9863,10.606,12.523,13.819,14.561,14.806,14.602,13.996,13.041,11.797,10.337,8.7454,7.1049,5.4778,3.8807,2.264,0.51165
0.66507,2.8075,4.5667,6.0468,7.3111,8.3816,9.2501,9.8911,10.271,10.352,10.089,9.4252,8.3014,6.6574,4.442,1.6183,-1.8306,-5.8889,-10.483,-15.446,-20.482,-25.16,-28.947,-31.303,-31.808,-30.291,-26.894,-22.041,-16.33,-10.381,-4.7096,0.33827,4.593,8.0205,10.667,12.61,13.927,14.684,14.936,14.732,14.119,13.147,11.878,10.387,8.7618,7.091,5.4435,3.8407,2.2354,0.50657
0.66297,2.7922,4.5422,6.0189,7.2843,8.3574,9.2266,9.8643,10.236,10.304,10.024,9.3412,8.1963,6.5284,4.2864,1.4354,-2.0363,-6.1056,-10.692,-15.621,-20.6,-25.2,-28.902,-31.181,-31.633,-30.097,-26.712,-21.897,-16.235,-10.33,-4.6888,0.34768,4.6087,8.0553,10.727,12.695,14.032,14.803,15.062,14.858,14.238,13.251,11.957,10.435,8.7764,7.0754,5.4068,3.7979,2.2038,0.50023
0.66006,2.7754,4.5165,5.9904,7.257,8.3322,9.2016,9.8353,10.198,10.252,9.9544,9.2529,8.0875,6.3972,4.1307,1.255,-2.2369,-6.315,-10.891,-15.788,-20.708,-25.232,-28.851,-31.056,-31.457,-29.901,-26.53,-21.753,-16.138,-10.277,-4.6655,0.35927,4.6258,8.09,10.785,12.776,14.132,14.916,15.183,14.98,14.353,13.351,12.034,10.482,8.7899,7.059,5.3693,3.7534,2.17,0.49275
0.65648,2.7576,4.4905,5.9622,7.23,8.3066,9.1753,9.8041,10.157,10.197,9.8812,9.1604,7.9748,6.2634,3.9746,1.0769,-2.4326,-6.5174,-11.082,-15.945,-20.808,-25.257,-28.795,-30.927,-31.279,-29.705,-26.348,-21.608,-16.039,-10.221,-4.6401,0.37264,4.6437,8.1242,10.841,12.853,14.227,15.024,15.299,15.098,14.465,13.448,12.108,10.526,8.803,7.0431,5.3323,3.7086,2.1348,0.48431
0.65234,2.7394,4.4652,5.9354,7.2042,8.2815,9.1482,9.7709,10.113,10.137,9.8038,9.0635,7.8582,6.1269,3.8178,0.90061,-2.6239,-6.7132,-11.265,-16.093,-20.899,-25.275,-28.734,-30.796,-31.1,-29.51,-26.166,-21.462,-15.94,-10.165,-4.613,0.38734,4.6619,8.1572,10.894,12.926,14.317,15.127,15.409,15.21,14.573,13.542,12.18,10.57,8.8168,7.0291,5.2975,3.6651,2.0993,0.47509
0.64781,2.7217,4.4418,5.9113,7.1809,8.2576,9.1207,9.7359,10.066,10.074,9.722,8.962,7.7375,5.9874,3.66,0.72584,-2.8111,-6.9026,-11.441,-16.233,-20.983,-25.286,-28.668,-30.662,-30.92,-29.314,-25.985,-21.317,-15.84,-10.107,-4.5846,0.40289,4.6799,8.1883,10.943,12.993,14.4,15.222,15.513,15.317,14.675,13.632,12.249,10.613,8.8321,7.0185,5.2667,3.6244,2.0646,0.46533
0.64304,2.7051,4.4212,5.891,7.161,8.2358,9.0935,9.6993,10.016,10.007,9.6357,8.8559,7.6124,5.8448,3.5009,0.55222,-2.9946,-7.0862,-11.608,-16.365,-21.059,-25.291,-28.598,-30.526,-30.74,-29.119,-25.804,-21.172,-15.74,-10.048,-4.5553,0.41876,4.6971,8.2171,10.988,13.055,14.477,15.311,15.61,15.418,14.772,13.717,12.315,10.656,8.8501,7.0129,5.2416,3.5881,2.0317,0.45528
0.63823,2.6904,4.4046,5.8757,7.1458,8.217,9.067,9.6612,9.9628,9.9361,9.5446,8.7449,7.4828,5.6986,3.3402,0.37935,-3.1748,-7.2643,-11.769,-16.49,-21.128,-25.291,-28.524,-30.388,-30.56,-28.925,-25.624,-21.027,-15.64,-9.9892,-4.5256,0.43443,4.7129,8.2427,11.028,13.111,14.546,15.392,15.7,15.511,14.862,13.796,12.378,10.699,8.872,7.014,5.224,3.5582,2.002,0.44524
0.63356,2.6783,4.393,5.8666,7.1363,8.2022,9.0419,9.6221,9.9066,9.8606,9.4486,8.6287,7.3484,5.5488,3.1776,0.20686,-3.3521,-7.4373,-11.924,-16.607,-21.191,-25.285,-28.447,-30.249,-30.379,-28.732,-25.446,-20.884,-15.54,-9.9303,-4.496,0.44933,4.7266,8.2646,11.063,13.159,14.608,15.465,15.782,15.597,14.946,13.871,12.439,10.743,8.899,7.0233,5.2159,3.5361,1.9765,0.43552
0.62923,2.6696,4.3875,5.8648,7.1336,8.1922,9.019,9.5822,9.8474,9.7807,9.3474,8.5072,7.2091,5.3949,3.0126,0.034354,-3.527,-7.6057,-12.072,-16.718,-21.247,-25.275,-28.367,-30.108,-30.2,-28.54,-25.27,-20.742,-15.441,-9.8718,-4.4671,0.46288,4.7376,8.282,11.091,13.2,14.661,15.53,15.855,15.674,15.021,13.939,12.496,10.789,8.9325,7.0426,5.2189,3.5236,1.9566,0.42644
0.62543,2.6648,4.3888,5.8712,7.1388,8.1881,8.9989,9.5421,9.7855,9.6962,9.2409,8.3801,7.0645,5.2368,2.845,-0.13852,-3.6998,-7.7699,-12.215,-16.823,-21.298,-25.259,-28.284,-29.967,-30.021,-28.351,-25.095,-20.602,-15.344,-9.8144,-4.4393,0.47448,4.7453,8.2943,11.113,13.232,14.704,15.584,15.918,15.742,15.088,14.001,12.552,10.838,8.9736,7.0733,5.2347,3.5222,1.9433,0.41833
0.62236,2.6646,4.3977,5.8868,7.1527,8.1907,8.9825,9.5024,9.721,9.6074,9.1289,8.2473,6.9145,5.0742,2.6746,-0.31213,-3.871,-7.9303,-12.352,-16.922,-21.343,-25.24,-28.199,-29.826,-29.843,-28.163,-24.924,-20.464,-15.248,-9.7585,-4.4132,0.48355,4.749,8.3008,11.126,13.256,14.739,15.629,15.971,15.8,15.147,14.058,12.606,10.89,9.0237,7.1169,5.2647,3.5331,1.9377,0.41154
0.6202,2.6694,4.4149,5.912,7.1761,8.201,8.9707,9.4638,9.6545,9.5142,9.0114,8.1086,6.7589,4.9069,2.501,-0.48677,-4.0408,-8.0873,-12.485,-17.016,-21.383,-25.218,-28.112,-29.685,-29.668,-27.978,-24.755,-20.329,-15.155,-9.7045,-4.3893,0.4895,4.7481,8.3009,11.132,13.27,14.762,15.662,16.013,15.847,15.196,14.108,12.658,10.947,9.084,7.1745,5.31,3.5576,1.9407,0.40637
0.6191,2.6797,4.4406,5.9474,7.2095,8.2195,8.9643,9.427,9.5865,9.4171,8.8884,7.964,6.5977,4.7348,2.3241,-0.66275,-4.2098,-8.2413,-12.613,-17.104,-21.419,-25.192,-28.023,-29.544,-29.494,-27.797,-24.589,-20.197,-15.064,-9.653,-4.3682,0.49175,4.742,8.294,11.129,13.274,14.775,15.685,16.044,15.883,15.235,14.152,12.71,11.01,9.1556,7.2472,5.3715,3.5962,1.953,0.40313
0.61921,2.6955,4.4749,5.993,7.2533,8.2471,8.9642,9.393,9.5178,9.3164,8.7603,7.8136,6.4307,4.5578,2.1437,-0.84027,-4.3781,-8.3926,-12.737,-17.189,-21.451,-25.163,-27.934,-29.404,-29.322,-27.618,-24.426,-20.068,-14.976,-9.6043,-4.3503,0.48979,4.7301,8.2796,11.117,13.267,14.776,15.695,16.062,15.907,15.266,14.19,12.763,11.079,9.2394,7.3355,5.4494,3.6495,1.9751,0.40206
0.62062,2.7169,4.5177,6.0486,7.3074,8.284,8.9712,9.3628,9.4493,9.2129,8.6274,7.6575,6.2581,4.3759,1.9597,-1.0195,-4.5459,-8.5415,-12.857,-17.268,-21.479,-25.132,-27.844,-29.265,-29.154,-27.443,-24.268,-19.943,-14.892,-9.5588,-4.3361,0.48311,4.712,8.2572,11.096,13.25,14.766,15.693,16.067,15.92,15.286,14.225,12.817,11.156,9.336,7.4397,5.5438,3.7173,2.0071,0.40339
0.62338,2.7438,4.5685,6.1137,7.3715,8.3306,8.986,9.3375,9.3821,9.1075,8.4903,7.4961,6.0801,4.1892,1.7722,-1.2005,-4.7135,-8.6882,-12.973,-17.344,-21.503,-25.098,-27.753,-29.127,-28.988,-27.272,-24.114,-19.822,-14.811,-9.5171,-4.326,0.47127,4.6873,8.2265,11.064,13.221,14.744,15.678,16.06,15.921,15.299,14.256,12.874,11.242,9.446,7.5594,5.6539,3.7992,2.0488,0.40724
0.62752,2.7756,4.6264,6.1873,7.4452,8.3868,9.0093,9.3181,9.3175,9.0014,8.3499,7.33,5.897,3.9979,1.5812,-1.3833,-4.8809,-8.8328,-13.087,-17.416,-21.524,-25.063,-27.662,-28.991,-28.825,-27.104,-23.964,-19.705,-14.734,-9.4793,-4.3203,0.45392,4.6555,8.187,11.022,13.181,14.709,15.65,16.04,15.91,15.304,14.285,12.935,11.338,9.5693,7.6939,5.7787,3.8939,2.0999,0.41368
0.63298,2.8117,4.6903,6.2682,7.5272,8.4522,9.0416,9.306,9.257,8.8959,8.2073,7.16,5.7095,3.8025,1.3871,-1.5678,-5.0482,-8.9755,-13.197,-17.484,-21.542,-25.025,-27.571,-28.857,-28.665,-26.941,-23.818,-19.592,-14.661,-9.4457,-4.3194,0.43079,4.6164,8.1388,10.97,13.13,14.662,15.609,16.007,15.89,15.302,14.313,13.002,11.445,9.7054,7.8418,5.9161,4,2.1595,0.42269
0.63967,2.8514,4.7588,6.3547,7.6163,8.5261,9.083,9.302,9.2022,8.7927,8.064,6.9872,5.5182,3.6034,1.1901,-1.7536,-5.2151,-9.1163,-13.304,-17.549,-21.557,-24.986,-27.48,-28.724,-28.509,-26.783,-23.678,-19.484,-14.593,-9.4167,-4.3234,0.4017,4.57,8.0817,10.908,13.068,14.603,15.556,15.963,15.86,15.297,14.343,13.076,11.562,9.8535,8.001,6.0639,4.1153,2.2262,0.43413
0.64742,2.8937,4.8302,6.4448,7.7107,8.6074,9.1334,9.3071,9.1546,8.6937,7.9216,6.8129,5.3243,3.4015,0.99102,-1.9404,-5.3814,-9.2549,-13.407,-17.61,-21.569,-24.945,-27.39,-28.594,-28.356,-26.629,-23.542,-19.381,-14.53,-9.3922,-4.3325,0.3666,4.5163,8.0159,10.836,12.994,14.532,15.491,15.908,15.823,15.289,14.377,13.159,11.69,10.012,8.1691,6.2191,4.2371,2.2986,0.44777
0.65602,2.9372,4.9026,6.5363,7.8083,8.6948,9.1925,9.322,9.1159,8.601,7.7822,6.639,5.1291,3.1978,0.79051,-2.1276,-5.5467,-9.3912,-13.508,-17.668,-21.578,-24.903,-27.299,-28.466,-28.208,-26.48,-23.411,-19.283,-14.471,-9.3723,-4.3466,0.32563,4.4556,7.9418,10.754,12.91,14.45,15.416,15.844,15.78,15.281,14.417,13.251,11.828,10.179,8.3428,6.3779,4.3623,2.3746,0.46327
0.66518,2.9807,4.9739,6.6267,7.9067,8.7862,9.2593,9.347,9.0876,8.5166,7.6481,6.4674,4.9343,2.9937,0.58962,-2.3144,-5.7105,-9.5247,-13.605,-17.722,-21.585,-24.86,-27.21,-28.341,-28.063,-26.335,-23.286,-19.19,-14.417,-9.357,-4.3655,0.27899,4.3881,7.8599,10.664,12.817,14.359,15.331,15.774,15.735,15.277,14.465,13.354,11.975,10.351,8.5183,6.5366,4.4875,2.4519,0.48014
0.6746,3.0228,5.042,6.7137,8.0033,8.8795,9.3324,9.3821,9.0709,8.4428,7.5218,6.3005,4.7418,2.7907,0.38965,-2.4997,-5.872,-9.655,-13.698,-17.772,-21.588,-24.815,-27.121,-28.218,-27.923,-26.196,-23.165,-19.102,-14.367,-9.346,-4.389,0.22722,4.3146,7.7711,10.566,12.715,14.259,15.239,15.698,15.69,15.278,14.523,13.466,12.129,10.525,8.6914,6.6908,4.6091,2.5282,0.49782
0.68389,3.0622,5.105,6.7946,8.0953,8.972,9.41,9.4267,9.0666,8.3815,7.4059,6.1409,4.5541,2.5907,0.19218,-2.6825,-6.0303,-9.7814,-13.787,-17.819,-21.589,-24.77,-27.033,-28.098,-27.786,-26.062,-23.051,-19.019,-14.322,-9.3393,-4.4168,0.17084,4.2359,7.6763,10.461,12.607,14.153,15.142,15.622,15.65,15.288,14.592,13.588,12.287,10.698,8.8576,6.8363,4.7233,2.6009,0.51564
0.69269,3.0975,5.1609,6.8673,8.1802,9.0609,9.4895,9.4792,9.0749,8.3345,7.3031,5.9917,4.3738,2.3963,-0.00080135,-2.8609,-6.1839,-9.9028,-13.87,-17.861,-21.586,-24.723,-26.946,-27.983,-27.656,-25.934,-22.942,-18.941,-14.281,-9.3362,-4.4478,0.11098,4.1533,7.5772,10.352,12.494,14.042,15.043,15.547,15.616,15.31,14.672,13.718,12.446,10.863,9.0124,6.969,4.8266,2.6674,0.53284
0.70062,3.1277,5.2084,6.9299,8.2554,9.1431,9.568,9.5377,9.0952,8.3031,7.2159,5.8559,4.2041,2.2101,-0.18698,-3.0332,-6.3318,-10.019,-13.949,-17.899,-21.582,-24.676,-26.862,-27.87,-27.53,-25.812,-22.839,-18.868,-14.245,-9.3368,-4.482,0.048399,4.0681,7.4755,10.24,12.378,13.93,14.945,15.479,15.593,15.345,14.764,13.853,12.6,11.017,9.1512,7.0851,4.9161,2.7254,0.54867
0.70734,3.152,5.2465,6.9809,8.3188,9.2158,9.642,9.599,9.126,8.2875,7.1465,5.7367,4.0484,2.0355,-0.36342,-3.1968,-6.4714,-10.127,-14.02,-17.931,-21.573,-24.628,-26.78,-27.764,-27.412,-25.698,-22.743,-18.802,-14.213,-9.3394,-4.5171,-0.014663,3.9825,7.3735,10.128,12.263,13.821,14.853,15.42,15.585,15.394,14.865,13.987,12.746,11.155,9.2702,7.1817,4.9896,2.7733,0.56239
0.71258,3.17,5.2749,7.0199,8.3689,9.2763,9.7078,9.6592,9.1644,8.2871,7.0965,5.6374,3.9107,1.8761,-0.52686,-3.3493,-6.6017,-10.227,-14.086,-17.96,-21.564,-24.582,-26.701,-27.661,-27.3,-25.59,-22.654,-18.741,-14.185,-9.3455,-4.5539,-0.07774,3.8984,7.2741,10.02,12.153,13.718,14.771,15.376,15.592,15.456,14.971,14.115,12.875,11.271,9.3662,7.2571,5.0457,2.8098,0.57336
0.71621,3.182,5.294,7.0469,8.4053,9.3226,9.7618,9.7137,9.2061,8.2995,7.0663,5.5606,3.7949,1.7366,-0.67277,-3.486,-6.7174,-10.314,-14.141,-17.98,-21.551,-24.537,-26.63,-27.572,-27.203,-25.497,-22.576,-18.688,-14.16,-9.3506,-4.5871,-0.13588,3.8199,7.1808,9.9181,12.051,13.626,14.704,15.349,15.616,15.529,15.076,14.23,12.982,11.361,9.4375,7.3109,5.0845,2.8349,0.58116
0.71825,3.1887,5.305,7.0632,8.4285,9.3539,9.801,9.7573,9.2451,8.3202,7.0544,5.5083,3.7052,1.6217,-0.79692,-3.6048,-6.8196,-10.393,-14.191,-18,-21.539,-24.496,-26.563,-27.486,-27.11,-25.41,-22.505,-18.641,-14.142,-9.3597,-4.6214,-0.19127,3.7481,7.0978,9.8295,11.964,13.552,14.656,15.343,15.655,15.604,15.168,14.322,13.062,11.424,9.4844,7.3446,5.1077,2.8492,0.58572
0.71894,3.1912,5.3096,7.0709,8.4404,9.3712,9.8244,9.7859,9.2747,8.3418,7.0561,5.4804,3.6455,1.5379,-0.89096,-3.6946,-6.8944,-10.446,-14.221,-18.007,-21.526,-24.463,-26.515,-27.428,-27.048,-25.351,-22.456,-18.607,-14.126,-9.3629,-4.6435,-0.23078,3.6935,7.0318,9.7581,11.896,13.499,14.633,15.355,15.701,15.67,15.238,14.384,13.111,11.46,9.5097,7.3614,5.1181,2.8551,0.58739
0.71878,3.1912,5.3103,7.073,8.4444,9.3775,9.8336,9.798,9.289,8.355,7.0623,5.4721,3.6177,1.4905,-0.95214,-3.7604,-6.9552,-10.494,-14.252,-18.018,-21.516,-24.435,-26.47,-27.372,-26.988,-25.295,-22.412,-18.579,-14.117,-9.372,-4.6685,-0.26818,3.6483,6.9843,9.7142,11.862,13.482,14.636,15.378,15.737,15.709,15.274,14.412,13.132,11.474,9.5187,7.3663,5.1201,2.8554,0.58714
