-5.6033e-06,-2.1435e-05,-4.1655e-05,-6.3794e-05,-8.676e-05,-0.00010997,-0.00013303,-0.00015563,-0.00017753,-0.00019849,-0.0002183,-0.00023678,-0.00025378,-0.00026914,-0.00028276,-0.00029453,-0.00030439,-0.0003123,-0.00031825,-0.00032225,-0.00032432,-0.00032454,-0.00032299,-0.00031975,-0.00031494,-0.00030868,-0.0003011,-0.00029233,-0.00028249,-0.00027171,-0.0002601,-0.00024776,-0.0002348,-0.0002213,-0.00020733,-0.00019295,-0.00017824,-0.00016323,-0.00014799,-0.00013256,-0.00011701,-0.00010139,-8.5778e-05,-7.0276e-05,-5.5008e-05,-4.0159e-05,-2.6041e-05,-1.3295e-05,-3.4248e-06
-1.8186e-05,-6.4522e-05,-0.00012341,-0.00018819,-0.00025563,-0.00032391,-0.00039183,-0.00045845,-0.00052301,-0.00058483,-0.00064331,-0.0006979,-0.00074812,-0.00079356,-0.00083388,-0.00086879,-0.00089809,-0.00092166,-0.00093946,-0.00095151,-0.00095791,-0.00095884,-0.00095453,-0.00094526,-0.00093135,-0.00091316,-0.00089105,-0.0008654,-0.00083657,-0.00080494,-0.00077082,-0.00073453,-0.00069636,-0.00065654,-0.0006153,-0.00057284,-0.00052932,-0.00048491,-0.00043976,-0.00039402,-0.00034788,-0.00030151,-0.00025515,-0.00020911,-0.00016377,-0.00011974,-7.8021e-05,-4.0519e-05,-1.131e-05
-2.881e-05,-0.00010541,-0.00020339,-0.00031133,-0.00042375,-0.00053756,-0.00065076,-0.0007618,-0.0008694,-0.00097246,-0.00107,-0.001161,-0.0012448,-0.0013207,-0.001388,-0.0014464,-0.0014954,-0.0015349,-0.0015648,-0.0015851,-0.001596,-0.0015977,-0.0015908,-0.0015755,-0.0015526,-0.0015224,-0.0014858,-0.0014432,-0.0013954,-0.0013428,-0.0012861,-0.0012258,-0.0011623,-0.0010961,-0.0010275,-0.00095674,-0.00088422,-0.00081017,-0.00073484,-0.00065848,-0.00058138,-0.00050386,-0.00042629,-0.00034919,-0.00027322,-0.0001994,-0.00012945,-6.6653e-05,-1.8042e-05
-3.755e-05,-0.0001434,-0.00028072,-0.00043267,-0.00059105,-0.00075137,-0.00091075,-0.0010671,-0.0012185,-0.0013636,-0.0015009,-0.0016291,-0.0017471,-0.001854,-0.0019489,-0.0020311,-0.0021003,-0.002156,-0.0021981,-0.0022268,-0.0022422,-0.0022448,-0.002235,-0.0022137,-0.0021814,-0.0021392,-0.0020877,-0.002028,-0.0019608,-0.0018871,-0.0018075,-0.0017229,-0.0016338,-0.0015409,-0.0014446,-0.0013453,-0.0012435,-0.0011395,-0.0010336,-0.00092621,-0.00081768,-0.00070845,-0.00059906,-0.0004902,-0.00038282,-0.00027841,-0.0001795,-9.1077e-05,-2.3602e-05
-4.5047e-05,-0.00017887,-0.0003555,-0.00055227,-0.00075782,-0.00096597,-0.0011729,-0.0013757,-0.0015723,-0.0017605,-0.0019386,-0.002105,-0.0022582,-0.0023969,-0.0025201,-0.0026268,-0.0027165,-0.0027888,-0.0028434,-0.0028805,-0.0029004,-0.0029036,-0.0028908,-0.0028629,-0.0028209,-0.002766,-0.0026992,-0.0026217,-0.0025347,-0.0024392,-0.0023364,-0.002227,-0.0021119,-0.0019918,-0.0018674,-0.0017393,-0.0016078,-0.0014734,-0.0013365,-0.0011975,-0.001057,-0.00091539,-0.00077342,-0.00063197,-0.00049231,-0.00035646,-0.000228,-0.00011391,-2.835e-05
-5.1824e-05,-0.00021254,-0.0004283,-0.00067064,-0.00092468,-0.0011822,-0.0014383,-0.0016894,-0.0019326,-0.0021655,-0.0023859,-0.0025918,-0.0027814,-0.0029531,-0.0031055,-0.0032375,-0.0033483,-0.0034375,-0.0035048,-0.0035503,-0.0035744,-0.0035779,-0.0035615,-0.0035265,-0.0034741,-0.0034056,-0.0033227,-0.0032266,-0.0031189,-0.003001,-0.002874,-0.0027392,-0.0025975,-0.0024498,-0.0022968,-0.0021393,-0.0019776,-0.0018123,-0.0016439,-0.0014728,-0.0012996,-0.0011249,-0.0009495,-0.00077455,-0.00060168,-0.00043358,-0.00027511,-0.00013549,-3.2596e-05
-5.8225e-05,-0.00024507,-0.00049985,-0.00078852,-0.0010925,-0.0014012,-0.0017084,-0.0020097,-0.0023016,-0.0025811,-0.0028456,-0.0030928,-0.0033203,-0.0035263,-0.0037091,-0.0038673,-0.004,-0.0041065,-0.0041866,-0.0042404,-0.0042685,-0.0042716,-0.0042508,-0.0042077,-0.0041438,-0.0040608,-0.0039605,-0.0038447,-0.0037153,-0.0035738,-0.0034218,-0.0032607,-0.0030916,-0.0029156,-0.0027335,-0.0025459,-0.0023536,-0.0021569,-0.0019564,-0.0017525,-0.0015459,-0.0013373,-0.0011276,-0.00091814,-0.00071113,-0.00051003,-0.00032116,-0.00015618,-3.6546e-05
-6.4466e-05,-0.00027704,-0.00057093,-0.00090678,-0.0012621,-0.001624,-0.0019846,-0.0023384,-0.0026813,-0.0030098,-0.0033207,-0.0036111,-0.0038785,-0.0041205,-0.0043351,-0.0045206,-0.004676,-0.0048003,-0.0048934,-0.0049553,-0.0049867,-0.0049887,-0.0049626,-0.0049101,-0.0048333,-0.0047342,-0.0046151,-0.0044781,-0.0043255,-0.0041592,-0.003981,-0.0037925,-0.0035952,-0.00339,-0.0031781,-0.00296,-0.0027363,-0.0025077,-0.0022745,-0.0020372,-0.0017964,-0.001553,-0.001308,-0.0010631,-0.00082103,-0.00058619,-0.00036656,-0.00017633,-4.0337e-05
-7.0684e-05,-0.00030891,-0.00064224,-0.0010263,-0.0014347,-0.001852,-0.0022684,-0.0026774,-0.0030741,-0.0034542,-0.0038141,-0.0041504,-0.0044599,-0.0047399,-0.004988,-0.0052023,-0.0053812,-0.0055239,-0.00563,-0.0056997,-0.0057338,-0.0057335,-0.0057006,-0.0056372,-0.0055457,-0.0054286,-0.0052888,-0.0051287,-0.0049511,-0.0047583,-0.0045525,-0.0043354,-0.0041088,-0.0038737,-0.0036311,-0.0033819,-0.0031265,-0.0028653,-0.0025988,-0.0023274,-0.0020517,-0.0017727,-0.0014914,-0.0012101,-0.00093191,-0.00066257,-0.00041176,-0.00019623,-4.4064e-05
-7.6965e-05,-0.00034103,-0.00071438,-0.0011478,-0.0016112,-0.0020862,-0.0025613,-0.0030286,-0.0034822,-0.0039172,-0.0043292,-0.0047142,-0.0050686,-0.0053891,-0.0056728,-0.0059173,-0.006121,-0.0062826,-0.0064019,-0.0064789,-0.0065147,-0.0065108,-0.0064693,-0.0063928,-0.0062843,-0.0061469,-0.0059838,-0.0057984,-0.0055937,-0.0053724,-0.0051372,-0.0048902,-0.004633,-0.004367,-0.0040932,-0.0038122,-0.0035245,-0.0032303,-0.0029301,-0.002624,-0.0023127,-0.0019971,-0.0016786,-0.0013597,-0.0010445,-0.00073978,-0.00045723,-0.00021617,-4.7806e-05
-8.3365e-05,-0.00037365,-0.00078785,-0.0012721,-0.0017926,-0.002328,-0.0028649,-0.0033939,-0.0039081,-0.0044016,-0.0048693,-0.0053066,-0.0057092,-0.006073,-0.0063947,-0.0066714,-0.0069011,-0.0070824,-0.0072147,-0.0072984,-0.0073346,-0.0073253,-0.0072729,-0.0071808,-0.0070524,-0.0068917,-0.0067025,-0.0064888,-0.0062543,-0.0060023,-0.0057358,-0.005457,-0.0051681,-0.0048702,-0.0045645,-0.0042513,-0.0039309,-0.0036035,-0.0032691,-0.0029279,-0.0025803,-0.0022273,-0.0018705,-0.001513,-0.0011596,-0.00081853,-0.0005035,-0.00023645,-5.1635e-05
-8.9912e-05,-0.00040697,-0.00086303,-0.0013998,-0.0019796,-0.0025784,-0.0031806,-0.0037752,-0.004354,-0.0049103,-0.0054381,-0.0059318,-0.0063863,-0.0067969,-0.0071595,-0.0074707,-0.007728,-0.0079297,-0.0080751,-0.0081646,-0.0081997,-0.0081826,-0.0081165,-0.0080054,-0.0078536,-0.0076658,-0.0074468,-0.0072014,-0.006934,-0.0066485,-0.0063482,-0.0060361,-0.005714,-0.0053834,-0.0050451,-0.0046995,-0.0043464,-0.0039856,-0.0036169,-0.0032402,-0.0028557,-0.0024645,-0.0020685,-0.0016711,-0.0012782,-0.0008997,-0.00055119,-0.00025738,-5.5629e-05
-9.6607e-05,-0.00044105,-0.00094013,-0.0015312,-0.0021729,-0.0028383,-0.0035096,-0.0041742,-0.0048224,-0.0054465,-0.0060393,-0.0065942,-0.0071053,-0.0075667,-0.0079738,-0.0083222,-0.0086089,-0.0088319,-0.0089903,-0.0090845,-0.0091163,-0.0090886,-0.0090053,-0.0088711,-0.0086914,-0.008472,-0.0082188,-0.0079374,-0.0076333,-0.0073109,-0.0069744,-0.0066268,-0.0062702,-0.0059061,-0.005535,-0.0051568,-0.0047712,-0.0043773,-0.0039744,-0.0035622,-0.0031406,-0.0027105,-0.0022741,-0.0018356,-0.0014019,-0.00098435,-0.00060102,-0.00027936,-5.9878e-05
-0.00010343,-0.00047588,-0.0010192,-0.0016664,-0.0023727,-0.0031083,-0.003853,-0.0045925,-0.0053156,-0.0060131,-0.0066767,-0.0072987,-0.0078717,-0.008389,-0.0088447,-0.0092336,-0.009552,-0.0097973,-0.0099685,-0.010066,-0.010092,-0.01005,-0.009945,-0.0097826,-0.0095695,-0.0093129,-0.00902,-0.0086975,-0.0083521,-0.0079891,-0.0076133,-0.0072281,-0.0068357,-0.0064375,-0.0060335,-0.0056234,-0.0052059,-0.0047796,-0.0043432,-0.0038957,-0.0034368,-0.0029673,-0.0024896,-0.0020084,-0.0015321,-0.0010738,-0.0006539,-0.00030282,-6.4488e-05
-0.00011032,-0.0005113,-0.0011,-0.0018053,-0.0025791,-0.0033887,-0.0042115,-0.0050313,-0.0058354,-0.006613,-0.0073543,-0.0080501,-0.0086917,-0.0092709,-0.0097803,-0.010214,-0.010567,-0.010836,-0.011019,-0.011118,-0.011135,-0.011075,-0.010942,-0.010745,-0.010492,-0.010191,-0.0098516,-0.0094819,-0.0090897,-0.0086817,-0.0082632,-0.007838,-0.0074087,-0.0069761,-0.0065399,-0.0060988,-0.0056508,-0.0051936,-0.0047249,-0.004243,-0.003747,-0.0032376,-0.0027175,-0.0021922,-0.0016712,-0.0011698,-0.00071094,-0.00032834,-6.9596e-05
-0.00011717,-0.00054701,-0.001182,-0.0019474,-0.0027915,-0.003679,-0.004585,-0.0054914,-0.0063836,-0.007249,-0.0080761,-0.008854,-0.009572,-0.01022,-0.01079,-0.011273,-0.011663,-0.011958,-0.012153,-0.012252,-0.012256,-0.012171,-0.012004,-0.011764,-0.011462,-0.011109,-0.010715,-0.01029,-0.0098445,-0.0093861,-0.008921,-0.0084537,-0.0079864,-0.0075197,-0.0070525,-0.0065825,-0.0061064,-0.0056206,-0.0051216,-0.0046068,-0.0040745,-0.0035251,-0.0029615,-0.00239,-0.0018219,-0.0012744,-0.00077358,-0.00035663,-7.5374e-05
-0.00012385,-0.0005825,-0.0012644,-0.0020913,-0.0030086,-0.0039782,-0.0049731,-0.0059729,-0.0069612,-0.0079235,-0.0088461,-0.0097159,-0.01052,-0.011246,-0.011884,-0.012422,-0.012855,-0.013176,-0.013384,-0.013479,-0.013465,-0.013348,-0.013138,-0.012846,-0.012485,-0.012068,-0.011609,-0.01112,-0.010613,-0.010098,-0.0095826,-0.0090706,-0.0085649,-0.0080652,-0.0075694,-0.0070737,-0.0065731,-0.0060623,-0.0055363,-0.0049909,-0.0044236,-0.0038343,-0.0032261,-0.0026064,-0.0019878,-0.0013905,-0.00084368,-0.00038864,-8.2048e-05
-0.00013013,-0.00061697,-0.0013458,-0.0022353,-0.0032282,-0.0042841,-0.0053739,-0.0064749,-0.0075687,-0.0086385,-0.0096681,-0.010642,-0.011544,-0.012359,-0.013074,-0.013676,-0.014156,-0.014507,-0.014726,-0.014814,-0.014776,-0.014619,-0.014355,-0.013998,-0.013564,-0.01307,-0.012533,-0.011969,-0.011392,-0.010813,-0.010242,-0.0096827,-0.0091386,-0.0086081,-0.0080875,-0.0075709,-0.0070513,-0.006521,-0.0059726,-0.0054003,-0.0048001,-0.0041714,-0.0035175,-0.0028467,-0.0021738,-0.0015217,-0.00092362,-0.00042555,-8.9903e-05
-0.00013572,-0.00064933,-0.0014241,-0.0023764,-0.003447,-0.0045933,-0.0057842,-0.0069951,-0.0082052,-0.009395,-0.010545,-0.011637,-0.012652,-0.01357,-0.014374,-0.01505,-0.015584,-0.015968,-0.016199,-0.016275,-0.016204,-0.015996,-0.015664,-0.015227,-0.014704,-0.014117,-0.013486,-0.012832,-0.012173,-0.011522,-0.010889,-0.010281,-0.0096999,-0.0091423,-0.0086027,-0.0080726,-0.0075418,-0.0069995,-0.0064354,-0.0058413,-0.0052115,-0.0045445,-0.0038435,-0.0031183,-0.0023859,-0.0016727,-0.0010165,-0.00046891,-9.9315e-05
-0.0001402,-0.00067803,-0.0014964,-0.0025105,-0.0036598,-0.0049003,-0.006199,-0.0075294,-0.0088682,-0.010193,-0.011481,-0.012709,-0.013854,-0.014892,-0.015801,-0.016563,-0.01716,-0.017582,-0.017823,-0.017883,-0.01777,-0.017496,-0.017079,-0.016542,-0.015909,-0.015207,-0.014463,-0.013703,-0.012947,-0.012213,-0.011514,-0.010855,-0.010239,-0.0096598,-0.0091098,-0.0085764,-0.0080453,-0.0075016,-0.0069313,-0.0063227,-0.0056679,-0.004964,-0.0042146,-0.0034307,-0.0026322,-0.0018497,-0.0011264,-0.00052074,-0.00011076
-0.00014304,-0.00070096,-0.0015587,-0.0026319,-0.0038597,-0.0051974,-0.0066106,-0.0080711,-0.0095529,-0.01103,-0.012476,-0.013863,-0.01516,-0.01634,-0.017374,-0.018237,-0.018909,-0.019374,-0.019626,-0.019664,-0.019496,-0.019139,-0.018615,-0.017952,-0.017182,-0.01634,-0.015459,-0.014569,-0.0137,-0.012871,-0.012098,-0.011388,-0.010741,-0.01015,-0.0096016,-0.0090793,-0.0085632,-0.0080328,-0.0074689,-0.0068558,-0.0061823,-0.005444,-0.0046445,-0.0037964,-0.0029232,-0.0020606,-0.0012584,-0.00058361,-0.00012486
-0.00014353,-0.0007153,-0.0016055,-0.0027326,-0.0040367,-0.0054733,-0.0070078,-0.0086101,-0.010252,-0.011903,-0.013532,-0.015104,-0.016582,-0.017931,-0.019115,-0.0201,-0.020861,-0.021378,-0.021641,-0.021648,-0.021411,-0.020949,-0.020289,-0.01947,-0.01853,-0.017513,-0.016463,-0.015418,-0.014413,-0.013475,-0.012621,-0.01186,-0.011189,-0.010598,-0.010069,-0.0095776,-0.0090973,-0.0086,-0.0080601,-0.0074558,-0.0067723,-0.0060029,-0.005151,-0.0042317,-0.0032726,-0.0023157,-0.0014193,-0.00066087,-0.00014241
-0.00014074,-0.00071736,-0.0016298,-0.0028019,-0.0041771,-0.0057129,-0.0073747,-0.0091316,-0.010952,-0.012803,-0.014645,-0.016436,-0.018132,-0.019685,-0.02105,-0.022185,-0.023055,-0.023634,-0.023909,-0.023877,-0.02355,-0.022954,-0.022125,-0.021107,-0.019954,-0.018721,-0.017462,-0.016227,-0.015061,-0.013996,-0.013053,-0.012242,-0.011558,-0.010986,-0.0105,-0.010067,-0.0096505,-0.0092133,-0.0087205,-0.0081431,-0.007461,-0.0066647,-0.0057578,-0.0047578,-0.0036981,-0.0026285,-0.0016178,-0.00075678,-0.0001644
-0.00013349,-0.00070229,-0.0016219,-0.0028255,-0.0042629,-0.005895,-0.0076893,-0.0096145,-0.011637,-0.013717,-0.01581,-0.017864,-0.019822,-0.021624,-0.023211,-0.024531,-0.025536,-0.026193,-0.026481,-0.026398,-0.025958,-0.025193,-0.024148,-0.022881,-0.02146,-0.019956,-0.018437,-0.01697,-0.015609,-0.014395,-0.013355,-0.012499,-0.011818,-0.011289,-0.010879,-0.010542,-0.010227,-0.009886,-0.0094713,-0.0089446,-0.0082789,-0.0074614,-0.0064955,-0.0054025,-0.0042227,-0.0030162,-0.001865,-0.00087678,-0.00019211
-0.00012026,-0.00066384,-0.0015694,-0.0027848,-0.0042696,-0.0059914,-0.0079215,-0.01003,-0.01228,-0.014627,-0.017018,-0.019387,-0.021664,-0.023773,-0.025638,-0.027188,-0.028363,-0.029117,-0.029422,-0.029275,-0.028691,-0.027711,-0.026392,-0.02481,-0.023051,-0.021205,-0.019363,-0.017609,-0.016011,-0.014622,-0.013476,-0.012581,-0.011925,-0.011477,-0.011187,-0.010995,-0.010834,-0.010637,-0.010341,-0.0098965,-0.0092667,-0.0084347,-0.0074044,-0.0062017,-0.0048761,-0.0035008,-0.002175,-0.0010278,-0.00022712
-9.9188e-05,-0.00059405,-0.0014563,-0.0026552,-0.0041652,-0.0059645,-0.0080308,-0.010337,-0.012845,-0.015504,-0.01825,-0.021003,-0.023673,-0.026163,-0.028376,-0.030217,-0.031607,-0.032486,-0.032815,-0.032586,-0.031821,-0.030567,-0.0289,-0.026916,-0.024728,-0.022451,-0.020204,-0.018091,-0.016204,-0.01461,-0.013347,-0.012425,-0.011828,-0.011508,-0.0114,-0.011421,-0.011481,-0.011491,-0.011369,-0.011047,-0.010478,-0.0096399,-0.0085371,-0.0072021,-0.0056965,-0.0041108,-0.002566,-0.0012184,-0.0002714
-6.7919e-05,-0.00048284,-0.001262,-0.002405,-0.0039078,-0.0057642,-0.0079625,-0.010481,-0.013281,-0.016306,-0.019479,-0.022702,-0.02586,-0.028829,-0.03148,-0.033693,-0.03536,-0.036401,-0.036763,-0.036434,-0.035437,-0.033835,-0.031724,-0.029229,-0.026494,-0.02367,-0.02091,-0.01835,-0.016107,-0.014267,-0.012877,-0.011948,-0.011453,-0.011329,-0.011485,-0.01181,-0.012183,-0.012485,-0.012606,-0.01246,-0.011984,-0.011149,-0.009962,-0.0084642,-0.0067333,-0.0048823,-0.0030606,-0.0014597,-0.00032737
-2.3606e-05,-0.0003176,-0.00096046,-0.0019935,-0.0034429,-0.0053248,-0.0076438,-0.010387,-0.013519,-0.016976,-0.020666,-0.024467,-0.028235,-0.031808,-0.03502,-0.03771,-0.039737,-0.04099,-0.041401,-0.040947,-0.039657,-0.037611,-0.034932,-0.031783,-0.028348,-0.024827,-0.021416,-0.018294,-0.01561,-0.013474,-0.011947,-0.011039,-0.01071,-0.010873,-0.011404,-0.012154,-0.012961,-0.013665,-0.014125,-0.014222,-0.013879,-0.013058,-0.011769,-0.010066,-0.0080493,-0.0058611,-0.0036874,-0.0017649,-0.00039794
3.7173e-05,-8.2788e-05,-0.00051906,-0.0013689,-0.0027,-0.0045605,-0.0069786,-0.0099565,-0.013464,-0.017432,-0.02175,-0.026269,-0.030803,-0.035146,-0.039077,-0.042386,-0.044883,-0.04642,-0.046901,-0.046294,-0.044633,-0.042019,-0.038612,-0.034622,-0.03029,-0.025876,-0.021635,-0.017801,-0.014567,-0.012074,-0.0104,-0.009553,-0.0094762,-0.01005,-0.011107,-0.012444,-0.013847,-0.015101,-0.016019,-0.016448,-0.016287,-0.01549,-0.014073,-0.012108,-0.0097247,-0.0071047,-0.004482,-0.0021505,-0.00048661
0.00011844,0.00024051,0.00010278,-0.00046583,-0.0015891,-0.0033597,-0.0058398,-0.009055,-0.012986,-0.017559,-0.022646,-0.028059,-0.033565,-0.038892,-0.043754,-0.047869,-0.050986,-0.052902,-0.053487,-0.052694,-0.050562,-0.04722,-0.042877,-0.037803,-0.032316,-0.026754,-0.02145,-0.016708,-0.012783,-0.0098563,-0.0080256,-0.0072986,-0.0075933,-0.0087468,-0.010531,-0.012675,-0.014887,-0.016886,-0.01842,-0.019293,-0.019374,-0.01861,-0.017025,-0.014719,-0.011861,-0.0086854,-0.005488,-0.0026364,-0.00059743
0.00022479,0.00067489,0.00095469,0.00079724,3.9182e-06,-0.0015786,-0.0040611,-0.0075045,-0.011909,-0.017201,-0.023229,-0.029764,-0.036506,-0.043102,-0.049175,-0.054348,-0.058285,-0.060712,-0.061451,-0.060431,-0.0577,-0.053424,-0.047872,-0.041399,-0.034419,-0.027374,-0.020702,-0.014802,-0.010003,-0.0065437,-0.0045489,-0.0040235,-0.004853,-0.0068147,-0.0095996,-0.012841,-0.016149,-0.019147,-0.021504,-0.022963,-0.023359,-0.022631,-0.02082,-0.018063,-0.014586,-0.010692,-0.0067585,-0.0032464,-0.00073501
0.0003613,0.0012468,0.0020965,0.0025209,0.0022231,0.00096758,-0.0014251,-0.0050686,-0.0099948,-0.016138,-0.023326,-0.031273,-0.039596,-0.047836,-0.055492,-0.062062,-0.06709,-0.070208,-0.071171,-0.069877,-0.066384,-0.060904,-0.053789,-0.045502,-0.036587,-0.027623,-0.019184,-0.011794,-0.0058845,-0.0017672,0.00039654,0.00060562,-0.00098144,-0.0040614,-0.0082149,-0.012946,-0.017732,-0.022066,-0.025513,-0.027738,-0.028535,-0.027836,-0.02571,-0.02235,-0.01806,-0.013235,-0.0083575,-0.0040077,-0.00090439
0.00053332,0.0019864,0.0035988,0.0048274,0.0052478,0.0045139,0.0023504,-0.0014337,-0.0069231,-0.014072,-0.022686,-0.032418,-0.042775,-0.053156,-0.062893,-0.071314,-0.077803,-0.081859,-0.083146,-0.081522,-0.077055,-0.070021,-0.060879,-0.050236,-0.038806,-0.027349,-0.016619,-0.0073045,2.5158e-05,0.0049624,0.0072965,0.0070305,0.0043821,-0.00023638,-0.0062559,-0.013005,-0.019777,-0.025894,-0.030778,-0.033994,-0.035288,-0.034591,-0.032019,-0.027846,-0.022482,-0.016447,-0.01036,-0.0049518,-0.0011108
0.00074605,0.0029267,0.0055432,0.007863,0.0092989,0.0093574,0.0076308,0.0038145,-0.0022598,-0.010588,-0.020961,-0.032954,-0.04594,-0.059122,-0.071611,-0.082497,-0.090946,-0.096277,-0.098031,-0.096009,-0.090295,-0.081248,-0.06947,-0.05576,-0.041053,-0.02635,-0.01264,-0.00083059,0.0083273,0.014296,0.016797,0.015838,0.011715,0.0049878,-0.0035715,-0.013051,-0.022491,-0.030982,-0.037753,-0.042241,-0.044134,-0.043379,-0.040164,-0.034882,-0.028094,-0.020485,-0.012853,-0.0061127,-0.0013594
0.0010039,0.0041021,0.0080207,0.011799,0.014644,0.01587,0.014886,0.011223,0.0045802,-0.0051132,-0.017652,-0.032523,-0.048919,-0.065789,-0.081932,-0.096117,-0.10721,-0.11427,-0.11669,-0.11419,-0.10687,-0.095209,-0.079996,-0.062283,-0.043299,-0.024358,-0.0067618,0.0082953,0.01982,0.027098,0.029758,0.027811,0.021653,0.012042,2.755e-05,-0.013147,-0.026175,-0.037825,-0.047067,-0.053172,-0.055765,-0.054831,-0.050678,-0.043877,-0.035193,-0.025537,-0.015933,-0.007526,-0.0016542
0.0013098,0.0055461,0.011129,0.01683,0.021604,0.024513,0.024717,0.02151,0.014388,0.0031422,-0.012055,-0.030596,-0.051442,-0.073192,-0.094216,-0.11283,-0.12749,-0.13692,-0.14027,-0.13718,-0.12779,-0.11272,-0.093025,-0.07008,-0.045504,-0.021022,0.0016557,0.020955,0.03556,0.044519,0.04733,0.043995,0.035044,0.021495,0.0047795,-0.013404,-0.031265,-0.047122,-0.059592,-0.06773,-0.071102,-0.069772,-0.064242,-0.055342,-0.044131,-0.031814,-0.019704,-0.0092266,-0.0019978
0.0016637,0.0072873,0.014967,0.023172,0.030551,0.035848,0.037887,0.03562,0.028232,0.015278,-0.0031663,-0.026401,-0.053085,-0.081333,-0.10891,-0.13351,-0.153,-0.16564,-0.1703,-0.16649,-0.1544,-0.13487,-0.1093,-0.079512,-0.047618,-0.015881,0.013452,0.03831,0.056949,0.068093,0.071049,0.065799,0.053031,0.034113,0.010989,-0.014005,-0.038396,-0.05987,-0.076552,-0.087217,-0.091383,-0.08928,-0.081715,-0.069908,-0.055321,-0.039553,-0.024275,-0.011245,-0.0023902
0.0020619,0.0093456,0.019628,0.03105,0.041906,0.050546,0.055351,0.054789,0.047563,0.03283,0.010452,-0.018801,-0.053194,-0.090159,-0.1266,-0.15931,-0.18535,-0.20235,-0.2088,-0.20407,-0.18845,-0.16308,-0.12981,-0.091051,-0.049575,-0.0083374,0.029724,0.061888,0.085839,0.099858,0.10298,0.095125,0.077168,0.050929,0.019051,-0.01524,-0.0485,-0.077502,-0.099675,-0.11343,-0.11828,-0.11476,-0.10418,-0.088326,-0.069236,-0.049007,-0.029751,-0.013605,-0.0028274
0.0024963,0.011729,0.025191,0.040688,0.056128,0.069393,0.078294,0.080624,0.074352,0.057962,0.030885,-0.0061103,-0.050765,-0.099526,-0.14804,-0.1918,-0.22673,-0.24963,-0.25848,-0.25254,-0.23225,-0.19918,-0.15582,-0.10531,-0.051297,0.0023823,0.051898,0.093682,0.12467,0.14253,0.14589,0.13455,0.10958,0.073373,0.029503,-0.017554,-0.062944,-0.1021,-0.13143,-0.14887,-0.15403,-0.14802,-0.13295,-0.11148,-0.086398,-0.060439,-0.03623,-0.016321,-0.0033024
0.0029562,0.014433,0.031714,0.052294,0.073688,0.093265,0.10814,0.1152,0.11128,0.093748,0.061185,0.014191,-0.044269,-0.10917,-0.17426,-0.23313,-0.28013,-0.31095,-0.32298,-0.31536,-0.28884,-0.2456,-0.18896,-0.12309,-0.052685,0.017266,0.081807,0.13628,0.17663,0.1997,0.20351,0.18762,0.15324,0.10346,0.043101,-0.021607,-0.083748,-0.13672,-0.17541,-0.19708,-0.2017,-0.1914,-0.16966,-0.14038,-0.10736,-0.074114,-0.043804,-0.019403,-0.003807
0.003434,0.017457,0.03924,0.066033,0.095011,0.12306,0.14654,0.16113,0.16202,0.14462,0.10591,0.045926,-0.031373,-0.11864,-0.2067,-0.28636,-0.34973,-0.39108,-0.40715,-0.39708,-0.36215,-0.30543,-0.23136,-0.1454,-0.053625,0.037563,0.12179,0.19301,0.24589,0.27612,0.28086,0.25915,0.21228,0.14408,0.060984,-0.028348,-0.11392,-0.18596,-0.23691,-0.26313,-0.26539,-0.24783,-0.21613,-0.17605,-0.13267,-0.090274,-0.052563,-0.022871,-0.0043389
0.003936,0.020813,0.047789,0.081965,0.12034,0.15951,0.19517,0.22159,0.2315,0.21704,0.17201,0.095,-0.0085192,-0.12733,-0.24758,-0.35589,-0.44134,-0.49649,-0.51746,-0.50367,-0.45727,-0.38262,-0.28567,-0.17353,-0.053981,0.064828,0.17478,0.26811,0.33781,0.37804,0.38467,0.35585,0.29263,0.19955,0.084988,-0.039051,-0.15795,-0.25682,-0.32396,-0.35431,-0.3506,-0.32076,-0.27421,-0.21933,-0.16265,-0.10907,-0.062579,-0.026758,-0.0049101
0.0044901,0.024526,0.057288,0.099838,0.14932,0.20256,0.2551,0.29985,0.32616,0.32053,0.27039,0.17074,0.029694,-0.13455,-0.30041,-0.44827,-0.56328,-0.63609,-0.66255,-0.64287,-0.58066,-0.48211,-0.35519,-0.20905,-0.053603,0.10095,0.24439,0.36684,0.4592,0.51357,0.52393,0.48692,0.40278,0.27641,0.11827,-0.055233,-0.22256,-0.36025,-0.449,-0.48121,-0.4642,-0.41347,-0.34479,-0.27005,-0.19692,-0.13025,-0.073768,-0.031045,-0.0055352
0.005118,0.028512,0.067283,0.11848,0.17992,0.24977,0.3248,0.39757,0.45328,0.46895,0.41871,0.28825,0.091363,-0.14003,-0.37117,-0.57348,-0.7274,-0.82206,-0.85381,-0.82461,-0.74043,-0.61003,-0.44397,-0.25395,-0.052326,0.14823,0.33503,0.49573,0.61862,0.69313,0.71057,0.66509,0.55508,0.38485,0.16655,-0.078158,-0.31767,-0.51374,-0.63183,-0.65864,-0.6131,-0.52652,-0.42518,-0.32491,-0.23299,-0.15242,-0.085445,-0.035395,-0.0061381
0.0057175,0.032272,0.076335,0.13457,0.20624,0.29278,0.39524,0.50914,0.61685,0.68065,0.64637,0.47252,0.18816,-0.14528,-0.4705,-0.74697,-0.95073,-1.0709,-1.106,-1.0613,-0.9464,-0.77351,-0.55654,-0.31029,-0.04998,0.20909,0.45161,0.66233,0.82637,0.92973,0.96004,0.90765,0.76737,0.541,0.24063,-0.10716,-0.45715,-0.74542,-0.9043,-0.90447,-0.79805,-0.65013,-0.50269,-0.37306,-0.26361,-0.17158,-0.095581,-0.038584,-0.0062824
0.0058514,0.034583,0.081464,0.14124,0.21554,0.31182,0.44045,0.60806,0.80252,0.97076,1.0028,0.76481,0.33516,-0.15718,-0.61759,-0.99281,-1.2578,-1.405,-1.4382,-1.3684,-1.2105,-0.98154,-0.69922,-0.38142,-0.046398,0.28723,0.60082,0.87606,1.0949,1.2395,1.2925,1.2383,1.0657,0.77057,0.36102,-0.13502,-0.65744,-1.0993,-1.3166,-1.2273,-0.99371,-0.74719,-0.54335,-0.38975,-0.27367,-0.18012,-0.10064,-0.03807,-0.0047985
0.0048244,0.034158,0.078997,0.12827,0.18739,0.27185,0.40649,0.62208,0.93544,1.3042,1.564,1.2268,0.54569,-0.19594,-0.84621,-1.3462,-1.68,-1.8511,-1.8726,-1.7635,-1.5456,-1.2415,-0.87434,-0.46715,-0.041422,0.38278,0.78538,1.1447,1.4377,1.6408,1.7308,1.6851,1.4836,1.1118,0.56578,-0.13645,-0.92689,-1.6324,-1.936,-1.5655,-1.0989,-0.72614,-0.48099,-0.3333,-0.24038,-0.16863,-0.098521,-0.031695,-0.00037368
0.0038034,0.03371,0.068505,0.086447,0.10046,0.13083,0.21324,0.40892,0.79394,1.3903,2.3714,1.8784,0.80429,-0.29716,-1.2075,-1.8656,-2.272,-2.452,-2.4387,-2.2659,-1.9663,-1.5694,-1.1001,-0.58043,-0.034903,0.50895,1.0236,1.4846,1.8697,2.1537,2.3064,2.2941,2.0812,1.6319,0.91925,-0.055329,-1.2194,-2.3261,-2.7612,-1.5447,-0.84841,-0.42439,-0.22712,-0.15852,-0.14254,-0.13242,-0.097292,-0.026824,0.0025066
0.015614,0.052771,0.056695,0.015086,-0.048516,-0.12571,-0.19922,-0.21827,-0.076499,0.14163,2.7165,1.9303,0.66626,-0.60028,-1.7018,-2.5302,-3.0338,-3.2279,-3.1655,-2.9038,-2.4876,-1.9542,-1.343,-0.69195,-0.026821,0.63664,1.2827,1.8853,2.4066,2.8067,3.0478,3.0837,2.8555,2.3113,1.4413,0.30878,-0.96736,-2.2143,-2.9334,0.10626,0.24129,0.33495,0.26094,0.1377,0.018945,-0.075389,-0.12226,-0.072271,-0.028891
0.099004,0.16881,0.032177,-0.07397,-0.21692,-0.4152,-0.73027,-1.2955,-2.1529,-3.3895,-6.1205,-3.1512,-2.1563,-2.297,-2.954,-3.6579,-4.1071,-4.2276,-4.0571,-3.6624,-3.1152,-2.4641,-1.7215,-0.89464,-0.016694,0.85921,1.6801,2.4133,3.0519,3.5837,3.9597,4.1107,3.9785,3.545,2.9148,2.4206,2.5564,3.9905,7.6382,4.1329,2.5236,1.4843,0.80304,0.43163,0.19543,0.0125,-0.15355,-0.38761,-0.20278
-0.094164,-0.15564,-0.038393,0.076027,0.21732,0.41662,0.73478,1.2932,2.173,3.2932,-0.0023251,-0.64372,-1.2626,-2.2458,-3.6217,-4.8771,-5.5172,-5.5656,-5.2301,-4.6521,-3.8703,-2.9297,-1.9312,-0.95393,-0.0056556,0.94102,1.9135,2.9036,3.8319,4.5988,5.1641,5.4989,5.482,4.9328,3.8443,2.6903,1.8983,1.3785,-0.051505,-4.0037,-2.551,-1.4801,-0.80834,-0.43292,-0.19597,-0.014662,0.16039,0.3721,0.19716
0.061532,0.16182,0.32711,0.67985,1.1861,1.8129,2.5696,3.4612,4.306,4.5925,3.6416,2.395,4.2767,1.5424,-1.8982,-5.1218,-6.6619,-6.9242,-6.4401,-5.6134,-4.7272,-3.8156,-2.7353,-1.4286,0.0098684,1.4453,2.7429,3.8101,4.7082,5.5841,6.4097,6.9175,6.7234,5.3036,2.2322,-1.0906,-3.9356,-2.5009,-4.137,-4.7923,-4.5238,-3.6184,-2.6333,-1.8093,-1.1431,-0.62259,-0.28956,-0.19458,-0.07991
0.0043482,0.042817,0.49622,1.1357,1.8628,2.5668,3.1014,3.2373,2.6654,1.5315,3.1647,3.4437,5.2696,9.017,1.8167,-5.1181,-8.0213,-8.4534,-8.0435,-7.1285,-5.6707,-3.9456,-2.3893,-1.1178,0.022018,1.1601,2.4278,3.9784,5.6929,7.1407,8.0635,8.5097,8.1361,5.2879,-1.6375,-9.1102,-5.4782,-3.8312,-3.2658,-1.4102,-2.5681,-3.1674,-3.0244,-2.4769,-1.7708,-1.0587,-0.44994,-0.024683,0.0020999
0.022702,0.081124,0.66484,1.5107,2.414,3.1908,3.6418,3.5541,2.8177,1.7878,1.6242,1.2977,2.1354,8.2583,18.557,1.6209,-7.3483,-9.2236,-8.5656,-7.5315,-6.8566,-6.0898,-4.5792,-2.3872,0.048617,2.4798,4.6548,6.1377,6.8831,7.5573,8.6044,9.2775,7.3966,-1.6641,-18.727,-8.374,-2.0934,-1.0819,-1.3255,-1.4019,-2.4529,-3.2467,-3.386,-2.98,-2.2495,-1.3991,-0.60994,-0.072084,-0.020719
0.016901,0.067517,0.80393,1.8731,3.0295,4.0835,4.8712,5.2553,5.1627,4.6034,3.4176,0.4221,-4.885,-8.3215,13.954,26.636,2.0266,-7.1432,-10.845,-10.169,-7.1563,-4.0735,-2.169,-1.0312,0.057659,1.1411,2.2728,4.1819,7.2644,10.257,10.922,7.2343,-1.9657,-26.82,-14.09,8.2325,4.9504,-0.084056,-2.9181,-4.0244,-4.5947,-4.752,-4.4516,-3.7519,-2.787,-1.72,-0.73408,-0.057568,-0.014427
0.017068,0.065273,0.93065,2.2317,3.7225,5.2526,6.7388,8.1503,9.4922,10.751,11.758,12.095,11.564,9.3437,-5.4461,21.478,26.07,8.417,-3.1842,-8.2421,-10.611,-10.637,-7.9651,-3.9554,0.10687,4.166,8.15,10.753,10.652,8.2686,3.2312,-8.4523,-26.522,-21.626,5.5558,-8.9572,-11.074,-11.472,-11.037,-9.9904,-8.7588,-7.4942,-6.1887,-4.8209,-3.4129,-2.0415,-0.84691,-0.055068,-0.014488
0.014845,0.05658,1.0081,2.4972,4.3094,6.3473,8.6024,11.124,13.969,17.111,20.345,23.267,25.524,27.039,27.433,24.26,24.025,16.85,-11.458,-10.306,-4.9679,-1.6607,-1.2494,-1.1038,0.11145,1.3048,1.414,1.8367,5.1927,10.486,11.418,-17.404,-24.214,-24.115,-27.106,-26.452,-24.77,-22.405,-19.43,-16.196,-13.107,-10.359,-7.9613,-5.8463,-3.9536,-2.282,-0.91546,-0.046559,-0.012343
0.011582,0.044177,0.98937,2.5384,4.5258,6.8963,9.6836,12.975,16.843,21.24,25.81,29.604,30.627,25.401,10.299,-7.0344,43.955,30.388,-1.9701,-12.39,-18.052,-18.873,-13.467,-6.3087,0.19686,6.7081,13.852,19.132,18.042,12.121,1.5243,-30.752,-43.848,7.2521,-9.7172,-24.544,-29.621,-28.533,-24.736,-20.21,-15.897,-12.144,-8.9938,-6.3613,-4.1497,-2.3142,-0.89455,-0.034145,-0.0090673
0.0075623,0.02891,0.84172,2.2556,4.166,6.5423,9.426,12.914,17.127,22.162,28.026,34.478,40.556,43.41,36.166,6.1129,-61.674,34.922,21.192,23.447,10.685,3.0857,-2.8651,-3.4431,0.2132,3.813,3.0955,-2.946,-10.463,-23.247,-21.819,-34.975,61.99,-5.2792,-35.104,-42.226,-39.327,-33.258,-26.856,-21.073,-16.148,-12.068,-8.7311,-6.0093,-3.7964,-2.0389,-0.75163,-0.018962,-0.005071
0.0029352,0.011614,0.56555,1.631,3.1727,5.1698,7.6378,10.638,14.284,18.774,24.483,32.168,43.335,60.779,88.81,130.31,167.14,65.951,22.177,16.918,-25.836,-36.421,-24.869,-11.394,0.34613,12.1,25.597,37.021,25.866,-17.674,-22.523,-65.626,-166.42,-129.25,-87.565,-59.459,-42.016,-30.898,-23.295,-17.693,-13.329,-9.825,-6.9796,-4.6728,-2.8343,-1.4367,-0.48617,-0.0017561,-0.00046932
-0.0017559,-0.0059681,0.19793,0.74115,1.6618,2.9433,4.554,6.4731,8.7094,11.338,14.584,19.008,25.854,37.632,58.567,92.951,136.59,161.18,32.571,19.369,11.581,-12.074,-20.149,-12.63,0.41492,13.371,20.585,12.016,-12.027,-19.996,-32.627,-160.65,-135.53,-91.551,-57.067,-36.169,-24.481,-17.743,-13.438,-10.319,-7.8271,-5.7361,-3.9687,-2.5108,-1.3747,-0.58076,-0.13349,0.015736,0.0041973
-0.006022,-0.022155,-0.20036,-0.26901,-0.11913,0.24378,0.74723,1.2839,1.7275,1.9378,1.7555,0.97335,-0.75062,-4.0962,-10.405,-21.662,-37.518,-37.622,92.003,-34.566,-183,-104.22,-50.84,-21.189,0.60543,22.425,52.172,105.61,183.82,33.894,-91.802,38.333,38.885,23.292,12.029,5.5981,2.0993,0.22334,-0.70397,-1.0276,-0.95836,-0.65712,-0.26274,0.10325,0.34134,0.38848,0.24772,0.03184,0.0084414
-0.0095723,-0.035859,-0.56529,-1.2346,-1.875,-2.4667,-3.0933,-3.9062,-5.1065,-6.9483,-9.7715,-14.078,-20.659,-30.688,-45.312,-63.084,-72.276,-42.661,54.368,54.327,-34.513,-65.628,-45.616,-21.071,0.74591,22.507,46.723,65.751,33.301,-53.932,-54.276,44.669,74.67,65.208,47.083,32.169,21.914,15.149,10.682,7.7127,5.7322,4.3987,3.4589,2.7162,2.0258,1.3109,0.59547,0.045494,0.01198
-0.012209,-0.046302,-0.84761,-2.0185,-3.3492,-4.7835,-6.3808,-8.2789,-10.666,-13.766,-17.844,-23.232,-30.37,-39.858,-52.506,-69.393,-91.262,-111.22,-89.44,28.998,-28.836,-46.331,-34.617,-16.576,0.94023,18.558,37.008,49.799,33.589,-32.112,94.658,115.12,93.927,71.369,54.07,41.139,31.434,24.118,18.575,14.357,11.129,8.624,6.62,4.9326,3.429,2.0537,0.86217,0.055876,0.014601
-0.013955,-0.053486,-1.0226,-2.5404,-4.3798,-6.4465,-8.7524,-11.379,-14.442,-18.051,-22.284,-27.149,-32.543,-38.226,-43.859,-49.372,-56.093,-68.69,-89.32,-5.8654,22.584,-9.2849,-15.84,-9.0193,1.0144,11.124,18.045,10.959,-23.094,14.56,88.931,69.712,57.562,50.743,45.031,39.208,33.357,27.811,22.811,18.455,14.735,11.576,8.8678,6.5006,4.395,2.5398,1.0242,0.06303,0.016342
-0.014906,-0.057658,-1.0895,-2.7819,-4.9138,-7.3617,-10.085,-13.095,-16.416,-20.041,-23.875,-27.686,-31.027,-33.178,-33.124,-29.684,-21.832,-9.0343,7.2604,-7.0082,54.544,20.895,1.8672,-1.5017,0.98609,3.5995,0.65372,-17.32,-47.821,14.617,0.0062548,12.482,23.602,30.816,33.978,33.864,31.58,28.118,24.195,20.259,16.546,13.152,10.088,7.333,4.8751,2.7529,1.0815,0.067166,0.017286
-0.0152,-0.059267,-1.065,-2.7739,-4.989,-7.5731,-10.443,-13.55,-16.846,-20.239,-23.548,-26.448,-28.406,-28.618,-25.976,-19.177,-7.2924,8.3716,18.762,-11.497,36.234,24.538,9.1115,2.5868,0.79611,-0.93478,-7.3044,-22.571,-34.634,9.0785,-17.312,-7.1166,8.135,19.793,26.467,29.015,28.712,26.663,23.676,20.288,16.83,13.487,10.353,7.4781,4.9093,2.7246,1.0506,0.068729,0.01757
-0.015032,-0.059008,-0.97411,-2.5748,-4.699,-7.2114,-10.005,-12.992,-16.081,-19.149,-22.009,-24.375,-25.815,-25.689,-23.073,-16.782,-5.9531,7.6545,14.478,-7.017,16.226,18.659,9.8789,3.8563,0.50617,-2.8841,-9.1067,-18.487,-17.306,7.5135,-15.913,-8.2804,5.854,16.896,23.242,25.84,25.913,24.407,21.975,19.057,15.946,12.834,9.8443,7.0687,4.5918,2.513,0.9562,0.068422,0.017391
-0.014472,-0.05714,-0.84256,-2.2507,-4.1579,-6.4425,-8.9914,-11.7,-14.462,-17.163,-19.666,-21.802,-23.354,-23.987,-23.081,-19.464,-11.417,1.3622,10.576,-7.8842,4.4952,11.757,8.2265,3.7815,0.22059,-3.4245,-8.1646,-12.244,-5.4394,7.6957,-11.327,-1.9484,11.145,19.388,23.076,23.975,23.3,21.694,19.506,16.964,14.24,11.474,8.7833,6.2705,4.0357,2.1834,0.82363,0.066458,0.016807
-0.013712,-0.054396,-0.69256,-1.8619,-3.4747,-5.4291,-7.618,-9.9348,-12.277,-14.553,-16.69,-18.662,-20.508,-22.304,-23.946,-24.52,-21.146,-9.0814,8.5317,-9.7104,2.7651,10.789,8.3013,4.0112,-0.0086336,-4.1114,-8.6543,-11.492,-3.5046,9.7097,-9.0259,8.7351,20.99,24.455,23.889,22.208,20.359,18.46,16.445,14.282,11.999,9.6691,7.3847,5.2443,3.3482,1.7946,0.67446,0.063605,0.016021
-0.012808,-0.051016,-0.54067,-1.456,-2.7398,-4.3106,-6.0723,-7.9231,-9.7657,-11.522,-13.16,-14.746,-16.524,-18.996,-22.873,-28.403,-32.99,-26.802,0.80108,-9.8775,-5.0459,9.5191,9.3959,4.7863,-0.17405,-5.194,-9.9617,-10.221,4.5813,9.7773,-0.98562,26.794,33.055,28.432,22.822,18.862,16.319,14.486,12.864,11.21,9.4587,7.6409,5.8325,4.1263,2.6173,1.3929,0.52471,0.06008,0.015081
-0.011837,-0.047311,-0.3982,-1.0675,-2.0213,-3.1962,-4.5076,-5.858,-7.1472,-8.2873,-9.2289,-10.016,-10.894,-12.529,-16.34,-24.636,-38.455,-45.643,5.5768,-18.391,34.445,24.258,14.615,6.5226,-0.29137,-7.1354,-15.285,-24.876,-34.646,18.266,-5.6595,45.905,38.698,24.726,16.281,12.358,10.646,9.7188,8.9062,7.9597,6.8347,5.5785,4.2762,3.0227,1.9089,1.0114,0.38521,0.056196,0.014064
-0.010883,-0.043619,-0.27217,-0.7187,-1.3665,-2.1669,-3.0451,-3.9068,-4.6431,-5.1362,-5.2665,-4.9282,-4.0768,-2.8847,-2.242,-5.2203,-20.202,-58.262,-29.014,7.8864,31.856,26.359,16.163,7.1783,-0.38337,-7.9488,-16.906,-26.906,-31.883,-8.0193,28.907,58.683,20.456,5.2373,2.0972,2.6453,3.7835,4.6061,4.9346,4.8117,4.3423,3.6445,2.8328,2.0113,1.2683,0.67143,0.26262,0.052308,0.01306
-0.0099265,-0.039895,-0.16629,-0.42291,-0.80539,-1.277,-1.7735,-2.2059,-2.4619,-2.4006,-1.8381,-0.51079,2.0065,6.4832,14.449,29.082,56.034,92.234,-11.458,13.373,19.968,20.888,13.942,6.3809,-0.47001,-7.3069,-14.783,-21.442,-19.941,-13.237,11.156,-92.058,-56.134,-29.352,-14.776,-6.8237,-2.348,0.17321,1.511,2.0934,2.1855,1.9707,1.5874,1.1439,0.72364,0.38539,0.16036,0.048342,0.012043
-0.0090645,-0.036499,-0.081959,-0.18568,-0.35218,-0.55572,-0.74418,-0.84147,-0.74746,-0.33294,0.57517,2.2262,5.0045,9.4987,16.435,25.8,33.194,22.607,1.0039,-21.568,0.41919,11.793,9.914,4.7967,-0.56274,-5.9011,-10.912,-12.473,-0.49178,21.836,-1.2162,-23.323,-34.025,-26.481,-16.962,-9.9265,-5.3754,-2.5622,-0.88307,0.054664,0.50437,0.6398,0.5885,0.44727,0.28794,0.15816,0.079626,0.044694,0.011117
-0.0082794,-0.033389,-0.018498,-0.0063384,-0.007995,-0.0080547,0.031304,0.16674,0.47059,1.0282,1.9357,3.2987,5.2297,7.8399,11.213,15.33,19.813,21.846,-6.4684,3.6601,3.0103,8.4122,7.1729,3.4296,-0.66128,-4.7337,-8.3859,-9.3683,-3.5849,-4.3325,6.4257,-23.682,-21.158,-16.18,-11.785,-8.2695,-5.5846,-3.6081,-2.2098,-1.2685,-0.67478,-0.3316,-0.15497,-0.075171,-0.038834,-0.011457,0.019576,0.041313,0.010263
-0.007587,-0.030629,0.026172,0.1204,0.23637,0.38026,0.57556,0.8578,1.2673,1.8379,2.5773,3.4322,4.2306,4.607,3.9832,1.8475,-1.3298,-3.5454,-4.5066,-8.9067,-1.1643,5.3381,5.1345,2.3942,-0.75473,-3.8891,-6.5619,-6.6151,-0.091924,7.1137,4.4798,2.6141,0.66207,-2.3205,-4.3653,-4.9394,-4.5263,-3.6951,-2.8081,-2.0357,-1.4306,-0.98547,-0.66773,-0.43917,-0.26671,-0.12915,-0.021989,0.038266,0.0094981
-0.0070093,-0.028303,0.054949,0.20254,0.39606,0.63453,0.92968,1.3,1.7621,2.3164,2.9228,3.4562,3.6285,2.8719,0.26102,-4.9986,-10.458,-0.88956,-8.0437,-5.3404,-1.2125,3.93,3.9549,1.7384,-0.83091,-3.3786,-5.5045,-5.2803,0.084663,4.5317,7.8107,1.2238,10.742,4.9997,-0.43178,-3.1043,-3.8649,-3.6725,-3.1106,-2.4728,-1.8863,-1.3927,-0.9926,-0.67116,-0.41148,-0.20319,-0.04805,0.035653,0.0088481
-0.0064985,-0.026247,0.071013,0.24878,0.48774,0.78225,1.1361,1.5576,2.0525,2.6146,3.2117,3.7647,4.1109,3.9204,2.4566,-2.0148,-11.873,-9.3408,1.2985,2.8926,1.5985,3.8517,3.4101,1.3654,-0.88969,-3.1098,-5.0202,-5.173,-2.4868,-3.1367,-1.5231,9.2561,12.139,1.9626,-2.6611,-4.1551,-4.3288,-3.9517,-3.3651,-2.7352,-2.1423,-1.6193,-1.1733,-0.79937,-0.4902,-0.24249,-0.061849,0.033288,0.0082597
-0.0060937,-0.024595,0.077157,0.26706,0.52644,0.84719,1.2286,1.6738,2.1859,2.7651,3.4102,4.1322,5.0069,6.3242,8.9445,14.754,23.962,-0.11707,-4.1292,-2.0358,0.72716,3.2004,2.8947,1.0768,-0.93843,-2.9077,-4.5592,-4.5207,-1.5045,2.0169,4.4112,-0.10671,-24.751,-15.412,-9.3933,-6.6351,-5.2341,-4.3028,-3.5374,-2.8564,-2.2468,-1.7094,-1.2441,-0.84796,-0.51811,-0.25506,-0.066188,0.031332,0.0077786
-0.0057592,-0.023227,0.075781,0.26402,0.52447,0.84815,1.2317,1.6748,2.1782,2.7427,3.3718,4.0787,4.9027,5.9191,7.1593,8.0899,5.9957,-1.8876,-0.45012,-1.7491,0.27398,2.534,2.3927,0.81602,-0.98284,-2.7313,-4.1357,-3.9551,-1.2895,0.92665,-0.88737,1.8983,-7.5952,-8.9966,-7.6476,-6.2222,-5.1124,-4.2284,-3.4758,-2.81,-2.2158,-1.6894,-1.2297,-0.83579,-0.50753,-0.24753,-0.063459,0.029655,0.0073666
-0.0054885,-0.022116,0.068776,0.24498,0.49181,0.80035,1.1654,1.5835,2.0507,2.561,3.1031,3.652,4.1418,4.3936,3.9925,2.3859,1.1612,-3.4768,-4.6552,-3.2215,-0.51671,1.8318,1.9096,0.57575,-1.0226,-2.5683,-3.7308,-3.3584,-0.70107,2.0563,3.3493,3.2803,-0.87337,-2.2718,-4.1003,-4.5696,-4.3055,-3.7777,-3.1877,-2.6095,-2.0704,-1.582,-1.1501,-0.77797,-0.46835,-0.22515,-0.055524,0.028229,0.0070175
-0.0052866,-0.021273,0.057636,0.21426,0.43676,0.71701,1.0487,1.4253,1.838,2.2732,2.7094,3.1081,3.3916,3.3943,2.7918,1.0987,-1.9633,-0.59247,-5.5051,-3.9325,-1.0609,1.2746,1.5072,0.37352,-1.0553,-2.4284,-3.3844,-2.8518,-0.17149,3.0121,5.1005,0.37891,1.8928,-1.0913,-2.9774,-3.6055,-3.5641,-3.2299,-2.7845,-2.3098,-1.8453,-1.4123,-1.0238,-0.68749,-0.40872,-0.19216,-0.043835,0.027077,0.006738
-0.0051091,-0.020546,0.043605,0.1754,0.3663,0.60971,0.89909,1.2258,1.577,1.9336,2.2706,2.5593,2.7721,2.8894,2.9008,2.6964,0.53654,-1.1537,-2.6523,-2.9809,-1.0284,0.96214,1.2171,0.21868,-1.0806,-2.3209,-3.1344,-2.57,-0.19881,2.1882,2.4177,1.1448,-0.66166,-3.7734,-3.5327,-3.2382,-2.9814,-2.6875,-2.3423,-1.9634,-1.5766,-1.2056,-0.8681,-0.57571,-0.33546,-0.152,-0.029613,0.026024,0.0064794
-0.0049817,-0.020016,0.027575,0.13119,0.2861,0.48811,0.73172,1.0077,1.3004,1.5852,1.8303,2.0059,2.1061,2.1718,2.2801,2.6743,-0.88513,2.7745,-0.53502,-1.938,-0.83554,0.76221,0.99474,0.097627,-1.0988,-2.2346,-2.9455,-2.4133,-0.47211,0.91299,-0.46796,-4.18,0.84021,-3.0773,-2.5295,-2.3863,-2.2783,-2.1245,-1.8978,-1.6112,-1.2961,-0.98396,-0.69791,-0.45216,-0.25418,-0.10744,-0.013732,0.025173,0.0062716
-0.004879,-0.0196,0.010305,0.083837,0.20052,0.35943,0.55775,0.78827,1.0352,1.2692,1.4445,1.5075,1.429,1.254,1.016,-0.58013,0.15417,-9.6449,-5.8398,-3.283,-1.2021,0.47923,0.78219,-0.0068571,-1.1098,-2.1512,-2.7555,-2.1652,-0.16856,2.1576,4.8318,8.8168,-0.38826,0.65436,-1.0036,-1.4311,-1.6084,-1.6331,-1.5147,-1.2958,-1.0311,-0.76479,-0.52446,-0.32415,-0.1693,-0.060732,0.0030291,0.024427,0.0060869
-0.0048008,-0.019292,-0.0075036,0.035348,0.11306,0.22848,0.3832,0.57568,0.79639,1.0186,1.1862,1.2069,0.97821,0.47693,-0.039239,1.0471,-0.17803,-3.1901,-4.478,-3.2654,-1.3391,0.26703,0.60678,-0.091343,-1.1129,-2.0726,-2.5878,-1.9688,-0.051798,2.1663,3.7019,2.8982,0.070742,-1.161,-0.96983,-1.0285,-1.2627,-1.3596,-1.2646,-1.05,-0.79684,-0.55679,-0.35417,-0.19678,-0.084529,-0.013988,0.019924,0.023785,0.005925
-0.0047614,-0.01914,-0.024867,-0.011699,0.027612,0.09909,0.20929,0.36579,0.57427,0.8282,1.0878,1.2583,1.2356,1.2129,2.4432,-0.014085,3.8567,-0.35673,-2.9123,-2.7792,-1.2929,0.13629,0.47367,-0.1546,-1.1081,-2.0001,-2.449,-1.8431,-0.1178,1.6414,2.0004,-0.48575,-4.9781,-0.07703,-2.5785,-1.3347,-1.3864,-1.3773,-1.1633,-0.8665,-0.58456,-0.35685,-0.18902,-0.074365,-0.0040443,0.030052,0.035906,0.023297,0.0058013
-0.0047395,-0.019067,-0.040011,-0.0529,-0.049101,-0.021923,0.037779,0.14601,0.32835,0.61468,1.01,1.4147,1.517,0.99194,0.53982,0.97373,-6.9852,-5.1701,-4.0709,-2.9344,-1.3514,0.01641,0.36505,-0.20102,-1.0955,-1.9294,-2.3216,-1.7177,-0.071505,1.7693,3.1298,4.4181,6.4746,-1.122,-0.59134,-1.2725,-1.7428,-1.5647,-1.1073,-0.6739,-0.35833,-0.15434,-0.03169,0.035809,0.065166,0.06683,0.049137,0.022875,0.0056918
-0.004766,-0.019177,-0.05016,-0.081017,-0.10485,-0.11854,-0.11648,-0.082684,0.020096,0.26218,0.74024,1.4647,1.8915,0.22264,1.4047,-1.5252,-4.5797,-5.1986,-4.3783,-3.0229,-1.399,-0.07766,0.28106,-0.23147,-1.075,-1.8599,-2.2058,-1.607,-0.025971,1.8419,3.4219,4.4611,4.0902,1.1837,-1.4849,-0.99744,-2.2375,-1.6605,-0.87746,-0.35815,-0.081269,0.049103,0.10278,0.11765,0.1108,0.089045,0.056809,0.022638,0.0056308
-0.004834,-0.019439,-0.051683,-0.086378,-0.1215,-0.16155,-0.21189,-0.27161,-0.32062,-0.29165,-0.0044928,0.95538,3.0546,2.3555,0.052167,0.33858,-2.6358,-4.2078,-4.0561,-2.9017,-1.3722,-0.12808,0.2254,-0.2456,-1.0469,-1.7919,-2.1051,-1.5288,-0.048166,1.6957,3.0182,3.2449,1.564,-1.7228,-0.18683,-2.3651,-3.0547,-1.1436,-0.19152,0.14127,0.21778,0.20637,0.17392,0.14251,0.11493,0.08706,0.055285,0.022554,0.0056108
-0.0049571,-0.019872,-0.041402,-0.060107,-0.080366,-0.11486,-0.18154,-0.30188,-0.50146,-0.81836,-1.3318,-2.1768,-3.0096,1.145,-0.030129,-1.4721,-2.6492,-3.6748,-3.6693,-2.6977,-1.297,-0.14328,0.19409,-0.24521,-1.0113,-1.7239,-2.0153,-1.4726,-0.10336,1.4945,2.638,2.8058,2.0009,1.2264,-0.16751,-1.2103,1.8557,1.538,0.97135,0.59353,0.3537,0.20357,0.11734,0.075393,0.059236,0.052086,0.041393,0.022654,0.0056501
-0.0050815,-0.020353,-0.018602,9.7034e-05,0.025694,0.041596,0.026764,-0.041458,-0.17971,-0.3761,-0.53606,-0.33129,2.0902,0.5474,7.015,1.7143,-1.5457,-3.0716,-3.2831,-2.4827,-1.2093,-0.14121,0.17845,-0.23391,-0.96853,-1.653,-1.928,-1.4206,-0.1568,1.2989,2.268,2.2181,0.82558,-2.4616,-8.2015,-0.66041,-2.1254,0.15996,0.2772,0.15246,0.0098121,-0.083441,-0.11658,-0.10297,-0.063194,-0.01815,0.014401,0.022811,0.0056926
-0.0051978,-0.02081,0.013132,0.084843,0.18029,0.28356,0.37861,0.4538,0.5172,0.65655,1.2141,2.7827,0.93385,0.61025,-3.6749,-3.1192,-3.2137,-3.4333,-3.2162,-2.3632,-1.1473,-0.13903,0.17017,-0.21529,-0.9192,-1.5766,-1.8359,-1.3568,-0.17228,1.2118,2.2307,2.6215,2.5811,2.6633,3.4291,-0.85526,-0.93894,-3.5525,-1.6449,-0.92765,-0.71393,-0.60509,-0.49506,-0.36883,-0.23609,-0.11423,-0.022084,0.022927,0.005716
-0.0056255,-0.02191,0.045838,0.17332,0.34436,0.54524,0.76591,0.99957,1.2249,1.3571,1.2911,2.4226,0.63286,2.4128,-2.4478,-3.8613,-4.024,-3.8062,-3.2649,-2.308,-1.1095,-0.14007,0.16614,-0.19127,-0.86404,-1.4942,-1.7375,-1.2798,-0.15411,1.1963,2.3093,3.0167,3.3969,3.3545,1.9429,-3.1545,-0.75309,-2.4816,-1.3938,-1.5636,-1.428,-1.1751,-0.91074,-0.65667,-0.42011,-0.21484,-0.059771,0.02387,0.0061279
-0.0049143,-0.020402,0.070113,0.23919,0.46896,0.74475,1.0619,1.4395,1.9243,2.5346,2.9453,1.0134,0.018274,-1.4867,-3.2169,-4.1552,-4.3142,-3.9827,-3.2894,-2.2638,-1.0777,-0.13871,0.16753,-0.16204,-0.80384,-1.4073,-1.6354,-1.1968,-0.12256,1.1969,2.3629,3.2054,3.6791,3.6307,2.7622,1.117,-0.22482,-1.0199,-3.691,-2.9594,-2.1965,-1.6522,-1.2389,-0.88385,-0.56453,-0.29193,-0.088476,0.02194,0.0052904
-0.0054809,-0.021951,0.073092,0.25775,0.51242,0.81014,1.1258,1.4576,1.8411,2.2793,2.0648,0.38987,1.383,-1.0896,-2.924,-3.9395,-4.2296,-3.9517,-3.2376,-2.1977,-1.0362,-0.12848,0.17667,-0.1272,-0.73941,-1.3178,-1.5333,-1.1154,-0.093981,1.1807,2.3419,3.1846,3.5808,3.3723,2.3736,0.45602,-2.2364,-0.48472,-2.1226,-2.4167,-2.0477,-1.675,-1.3274,-0.97287,-0.62272,-0.31649,-0.092912,0.02244,0.0053553
-0.012103,-0.034714,0.046365,0.21558,0.46132,0.73715,0.97655,1.11,1.1021,1.2113,0.43923,0.1522,-0.66218,-1.7085,-2.8896,-3.7166,-4.0245,-3.8041,-3.1214,-2.1039,-0.97969,-0.10636,0.19482,-0.08662,-0.67155,-1.2274,-1.4339,-1.0396,-0.074257,1.1426,2.2628,3.0575,3.3849,3.1612,2.3825,1.2203,0.22491,-0.48476,-0.36968,-1.9872,-1.4446,-1.3663,-1.2029,-0.9136,-0.57273,-0.26755,-0.05878,0.042494,0.015666
0.037369,0.06665,0.0020841,0.11108,0.32125,0.56335,0.7575,0.78085,0.36073,0.25705,0.2654,2.0891,0.050062,-1.6774,-2.8594,-3.5727,-3.8317,-3.6242,-2.9731,-1.9911,-0.91028,-0.0731,0.22153,-0.04079,-0.60101,-1.1369,-1.3379,-0.96966,-0.061649,1.0921,2.16,2.9115,3.2248,3.0637,2.4232,1.2543,-0.61071,-3.1023,-0.43814,-0.0019529,-0.18131,-0.93758,-0.96453,-0.71978,-0.4051,-0.13521,-0.0022601,-0.10039,-0.054299
-0.20902,-0.43901,-0.2263,-0.059535,0.090123,0.24706,0.46629,0.77626,1.2104,0.52029,0.38008,-1.612,-2.1137,-2.7544,-3.3239,-3.6812,-3.753,-3.4772,-2.8253,-1.8725,-0.83354,-0.031543,0.25522,0.0093108,-0.52855,-1.0469,-1.245,-0.90377,-0.051626,1.0411,2.0645,2.8084,3.1939,3.2441,3.0192,2.5935,2.1096,1.7455,-0.65788,-0.74959,-1.9189,-1.1636,-0.65135,-0.32112,-0.10396,0.095635,0.31983,0.61879,0.298
0.2105,0.44284,0.2259,0.058527,-0.089411,-0.25031,-0.46001,-0.79943,-1.1349,-0.69045,-1.6169,-2.8643,-3.36,-3.6634,-3.8576,-3.9073,-3.767,-3.3784,-2.6944,-1.7572,-0.75444,0.01529,0.29401,0.062548,-0.45486,-0.95758,-1.1546,-0.84027,-0.040743,0.99679,1.9886,2.7537,3.2479,3.5146,3.612,3.589,3.4818,3.1767,1.9671,1.0055,1.8052,1.1965,0.64149,0.3254,0.10279,-0.094434,-0.31913,-0.62324,-0.2997
0.029997,0.019198,0.056867,-0.040002,-0.2261,-0.46939,-0.7632,-1.0465,-1.3265,-2.1988,-2.5235,-3.3699,-3.8974,-4.1569,-4.2183,-4.1018,-3.8065,-3.3099,-2.5806,-1.6484,-0.67562,0.06527,0.33636,0.11791,-0.38057,-0.86915,-1.0664,-0.77829,-0.027897,0.95994,1.9286,2.722,3.3069,3.707,3.9363,3.983,3.8013,3.27,2.3069,2.2116,1.2129,1.0677,0.80661,0.47803,0.19823,-0.016474,-0.1203,-0.049475,-0.045175
-0.01825,-0.057437,-0.062141,-0.14732,-0.32381,-0.57214,-0.87371,-1.206,-1.6385,-2.3976,-2.9146,-3.5477,-4.0366,-4.3087,-4.3583,-4.1906,-3.8171,-3.2459,-2.4762,-1.5448,-0.59764,0.11733,0.38125,0.17465,-0.30622,-0.78192,-0.98037,-0.71777,-0.013665,0.928,1.875,2.6867,3.3208,3.7673,4.0051,4.007,3.7491,3.2233,2.5375,2.1061,1.3178,1.0042,0.75843,0.48966,0.25135,0.082836,0.018592,0.048868,0.019698
-0.018974,-0.062087,-0.10624,-0.20099,-0.36706,-0.60166,-0.89659,-1.2518,-1.7106,-2.3262,-2.8918,-3.4584,-3.9298,-4.2312,-4.3175,-4.1648,-3.7743,-3.1677,-2.3728,-1.4438,-0.51998,0.1711,0.42811,0.23224,-0.23222,-0.69617,-0.89668,-0.65902,0.00087707,0.89793,1.8202,2.6329,3.2756,3.7097,3.9012,3.8368,3.5316,3.0337,2.4462,1.9124,1.3209,0.95226,0.6863,0.45255,0.25867,0.12537,0.063833,0.050559,0.019684
-0.012422,-0.052315,-0.11186,-0.21211,-0.36897,-0.58707,-0.8667,-1.2131,-1.6451,-2.1683,-2.7063,-3.2364,-3.6992,-4.0279,-4.1603,-4.0491,-3.6778,-3.0675,-2.2647,-1.343,-0.44199,0.22649,0.4766,0.29037,-0.15886,-0.61212,-0.81545,-0.60227,0.014981,0.86785,1.7602,2.557,3.1795,3.572,3.7034,3.5815,3.2499,2.7757,2.2423,1.7269,1.2428,0.88293,0.61538,0.40305,0.23887,0.12677,0.065085,0.035467,0.010564
-0.0075449,-0.041877,-0.10311,-0.20196,-0.34922,-0.55116,-0.81147,-1.1351,-1.5291,-1.9895,-2.4829,-2.9786,-3.4293,-3.7738,-3.9437,-3.8769,-3.5401,-2.9461,-2.1499,-1.2412,-0.36337,0.28334,0.52643,0.34878,-0.086346,-0.52987,-0.73665,-0.54746,0.028516,0.83729,1.6947,2.463,3.0493,3.3914,3.4683,3.3064,2.965,2.5157,2.0287,1.56,1.1412,0.80778,0.55211,0.35614,0.21071,0.11185,0.053178,0.021873,0.004262
-0.0047754,-0.033922,-0.091769,-0.18572,-0.32348,-0.51085,-0.752,-1.0506,-1.4091,-1.8227,-2.2733,-2.7348,-3.1672,-3.5146,-3.7079,-3.6773,-3.3768,-2.8087,-2.0291,-1.1383,-0.28426,0.34134,0.57732,0.40728,-0.01477,-0.44941,-0.66007,-0.49425,0.041895,0.80686,1.6259,2.358,2.902,3.1962,3.2312,3.0464,2.7081,2.2865,1.8423,1.4198,1.0468,0.7412,0.50163,0.31915,0.18596,0.095829,0.041396,0.012972,0.0010364
-0.0033635,-0.028814,-0.082712,-0.17146,-0.30105,-0.47633,-0.70089,-0.97724,-1.306,-1.6829,-2.0961,-2.5244,-2.9339,-3.2737,-3.4767,-3.4706,-3.2015,-2.662,-1.9046,-1.0351,-0.20517,0.40002,0.62889,0.46567,0.055814,-0.37062,-0.58537,-0.4421,0.055833,0.77771,1.5564,2.249,2.7507,3.0045,3.0109,2.8169,2.4907,2.0984,1.6926,1.3098,0.9721,0.69074,0.46655,0.29485,0.16971,0.085049,0.033932,0.0082673,-0.00035698
-0.0027544,-0.026165,-0.077348,-0.16225,-0.28583,-0.45194,-0.66331,-0.92145,-1.2261,-1.5735,-1.9545,-2.3518,-2.7358,-3.0603,-3.2622,-3.2697,-3.0245,-2.5118,-1.7788,-0.93256,-0.12673,0.45886,0.68078,0.52377,0.12539,-0.29332,-0.51215,-0.39041,0.071117,0.7511,1.4889,2.1416,2.6044,2.8264,2.8154,2.6224,2.3137,1.9504,1.5787,1.229,0.91913,0.65776,0.44647,0.28282,0.16262,0.080743,0.031107,0.0065967,-0.00078435
-0.0026241,-0.025405,-0.075503,-0.15842,-0.27832,-0.43812,-0.63964,-0.88353,-1.1688,-1.4921,-1.8455,-2.214,-2.5716,-2.8763,-3.0691,-3.0809,-2.8522,-2.3627,-1.654,-0.83173,-0.049578,0.51735,0.73262,0.5814,0.19397,-0.21732,-0.44003,-0.33862,0.088436,0.72809,1.4258,2.0399,2.4685,2.6665,2.6468,2.4611,2.1726,1.837,1.4951,1.1729,0.88552,0.64015,0.43893,0.28087,0.16318,0.081899,0.031909,0.0069,-0.00071788
-0.0027793,-0.025976,-0.07643,-0.1591,-0.27737,-0.43331,-0.62783,-0.86078,-1.1306,-1.4338,-1.7632,-2.1054,-2.4368,-2.7192,-2.8979,-2.9072,-2.6883,-2.2177,-1.5319,-0.7334,0.025779,0.57505,0.7841,0.63842,0.26157,-0.14246,-0.36866,-0.28629,0.1083,0.70942,1.3683,1.9464,2.3455,2.5258,2.5036,2.3291,2.0615,1.7516,1.4356,1.1364,0.86715,0.63442,0.44076,0.28622,0.16922,0.086892,0.035119,0.0083756,-0.0004081
-0.0030998,-0.027422,-0.079307,-0.16308,-0.28134,-0.43532,-0.62508,-0.84969,-1.1071,-1.3934,-1.7019,-2.0201,-2.3263,-2.5854,-2.7468,-2.7487,-2.5344,-2.0787,-1.4138,-0.63813,0.098989,0.63165,0.83498,0.69472,0.32819,-0.0686,-0.29781,-0.23312,0.131,0.69553,1.3175,1.8622,2.2361,2.4038,2.3829,2.2216,1.9745,1.6879,1.3944,1.1144,0.85992,0.63711,0.44896,0.29635,0.17872,0.094239,0.039732,0.010478,1.0808e-05
-0.0035125,-0.029408,-0.083452,-0.16927,-0.28869,-0.4421,-0.62874,-0.84697,-1.0941,-1.3661,-1.6562,-1.9525,-2.2349,-2.4708,-2.6132,-2.6046,-2.3908,-1.9464,-1.3002,-0.54624,0.16986,0.68695,0.88508,0.75021,0.39385,0.0043619,-0.2273,-0.17895,0.15666,0.68657,1.2736,1.7876,2.1399,2.2987,2.2816,2.134,1.9063,1.6406,1.3665,1.1028,0.86037,0.64538,0.46116,0.30932,0.19018,0.10285,0.045055,0.012869,0.00046889
-0.0039752,-0.031715,-0.08838,-0.17688,-0.29823,-0.45201,-0.6367,-0.84996,-1.0886,-1.3482,-1.6218,-1.8982,-2.1582,-2.3715,-2.4944,-2.4732,-2.2571,-1.821,-1.1913,-0.45783,0.23834,0.74084,0.93431,0.80484,0.45855,0.076478,-0.15704,-0.12373,0.18522,0.68245,1.2366,1.7225,2.0562,2.2084,2.1965,2.0624,1.8526,1.6055,1.3483,1.0983,0.8659,0.65711,0.47568,0.32381,0.20261,0.11204,0.050673,0.015363,0.00093293
-0.0044659,-0.034211,-0.093781,-0.18534,-0.30913,-0.4639,-0.64742,-0.8567,-1.0881,-1.3367,-1.5956,-1.8537,-2.0928,-2.2844,-2.3879,-2.353,-2.1325,-1.7024,-1.0873,-0.37284,0.30447,0.79332,0.98262,0.85858,0.52229,0.14777,-0.087036,-0.067508,0.21653,0.68296,1.2061,1.6663,1.9836,2.1311,2.1248,2.0036,1.8101,1.5795,1.337,1.0988,0.87473,0.67094,0.49145,0.33902,0.21543,0.12143,0.056369,0.017871,0.0013903
-0.0049745,-0.036824,-0.099468,-0.19433,-0.32084,-0.477,-0.65986,-0.86584,-1.0908,-1.3295,-1.575,-1.8162,-2.0358,-2.2069,-2.2912,-2.2423,-2.016,-1.5901,-0.98784,-0.29113,0.36837,0.84442,1.03,0.91143,0.58507,0.21823,-0.017299,-0.010392,0.25038,0.68779,1.1819,1.6182,1.9211,2.0649,2.0643,1.955,1.7762,1.5603,1.3307,1.1026,0.88569,0.68601,0.50788,0.35454,0.22838,0.13084,0.062059,0.020364,0.0018389
-0.005497,-0.039515,-0.10534,-0.20363,-0.33303,-0.4908,-0.67332,-0.87644,-1.0956,-1.3253,-1.5583,-1.7839,-1.9852,-2.1367,-2.2026,-2.1396,-1.9067,-1.4836,-0.8927,-0.2125,0.43019,0.89422,1.0765,0.96339,0.64688,0.28784,0.0521,0.04747,0.28649,0.69657,1.1634,1.5776,1.8674,2.0081,2.013,1.9147,1.749,1.5462,1.328,1.1088,0.89807,0.70182,0.52464,0.37016,0.24132,0.14023,0.067723,0.02284,0.0022817
-0.0060321,-0.042265,-0.11133,-0.21312,-0.3455,-0.50499,-0.68734,-0.8879,-1.1017,-1.323,-1.5444,-1.7553,-1.9394,-2.0724,-2.1206,-2.0437,-1.8037,-1.3823,-0.80152,-0.1367,0.49011,0.94281,1.1221,1.0145,0.70772,0.35655,0.12108,0.10591,0.3246,0.70892,1.15,1.5437,1.8215,1.9596,1.9695,1.8811,1.7272,1.5361,1.328,1.1168,0.91143,0.71811,0.54158,0.38582,0.25426,0.1496,0.073378,0.025313,0.0027233
-0.0065799,-0.045064,-0.1174,-0.22271,-0.35809,-0.51934,-0.70161,-0.89978,-1.1085,-1.3218,-1.5323,-1.7293,-1.8972,-2.0126,-2.0439,-1.9534,-1.7062,-1.2858,-0.71399,-0.063511,0.54828,0.99029,1.1669,1.0647,0.76756,0.42431,0.18953,0.16475,0.36442,0.72446,1.1414,1.5159,1.7825,1.9181,1.9326,1.853,1.7098,1.5291,1.3302,1.1261,0.92552,0.73476,0.55866,0.40152,0.2672,0.15899,0.079049,0.027799,0.0031684
-0.0071402,-0.047903,-0.12353,-0.23236,-0.37071,-0.53371,-0.71592,-0.91179,-1.1157,-1.3214,-1.5214,-1.7052,-1.8577,-1.9565,-1.9716,-1.868,-1.6134,-1.1934,-0.62976,0.0072993,0.60486,1.0368,1.2108,1.114,0.8264,0.49109,0.25737,0.22381,0.40568,0.74285,1.137,1.4934,1.7496,1.8828,1.9012,1.8296,1.6961,1.5248,1.3341,1.1364,0.9402,0.75167,0.57584,0.41725,0.28018,0.16841,0.084764,0.030313,0.0036211
-0.0077128,-0.050774,-0.12969,-0.24201,-0.38327,-0.54794,-0.73007,-0.92368,-1.1228,-1.3212,-1.5112,-1.6825,-1.8203,-1.9032,-1.9029,-1.7867,-1.5247,-1.1047,-0.54854,0.075931,0.66,1.0823,1.2541,1.1625,0.8842,0.55681,0.32449,0.28292,0.44813,0.76373,1.1363,1.4758,1.7221,1.8528,1.8748,1.8103,1.6854,1.5227,1.3395,1.1476,0.95534,0.76881,0.59312,0.43304,0.29321,0.1779,0.09054,0.032868,0.0040852
-0.0082969,-0.053668,-0.13585,-0.25159,-0.39567,-0.56193,-0.7439,-0.93525,-1.1298,-1.321,-1.5014,-1.6606,-1.7844,-1.8522,-1.8372,-1.7088,-1.4397,-1.0194,-0.47006,0.14257,0.71381,1.1269,1.2966,1.2101,0.94094,0.62143,0.39078,0.34192,0.49154,0.78681,1.1391,1.4625,1.6994,1.8276,1.8525,1.7944,1.6773,1.5225,1.3461,1.1595,0.97084,0.7861,0.61045,0.44886,0.30628,0.18746,0.096387,0.035471,0.0045633
-0.0088917,-0.056573,-0.14199,-0.26105,-0.40783,-0.57553,-0.75724,-0.9463,-1.1363,-1.3206,-1.4916,-1.6393,-1.7496,-1.803,-1.774,-1.6339,-1.3579,-0.93712,-0.39409,0.20736,0.7664,1.1707,1.3384,1.2569,0.99659,0.68488,0.45616,0.40067,0.53569,0.81178,1.1449,1.453,1.6809,1.8065,1.834,1.7816,1.6716,1.5238,1.3537,1.172,0.98661,0.80347,0.62778,0.46467,0.31938,0.19708,0.10231,0.038126,0.0050576
-0.0094954,-0.059477,-0.14805,-0.27032,-0.41963,-0.58861,-0.76994,-0.95665,-1.1421,-1.3197,-1.4817,-1.6182,-1.7156,-1.7552,-1.7128,-1.5616,-1.2789,-0.85755,-0.3204,0.27046,0.81783,1.2138,1.3794,1.3028,1.0511,0.74712,0.52053,0.45901,0.58036,0.83837,1.1533,1.4469,1.6662,1.7892,1.8187,1.7714,1.6678,1.5266,1.3621,1.1849,1.0025,0.82081,0.64502,0.4804,0.33246,0.20673,0.10829,0.040833,0.0055695
-0.010106,-0.062362,-0.15401,-0.27933,-0.43097,-0.60104,-0.78182,-0.96611,-1.1471,-1.3181,-1.4713,-1.5971,-1.6822,-1.7085,-1.6533,-1.4915,-1.2024,-0.78043,-0.24882,0.33196,0.86818,1.256,1.4198,1.3477,1.1045,0.80806,0.5838,0.5168,0.62538,0.86633,1.164,1.444,1.6549,1.7751,1.8064,1.7636,1.6658,1.5304,1.3712,1.1981,1.0184,0.838,0.66206,0.49597,0.34545,0.21637,0.11431,0.043587,0.0060996
-0.010722,-0.065211,-0.15982,-0.288,-0.44174,-0.61266,-0.79271,-0.97448,-1.151,-1.3155,-1.4603,-1.5758,-1.649,-1.6627,-1.5953,-1.4234,-1.1281,-0.70555,-0.17919,0.39198,0.91749,1.2976,1.4594,1.3918,1.1566,0.86767,0.64587,0.57392,0.67054,0.89542,1.1769,1.4437,1.6466,1.764,1.7966,1.7578,1.6653,1.5352,1.3807,1.2113,1.0342,0.85488,0.67876,0.51126,0.35826,0.22595,0.12035,0.046379,0.0066479
-0.011339,-0.068004,-0.16542,-0.29623,-0.45179,-0.6233,-0.80242,-0.98154,-1.1537,-1.3118,-1.4484,-1.5539,-1.6158,-1.6175,-1.5384,-1.3569,-1.0558,-0.63269,-0.11136,0.45059,0.96579,1.3383,1.4983,1.4349,1.2076,0.92586,0.70665,0.63023,0.71568,0.9254,1.1914,1.4458,1.641,1.7555,1.7891,1.7538,1.6659,1.5407,1.3905,1.2245,1.0495,0.87127,0.69495,0.52612,0.37078,0.23539,0.12636,0.049194,0.0072134
-0.011954,-0.070715,-0.17076,-0.30393,-0.46101,-0.63279,-0.81074,-0.9871,-1.1548,-1.3068,-1.4354,-1.5314,-1.5824,-1.5726,-1.4825,-1.2919,-0.98527,-0.56168,-0.045206,0.50786,1.0131,1.3783,1.5364,1.4769,1.2572,0.98258,0.76607,0.68562,0.76062,0.95606,1.2075,1.45,1.6377,1.7492,1.7835,1.7513,1.6676,1.5467,1.4003,1.2373,1.0643,0.88695,0.71045,0.54039,0.38289,0.24461,0.1323,0.052016,0.0077942
-0.012563,-0.073321,-0.17578,-0.311,-0.46923,-0.64096,-0.81748,-0.99093,-1.1542,-1.3001,-1.4211,-1.5079,-1.5486,-1.5278,-1.4273,-1.228,-0.91631,-0.49236,0.019378,0.56385,1.0595,1.4175,1.5736,1.5179,1.3054,1.0378,0.82401,0.73994,0.80519,0.98716,1.2248,1.4559,1.6363,1.7448,1.7795,1.7499,1.6699,1.5529,1.4099,1.2495,1.0783,0.90169,0.72503,0.55388,0.39444,0.2535,0.13811,0.054822,0.0083879
-0.013161,-0.075792,-0.18041,-0.31733,-0.47632,-0.64763,-0.82242,-0.99281,-1.1516,-1.2916,-1.4053,-1.4833,-1.5142,-1.483,-1.3726,-1.1652,-0.84875,-0.42459,0.082492,0.61862,1.1049,1.4559,1.61,1.5578,1.3522,1.0913,0.88039,0.79307,0.84922,1.0185,1.243,1.4634,1.6367,1.7421,1.7769,1.7495,1.6727,1.559,1.419,1.2609,1.0912,0.91525,0.73846,0.5664,0.40527,0.26195,0.14372,0.057586,0.0089908
-0.013744,-0.0781,-0.18458,-0.32281,-0.48212,-0.6526,-0.82536,-0.99252,-1.1468,-1.2811,-1.3877,-1.4575,-1.479,-1.438,-1.3182,-1.1033,-0.78242,-0.35824,0.14423,0.67221,1.1493,1.4935,1.6455,1.5965,1.3975,1.1432,0.93511,0.84489,0.89253,1.0499,1.2619,1.472,1.6385,1.7407,1.7754,1.7498,1.6756,1.5648,1.4273,1.2712,1.1027,0.92735,0.7505,0.57773,0.41521,0.26984,0.14907,0.060278,0.0095984
-0.014305,-0.080212,-0.18824,-0.32732,-0.48649,-0.65569,-0.82609,-0.98983,-1.1397,-1.2684,-1.3682,-1.4301,-1.4428,-1.3926,-1.264,-1.0421,-0.71719,-0.29319,0.20466,0.72465,1.1928,1.5302,1.68,1.6339,1.4413,1.1932,0.98807,0.89526,0.93497,1.081,1.2813,1.4815,1.6414,1.7404,1.7746,1.7504,1.6785,1.57,1.4346,1.28,1.1125,0.93772,0.76089,0.58764,0.42408,0.27705,0.15407,0.062864,0.010205
-0.014837,-0.082096,-0.1913,-0.33077,-0.48927,-0.65674,-0.82441,-0.98453,-1.1299,-1.2532,-1.3466,-1.401,-1.4054,-1.3466,-1.2099,-0.98135,-0.65291,-0.22932,0.26387,0.77598,1.2354,1.566,1.7135,1.6701,1.4835,1.2415,1.0392,0.94405,0.97636,1.1118,1.3009,1.4916,1.645,1.7408,1.7743,1.751,1.6809,1.5744,1.4406,1.2872,1.1205,0.94606,0.76937,0.59591,0.43169,0.28343,0.15864,0.065308,0.010805
-0.015335,-0.083719,-0.19369,-0.33303,-0.49032,-0.65556,-0.82014,-0.97643,-1.1172,-1.2353,-1.3226,-1.37,-1.3666,-1.2998,-1.1555,-0.92104,-0.58945,-0.16654,0.32192,0.82622,1.2769,1.6008,1.7459,1.7049,1.5239,1.2877,1.0883,0.99113,1.0165,1.142,1.3204,1.502,1.6492,1.7416,1.7741,1.7515,1.6827,1.5775,1.4449,1.2923,1.1261,0.95211,0.77567,0.6023,0.43785,0.28884,0.1627,0.067571,0.011392
-0.015791,-0.085048,-0.19536,-0.33402,-0.48952,-0.65201,-0.8131,-0.96534,-1.1016,-1.2145,-1.296,-1.3369,-1.3264,-1.2521,-1.1009,-0.86098,-0.5267,-0.10476,0.37887,0.87539,1.3175,1.6347,1.7772,1.7383,1.5626,1.332,1.1354,1.0364,1.0553,1.1713,1.3396,1.5126,1.6536,1.7425,1.7739,1.7514,1.6834,1.5792,1.4473,1.2951,1.1293,0.95558,0.77955,0.60661,0.4424,0.29317,0.16617,0.069614,0.011956
-0.016199,-0.086052,-0.19623,-0.33364,-0.48675,-0.64596,-0.80316,-0.95112,-1.0828,-1.1907,-1.2668,-1.3016,-1.2844,-1.2033,-1.0458,-0.80106,-0.46455,-0.043881,0.43478,0.92351,1.3571,1.6676,1.8073,1.7701,1.5994,1.3741,1.1802,1.0796,1.0925,1.1996,1.3583,1.5229,1.6579,1.7433,1.7732,1.7505,1.6829,1.5791,1.4474,1.2954,1.1296,0.95623,0.78079,0.60863,0.44515,0.29627,0.16895,0.071397,0.012491
-0.01655,-0.086702,-0.19627,-0.33182,-0.48193,-0.63731,-0.7902,-0.93364,-1.0607,-1.1638,-1.2347,-1.2639,-1.2407,-1.1534,-0.99015,-0.74117,-0.40291,0.01616,0.48968,0.9706,1.3956,1.6993,1.8361,1.8004,1.6343,1.414,1.2229,1.1208,1.128,1.2266,1.3762,1.5328,1.6619,1.7437,1.7718,1.7485,1.6808,1.5769,1.445,1.2927,1.1269,0.95382,0.77916,0.60817,0.44596,0.29803,0.17097,0.072881,0.012987
-0.016838,-0.086973,-0.19541,-0.3285,-0.475,-0.62599,-0.77416,-0.91282,-1.0352,-1.1336,-1.1997,-1.2237,-1.195,-1.1022,-0.93384,-0.68119,-0.34168,0.075433,0.54362,1.0167,1.4331,1.73,1.8636,1.8291,1.6672,1.4517,1.2631,1.1597,1.1616,1.2522,1.3931,1.5419,1.6652,1.7433,1.7694,1.7451,1.6768,1.5724,1.4399,1.287,1.1209,0.94817,0.77451,0.6051,0.4447,0.29835,0.17216,0.074028,0.013436
-0.017057,-0.086844,-0.19364,-0.32365,-0.46591,-0.61198,-0.755,-0.88864,-1.0062,-1.1001,-1.1616,-1.1809,-1.1473,-1.0495,-0.87677,-0.62106,-0.28079,0.13399,0.59663,1.0617,1.4695,1.7594,1.8897,1.8561,1.698,1.487,1.3008,1.1962,1.1931,1.2762,1.4087,1.5501,1.6676,1.742,1.7657,1.7401,1.6707,1.5652,1.4317,1.278,1.1115,0.93912,0.76671,0.5993,0.44129,0.29715,0.17247,0.074807,0.01383
-0.017201,-0.086299,-0.19093,-0.31726,-0.45468,-0.59529,-0.73275,-0.8611,-0.9738,-1.0632,-1.1205,-1.1355,-1.0975,-0.99538,-0.81885,-0.56068,-0.22019,0.19189,0.64873,1.1057,1.5048,1.7877,1.9144,1.8813,1.7267,1.5198,1.336,1.2303,1.2225,1.2983,1.4229,1.557,1.6689,1.7393,1.7605,1.7331,1.6622,1.5553,1.4204,1.2655,1.0985,0.92658,0.75568,0.59071,0.43564,0.29437,0.17184,0.075189,0.014161
-0.017265,-0.085332,-0.18728,-0.30934,-0.44136,-0.576,-0.7075,-0.83029,-0.93803,-1.023,-1.0763,-1.0874,-1.0456,-0.93972,-0.76005,-0.50002,-0.15981,0.24915,0.69995,1.1487,1.539,1.8147,1.9376,1.9046,1.7531,1.5501,1.3685,1.2617,1.2495,1.3185,1.4354,1.5625,1.6688,1.7352,1.7536,1.724,1.6512,1.5424,1.4057,1.2495,1.0819,0.91052,0.7414,0.57931,0.42776,0.28999,0.17025,0.075155,0.014421
-0.017248,-0.083943,-0.18272,-0.29996,-0.42603,-0.55423,-0.67938,-0.79636,-0.89901,-0.97966,-1.0291,-1.0367,-0.99149,-0.88251,-0.70031,-0.43902,-0.099633,0.30581,0.75028,1.1906,1.5721,1.8404,1.9593,1.9261,1.7773,1.5778,1.3982,1.2905,1.274,1.3364,1.446,1.5663,1.6671,1.7293,1.7446,1.7125,1.6374,1.5263,1.3876,1.2298,1.0617,0.89096,0.72393,0.56515,0.41767,0.28402,0.16768,0.074689,0.014606
-0.017146,-0.08214,-0.17727,-0.28919,-0.40882,-0.53015,-0.6486,-0.75949,-0.85692,-0.93322,-0.97896,-0.98342,-0.93531,-0.82376,-0.63963,-0.37769,-0.039635,0.36188,0.79973,1.2315,1.6039,1.8648,1.9793,1.9456,1.7991,1.6029,1.4252,1.3164,1.2959,1.3521,1.4546,1.5682,1.6635,1.7215,1.7334,1.6985,1.6207,1.507,1.3659,1.2065,1.0379,0.868,0.70338,0.54833,0.40543,0.27649,0.16416,0.073789,0.01471
-0.01696,-0.079941,-0.17101,-0.27715,-0.38991,-0.50398,-0.6154,-0.71997,-0.81202,-0.88393,-0.92613,-0.92768,-0.8771,-0.7635,-0.57804,-0.31601,0.020183,0.41734,0.84829,1.2713,1.6345,1.8877,1.9977,1.9631,1.8186,1.6252,1.4492,1.3395,1.3151,1.3653,1.461,1.5681,1.6579,1.7115,1.7199,1.6818,1.601,1.4845,1.3409,1.1797,1.0106,0.84181,0.67991,0.52901,0.39118,0.26747,0.1597,0.072458,0.014731
-0.016692,-0.077372,-0.164,-0.26397,-0.3695,-0.47599,-0.58011,-0.6781,-0.7646,-0.83206,-0.8708,-0.86966,-0.81697,-0.70181,-0.51556,-0.25401,0.079808,0.4722,0.89594,1.3099,1.6638,1.9092,2.0144,1.9785,1.8356,1.6448,1.4703,1.3596,1.3314,1.3759,1.465,1.5658,1.6501,1.6992,1.7038,1.6623,1.5782,1.4586,1.3124,1.1496,0.98009,0.81263,0.65376,0.50739,0.37506,0.25707,0.15436,0.07071,0.014667
-0.016344,-0.074466,-0.15633,-0.24981,-0.34784,-0.4465,-0.54307,-0.63428,-0.71504,-0.77793,-0.81322,-0.80955,-0.75508,-0.6388,-0.45228,-0.19174,0.13921,0.52642,0.94264,1.3474,1.6919,1.9292,2.0293,1.9919,1.8502,1.6616,1.4884,1.3767,1.3449,1.3838,1.4665,1.5611,1.64,1.6845,1.6851,1.6399,1.5524,1.4295,1.2807,1.1163,0.94662,0.78075,0.62523,0.48373,0.35727,0.24541,0.1482,0.068564,0.014519
-0.015924,-0.071262,-0.14809,-0.23486,-0.32518,-0.41583,-0.50467,-0.5889,-0.66374,-0.72192,-0.75371,-0.74762,-0.6916,-0.57459,-0.38828,-0.12927,0.19833,0.57996,0.98836,1.3837,1.7185,1.9476,2.0424,2.0031,1.8623,1.6756,1.5035,1.3907,1.3554,1.3889,1.4654,1.554,1.6275,1.6673,1.6637,1.6147,1.5235,1.3974,1.2459,1.08,0.91049,0.7465,0.59464,0.45831,0.33804,0.23264,0.14129,0.066047,0.01429
-0.015435,-0.0678,-0.13941,-0.2193,-0.3018,-0.38433,-0.46533,-0.5424,-0.61113,-0.66444,-0.69264,-0.68414,-0.62677,-0.50936,-0.32369,-0.066674,0.25712,0.63278,1.0331,1.4188,1.7438,1.9645,2.0537,2.0122,1.8718,1.6868,1.5155,1.4017,1.3629,1.3912,1.4617,1.5443,1.6124,1.6474,1.6396,1.5866,1.4917,1.3622,1.2083,1.0412,0.87207,0.71027,0.56235,0.43144,0.31758,0.21891,0.13373,0.063188,0.013982
-0.014885,-0.064125,-0.13036,-0.2033,-0.27794,-0.35235,-0.42544,-0.49525,-0.55768,-0.60592,-0.63038,-0.61945,-0.56084,-0.44329,-0.25864,-0.0040647,0.31549,0.68481,1.0767,1.4526,1.7676,1.9797,2.0631,2.0191,1.8788,1.6951,1.5245,1.4095,1.3674,1.3906,1.4553,1.532,1.5947,1.6249,1.6128,1.5557,1.457,1.3244,1.1682,1.0002,0.83174,0.67244,0.52871,0.40341,0.29612,0.20435,0.12558,0.060017,0.013597
-0.014281,-0.060274,-0.12106,-0.18702,-0.25387,-0.32021,-0.38541,-0.44787,-0.50385,-0.5468,-0.56734,-0.55389,-0.49409,-0.3766,-0.19331,0.058438,0.37336,0.73598,1.1192,1.4851,1.7899,1.9933,2.0707,2.0238,1.8833,1.7006,1.5305,1.4142,1.3688,1.3871,1.4461,1.517,1.5744,1.5998,1.5832,1.522,1.4197,1.284,1.1258,0.95724,0.78992,0.63342,0.49408,0.37451,0.27388,0.18912,0.11692,0.056561,0.013141
-0.013629,-0.056283,-0.11157,-0.17062,-0.22979,-0.2882,-0.34559,-0.40068,-0.45008,-0.48754,-0.50394,-0.48782,-0.42682,-0.30954,-0.12787,0.1207,0.43061,0.78621,1.1605,1.5162,1.8107,2.0052,2.0763,2.0263,1.8853,1.7032,1.5334,1.4159,1.3673,1.3808,1.4341,1.4994,1.5514,1.572,1.551,1.4858,1.3798,1.2414,1.0816,0.91286,0.747,0.59358,0.45879,0.345,0.25104,0.17332,0.1078,0.052841,0.012615
-0.012934,-0.052179,-0.10197,-0.15419,-0.20586,-0.25655,-0.30628,-0.35407,-0.39679,-0.42857,-0.44059,-0.42162,-0.35935,-0.24236,-0.062512,0.18256,0.48714,0.83541,1.2005,1.5459,1.83,2.0154,2.08,2.0266,1.8848,1.7032,1.5334,1.4145,1.3627,1.3715,1.4194,1.4791,1.5259,1.5416,1.5162,1.447,1.3378,1.1969,1.0359,0.86739,0.70336,0.55326,0.42311,0.31508,0.22773,0.15704,0.098273,0.048872,0.012021
-0.0122,-0.047981,-0.092292,-0.13782,-0.18222,-0.22545,-0.26776,-0.30834,-0.34436,-0.37029,-0.37771,-0.35567,-0.292,-0.17531,0.0025462,0.24388,0.54283,0.8835,1.2392,1.574,1.8476,2.0238,2.0818,2.0248,1.8819,1.7004,1.5306,1.4102,1.3552,1.3594,1.4019,1.4562,1.4978,1.5088,1.4791,1.4061,1.2937,1.1507,0.98896,0.8212,0.65935,0.51275,0.38728,0.28492,0.20405,0.14032,0.088354,0.044658,0.011359
-0.011429,-0.043697,-0.082561,-0.12156,-0.15895,-0.19503,-0.2302,-0.26377,-0.29311,-0.31308,-0.31566,-0.29031,-0.22508,-0.10866,0.067093,0.30447,0.59754,0.93036,1.2765,1.6007,1.8636,2.0305,2.0817,2.0208,1.8766,1.6949,1.5249,1.403,1.3448,1.3446,1.3819,1.4308,1.4673,1.4736,1.4396,1.363,1.2479,1.1033,0.94125,0.77464,0.61527,0.47231,0.35145,0.2546,0.18005,0.12318,0.078047,0.040198,0.010628
-0.010622,-0.039331,-0.072785,-0.1054,-0.13606,-0.16535,-0.19374,-0.22055,-0.24332,-0.25724,-0.2548,-0.2259,-0.15893,-0.042694,0.13091,0.36417,0.65114,0.97591,1.3123,1.6257,1.8778,2.0354,2.0797,2.0148,1.8689,1.6869,1.5164,1.393,1.3317,1.327,1.3592,1.4029,1.4344,1.4361,1.3981,1.3182,1.2007,1.0549,0.89307,0.72802,0.57139,0.43211,0.31575,0.2242,0.15576,0.10563,0.067339,0.035482,0.0098231
-0.0097786,-0.034881,-0.062956,-0.089356,-0.11358,-0.13645,-0.15844,-0.17881,-0.19518,-0.20306,-0.19544,-0.16277,-0.093831,0.022326,0.19377,0.4228,0.70349,1.02,1.3465,1.649,1.8904,2.0385,2.0757,2.0066,1.8589,1.6765,1.5054,1.3803,1.3159,1.3069,1.3341,1.3727,1.3993,1.3965,1.3547,1.2717,1.1523,1.0059,0.84472,0.68162,0.52791,0.3923,0.28025,0.19374,0.13115,0.087634,0.056216,0.0305,0.0089417
-0.0088971,-0.030342,-0.05307,-0.073411,-0.091482,-0.10833,-0.12434,-0.13864,-0.14885,-0.15076,-0.13786,-0.1012,-0.030093,0.086135,0.25545,0.48019,0.75446,1.0626,1.3791,1.6707,1.9013,2.0399,2.07,1.9965,1.8468,1.6636,1.4918,1.365,1.2976,1.2844,1.3067,1.3402,1.3621,1.355,1.3096,1.224,1.1031,0.95648,0.79651,0.63568,0.48501,0.35298,0.245,0.16321,0.10624,0.069197,0.044666,0.025242,0.0079795
-0.0079769,-0.025715,-0.043126,-0.057561,-0.069765,-0.080974,-0.091452,-0.1001,-0.10446,-0.10053,-0.082301,-0.04149,0.032007,0.14847,0.31574,0.53614,0.80391,1.1036,1.41,1.6906,1.9103,2.0394,2.0623,1.9844,1.8325,1.6485,1.4759,1.3473,1.2769,1.2596,1.2772,1.3058,1.323,1.3119,1.2632,1.1753,1.0533,0.90707,0.7487,0.59041,0.44284,0.31422,0.21003,0.13266,0.081029,0.050328,0.032697,0.019707,0.0069334
-0.0070184,-0.021006,-0.03314,-0.041828,-0.048445,-0.0544,-0.05979,-0.063229,-0.062091,-0.052512,-0.028976,0.01612,0.092205,0.20909,0.3744,0.59047,0.85168,1.1428,1.4391,1.7087,1.9176,2.0372,2.0529,1.9704,1.8163,1.6312,1.4577,1.3274,1.254,1.2327,1.2456,1.2695,1.2823,1.2673,1.2156,1.1258,1.0033,0.85795,0.70158,0.54603,0.40154,0.27614,0.17541,0.10213,0.055586,0.03108,0.020342,0.013907,0.0058028
-0.0060235,-0.016235,-0.023154,-0.026268,-0.027579,-0.028653,-0.029392,-0.028069,-0.021819,-0.0068451,0.021927,0.071395,0.15025,0.26774,0.43122,0.64302,0.89765,1.1802,1.4663,1.725,1.9231,2.0333,2.0417,1.9546,1.7981,1.612,1.4374,1.3054,1.2291,1.2039,1.2123,1.2316,1.2401,1.2215,1.1671,1.076,0.95347,0.80941,0.6554,0.50275,0.36127,0.23885,0.14127,0.071754,0.030042,0.011567,0.0076755,0.007874,0.0045897
-0.0049968,-0.011433,-0.013238,-0.010985,-0.0072819,-0.0038372,-0.00034323,0.0053024,0.016265,0.036346,0.070232,0.12412,0.2059,0.32418,0.48598,0.69358,0.94165,1.2156,1.4916,1.7393,1.9268,2.0276,2.0289,1.9371,1.7782,1.5908,1.4153,1.2815,1.2024,1.1734,1.1774,1.1923,1.1967,1.1748,1.1182,1.0261,0.90406,0.76178,0.61043,0.46078,0.32222,0.20254,0.1078,0.041755,0.0046119,-0.008029,-0.0051811,0.0016586,0.0033007
-0.0039457,-0.0066479,-0.0034982,0.0038664,0.012268,0.019875,0.027211,0.036765,0.052045,0.076927,0.11577,0.17407,0.25891,0.37818,0.53847,0.74198,0.98354,1.2489,1.5148,1.7517,1.9286,2.0201,2.0143,1.9179,1.7565,1.568,1.3914,1.2559,1.174,1.1413,1.1412,1.1519,1.1525,1.1276,1.0691,0.97647,0.85544,0.71538,0.56695,0.42037,0.28462,0.16745,0.075297,0.012447,-0.020392,-0.027448,-0.018057,-0.0046629,0.0019468
-0.0028807,-0.0019432,0.0059288,0.018081,0.030824,0.042236,0.053051,0.066138,0.085368,0.11474,0.15835,0.22106,0.30907,0.42951,0.58847,0.78803,1.0232,1.28,1.536,1.7622,1.9286,2.0109,1.9981,1.8972,1.7334,1.5436,1.366,1.2288,1.1443,1.108,1.1039,1.1106,1.1076,1.08,1.0201,0.92752,0.80799,0.67054,0.52529,0.38183,0.24878,0.13394,0.044152,-0.015742,-0.044561,-0.046356,-0.030733,-0.010991,0.00054383
-0.0018151,0.002605,0.014877,0.031405,0.048079,0.062927,0.076886,0.093178,0.11603,0.14961,0.19781,0.26486,0.35614,0.47792,0.63577,0.83154,1.0604,1.3089,1.5549,1.7705,1.9267,2.0001,1.9804,1.875,1.7087,1.5178,1.3392,1.2004,1.1134,1.0737,1.0658,1.0687,1.0625,1.0326,0.97163,0.87962,0.76207,0.62764,0.48579,0.3455,0.21509,0.10246,0.014871,-0.042281,-0.067393,-0.064346,-0.042943,-0.017204,-0.00088734
-0.00076498,0.006909,0.023156,0.043551,0.063674,0.081564,0.098354,0.11757,0.14378,0.18131,0.23391,0.30526,0.39989,0.5232,0.68013,0.87232,1.0951,1.3353,1.5716,1.7768,1.9229,1.9875,1.9611,1.8514,1.6828,1.4907,1.3112,1.1709,1.0815,1.0387,1.0271,1.0265,1.0173,0.98551,0.92409,0.83315,0.71808,0.58704,0.44882,0.31179,0.18401,0.073535,-0.01194,-0.066543,-0.088309,-0.080957,-0.054386,-0.023164,-0.0023217
0.00025178,0.010874,0.030564,0.054205,0.077212,0.097714,0.11704,0.13895,0.1683,0.20959,0.26644,0.34204,0.44008,0.56511,0.72136,0.91019,1.127,1.3592,1.586,1.781,1.9172,1.9732,1.9404,1.8265,1.6557,1.4625,1.2821,1.1405,1.0489,1.0031,0.9882,0.9843,0.97255,0.93928,0.87787,0.78854,0.67644,0.54918,0.41481,0.28116,0.15607,0.047793,-0.035594,-0.087828,-0.10667,-0.095684,-0.064733,-0.028716,-0.0037303
0.0012157,0.014402,0.036891,0.063045,0.08828,0.11091,0.13247,0.1569,0.18925,0.23415,0.29514,0.37495,0.47649,0.60341,0.75922,0.94494,1.1561,1.3804,1.5978,1.7829,1.9095,1.9573,1.9182,1.8003,1.6274,1.4334,1.2523,1.1095,1.0158,0.96728,0.94928,0.94245,0.9285,0.89422,0.83336,0.74619,0.63757,0.51445,0.38421,0.25411,0.13187,0.025924,-0.055337,-0.10539,-0.12182,-0.108,-0.073643,-0.033699,-0.0050814
0.0021064,0.017394,0.041932,0.069752,0.096464,0.12069,0.14417,0.17097,0.20623,0.25467,0.31973,0.40374,0.50888,0.63788,0.79351,0.9764,1.1821,1.3988,1.6072,1.7826,1.8999,1.9397,1.8946,1.7729,1.5982,1.4034,1.2218,1.078,0.98247,0.93145,0.91065,0.90124,0.8855,0.85073,0.79097,0.70653,0.60188,0.48332,0.35749,0.23121,0.11207,0.0086645,-0.070384,-0.11845,-0.13306,-0.11739,-0.080772,-0.037949,-0.0063411
0.0029033,0.019757,0.045493,0.074029,0.10137,0.12659,0.15166,0.1807,0.21885,0.27081,0.33993,0.42817,0.537,0.66828,0.824,1.0044,1.2049,1.4143,1.6139,1.7799,1.8883,1.9204,1.8696,1.7444,1.568,1.3727,1.1907,1.0461,0.94908,0.89585,0.87258,0.86098,0.84391,0.80916,0.7511,0.66996,0.5698,0.45622,0.33516,0.21302,0.097317,-0.0032286,-0.079942,-0.12626,-0.13974,-0.12333,-0.085787,-0.041303,-0.0074742
0.0035862,0.021404,0.047401,0.075607,0.10265,0.12819,0.15447,0.18564,0.22669,0.28223,0.35545,0.44798,0.56062,0.6944,0.8505,1.0286,1.2244,1.4268,1.6179,1.7749,1.8746,1.8995,1.8433,1.7149,1.5371,1.3414,1.1593,1.0142,0.91585,0.86072,0.83533,0.82196,0.80404,0.76988,0.71411,0.63688,0.54174,0.43358,0.3177,0.20012,0.088306,-0.0090076,-0.083245,-0.12809,-0.14125,-0.12536,-0.088379,-0.043608,-0.0084454
0.0041356,0.022258,0.047509,0.074266,0.099999,0.12511,0.15221,0.18537,0.22936,0.28858,0.36601,0.46292,0.57953,0.71602,0.8728,1.0491,1.2404,1.4361,1.6191,1.7674,1.8589,1.8768,1.8156,1.6843,1.5053,1.3096,1.1277,0.98224,0.88294,0.82626,0.79914,0.78444,0.7662,0.73323,0.68038,0.60766,0.51809,0.41585,0.30561,0.19309,0.085686,-0.0079624,-0.079583,-0.1233,-0.13704,-0.12306,-0.088274,-0.04472,-0.0092195
0.0045334,0.022257,0.045704,0.069839,0.093191,0.11708,0.14451,0.17951,0.22651,0.28955,0.37133,0.47277,0.59351,0.73297,0.89073,1.0655,1.2527,1.4421,1.6174,1.7574,1.841,1.8524,1.7866,1.6527,1.4729,1.2773,1.0959,0.95046,0.85052,0.79266,0.76422,0.74868,0.73067,0.6995,0.65022,0.58264,0.4992,0.40339,0.29933,0.19246,0.090064,0.00054937,-0.068333,-0.11134,-0.12667,-0.11609,-0.085241,-0.044517,-0.0097633
0.0047636,0.021355,0.041915,0.062226,0.082084,0.10388,0.13113,0.16779,0.21784,0.28487,0.37118,0.47732,0.60238,0.74505,0.90412,1.0777,1.2612,1.4448,1.6127,1.7448,1.821,1.8262,1.7562,1.6201,1.4398,1.2447,1.064,0.91894,0.81872,0.76006,0.73077,0.71489,0.6977,0.66897,0.62392,0.5621,0.48538,0.39656,0.29927,0.19871,0.10197,0.017072,-0.048991,-0.091776,-0.1098,-0.10422,-0.079109,-0.042898,-0.010046
0.0048128,0.019526,0.036116,0.051403,0.066637,0.08543,0.11192,0.14998,0.20311,0.2743,0.36535,0.47639,0.606,0.75214,0.91285,1.0857,1.2659,1.444,1.6049,1.7296,1.7987,1.7982,1.7243,1.5864,1.406,1.2117,1.0321,0.88774,0.78761,0.72859,0.69891,0.68324,0.66748,0.64185,0.6017,0.54628,0.47687,0.39564,0.30576,0.21222,0.12184,0.042023,-0.021204,-0.064349,-0.086247,-0.087305,-0.069774,-0.03979,-0.01004
0.0046711,0.016765,0.028336,0.037433,0.04692,0.061774,0.086853,0.12601,0.1822,0.2577,0.35371,0.46987,0.60425,0.75412,0.91679,1.0893,1.2666,1.4396,1.594,1.7117,1.7742,1.7684,1.6911,1.5517,1.3715,1.1784,1.0002,0.8569,0.75727,0.69832,0.66875,0.65385,0.64014,0.61829,0.58371,0.53533,0.47384,0.40082,0.31906,0.2333,0.14997,0.075659,0.015203,-0.028975,-0.055994,-0.065341,-0.057214,-0.035157,-0.0097232
0.0043327,0.013095,0.018661,0.020477,0.023135,0.033096,0.056053,0.09591,0.15507,0.235,0.33619,0.4577,0.59706,0.75093,0.91589,1.0884,1.2633,1.4317,1.58,1.6909,1.7473,1.7367,1.6564,1.5159,1.3363,1.1448,0.96826,0.82643,0.7277,0.66929,0.64035,0.6268,0.61578,0.59838,0.57003,0.52933,0.47638,0.41222,0.3393,0.26209,0.1865,0.11805,0.060191,0.014213,-0.019213,-0.038473,-0.0415,-0.029002,-0.0090804
0.0037971,0.0085677,0.0072459,0.00079785,-0.0043798,-0.00025777,0.019813,0.05989,0.12184,0.20625,0.31279,0.43986,0.58444,0.74255,0.9101,1.083,1.2558,1.42,1.5626,1.6674,1.7181,1.703,1.6201,1.479,1.3003,1.1106,0.93628,0.79628,0.69888,0.64147,0.61369,0.60208,0.5944,0.58211,0.56066,0.52827,0.48447,0.42983,0.36649,0.29861,0.23137,0.16903,0.11348,0.064838,0.023708,-0.0070086,-0.022803,-0.021376,-0.0081038
0.0030697,0.0032671,-0.0056864,-0.021226,-0.035136,-0.037764,-0.021394,0.018316,0.082763,0.17163,0.28363,0.41644,0.56643,0.72902,0.89946,1.0731,1.2442,1.4046,1.542,1.641,1.6864,1.6673,1.5822,1.4408,1.2634,1.076,0.90415,0.76637,0.67073,0.6148,0.5887,0.57964,0.57594,0.56942,0.5555,0.53201,0.49797,0.45351,0.4005,0.34267,0.28432,0.22819,0.1745,0.12225,0.072147,0.028565,-0.001412,-0.012378,-0.006795
0.0021626,-0.00269,-0.01984,-0.045103,-0.068487,-0.078715,-0.066894,-0.028246,0.038269,0.13143,0.24894,0.38761,0.54318,0.71045,0.88402,1.0587,1.2285,1.3856,1.5181,1.6118,1.6522,1.6295,1.5426,1.4013,1.2256,1.0408,0.87177,0.73659,0.64313,0.58915,0.56528,0.55933,0.56023,0.56011,0.55433,0.54031,0.51661,0.48299,0.44101,0.39389,0.34481,0.29483,0.24239,0.18552,0.12523,0.067571,0.022268,-0.0021667,-0.0051668
0.0010949,-0.0091524,-0.034847,-0.070223,-0.10363,-0.12221,-0.11581,-0.079026,-0.011028,0.086126,0.20906,0.35365,0.5149,0.68699,0.86391,1.0399,1.2088,1.3628,1.4909,1.5796,1.6155,1.5896,1.5013,1.3604,1.1866,1.0048,0.83897,0.70677,0.61591,0.56435,0.54321,0.54095,0.54705,0.55392,0.55682,0.55282,0.54001,0.51781,0.48751,0.45164,0.41205,0.36792,0.31596,0.25339,0.18181,0.10914,0.047705,0.0090426,-0.0032438
-0.00010656,-0.015936,-0.050271,-0.09587,-0.13961,-0.16716,-0.16704,-0.13304,-0.064308,0.036357,0.16449,0.31494,0.4819,0.6589,0.83931,1.0168,1.1851,1.3364,1.4604,1.5444,1.5762,1.5474,1.458,1.318,1.1465,0.96787,0.80559,0.67673,0.58885,0.54015,0.52225,0.52421,0.53606,0.55046,0.56255,0.56902,0.56759,0.55737,0.53928,0.51503,0.48491,0.4461,0.39365,0.32428,0.2405,0.15219,0.074245,0.020975,-0.0010637
-0.0014075,-0.022825,-0.065614,-0.12123,-0.17533,-0.21229,-0.21927,-0.18906,-0.12054,-0.017053,0.11587,0.27198,0.44457,0.62648,0.81046,0.9897,1.1576,1.3064,1.4266,1.5064,1.5343,1.503,1.4128,1.2738,1.1049,0.92986,0.77142,0.64622,0.56171,0.51629,0.50207,0.50875,0.52686,0.54925,0.57095,0.58829,0.59865,0.60086,0.59537,0.58289,0.56193,0.52763,0.47356,0.39631,0.29963,0.19549,0.10112,0.033299,0.0013226
-0.0027666,-0.02958,-0.080329,-0.1454,-0.20959,-0.25617,-0.271,-0.24568,-0.17848,-0.073086,0.064016,0.22541,0.40343,0.59014,0.77768,0.9587,1.1263,1.273,1.3896,1.4654,1.4897,1.4562,1.3655,1.2278,1.0618,0.89055,0.73622,0.61499,0.53418,0.49242,0.4823,0.49414,0.51892,0.54969,0.58133,0.60985,0.6323,0.64725,0.65457,0.65373,0.64131,0.61041,0.55344,0.4673,0.35733,0.23762,0.12746,0.04563,0.0038504
-0.0041358,-0.03594,-0.093839,-0.16745,-0.24108,-0.29724,-0.32056,-0.30124,-0.23667,-0.13052,0.0098868,0.17599,0.35906,0.55034,0.74131,0.92411,1.0915,1.2362,1.3495,1.4214,1.4425,1.4069,1.3159,1.1799,1.017,0.84974,0.69978,0.58279,0.50597,0.46818,0.46253,0.47988,0.51167,0.55111,0.5929,0.63278,0.6675,0.69532,0.71541,0.72576,0.72089,0.69198,0.63071,0.53481,0.41153,0.27704,0.15231,0.057537,0.0064418
-0.0054618,-0.041635,-0.10556,-0.18642,-0.26848,-0.33386,-0.36612,-0.35393,-0.29344,-0.18796,-0.045373,0.12463,0.31218,0.50764,0.70179,0.88624,1.0535,1.1962,1.3062,1.3745,1.3925,1.3551,1.2641,1.1298,0.97019,0.8072,0.66179,0.54927,0.47671,0.44318,0.44227,0.46541,0.50445,0.55271,0.60475,0.65601,0.70302,0.74363,0.77614,0.79685,0.79814,0.76954,0.70252,0.59618,0.46002,0.31214,0.17465,0.068556,0.0090067
-0.0066869,-0.046396,-0.11491,-0.20138,-0.29048,-0.36439,-0.4058,-0.4018,-0.34696,-0.24379,-0.10046,0.072349,0.2636,0.46267,0.65959,0.84542,1.0123,1.153,1.2599,1.3247,1.3396,1.3005,1.2097,1.0774,0.9213,0.76276,0.62213,0.51426,0.44613,0.41704,0.42106,0.45015,0.49653,0.55363,0.61584,0.67836,0.73746,0.79052,0.83473,0.86455,0.87023,0.84001,0.76579,0.64867,0.50057,0.34129,0.19349,0.078205,0.011444
-0.0077518,-0.049968,-0.12137,-0.21147,-0.30587,-0.38723,-0.4377,-0.4428,-0.39524,-0.29626,-0.1539,0.02032,0.21421,0.4161,0.61522,0.80202,0.96834,1.107,1.2107,1.272,1.284,1.2434,1.1528,1.0227,0.87017,0.71616,0.5804,0.47734,0.4138,0.3893,0.39838,0.43347,0.48716,0.55294,0.62506,0.69851,0.76926,0.83409,0.8889,0.92612,0.93402,0.90007,0.81735,0.6895,0.53098,0.36291,0.20781,0.086,0.013644
-0.0085972,-0.052123,-0.1245,-0.21601,-0.3136,-0.40093,-0.46,-0.4749,-0.43623,-0.34347,-0.20411,-0.030175,0.16502,0.3687,0.56922,0.7564,0.92174,1.058,1.1584,1.2161,1.2253,1.1832,1.093,0.96519,0.81659,0.66739,0.53672,0.43856,0.37964,0.35973,0.3738,0.41477,0.47555,0.54966,0.63124,0.71504,0.7967,0.87227,0.93611,0.97855,0.98616,0.94632,0.85404,0.71603,0.54923,0.37557,0.21671,0.091482,0.015493
-0.009167,-0.052683,-0.12399,-0.21447,-0.31286,-0.40429,-0.47107,-0.49613,-0.46781,-0.38345,-0.24936,-0.077747,0.1171,0.32126,0.52215,0.70894,0.87274,1.0063,1.1032,1.1574,1.1638,1.1204,1.0308,0.90533,0.76054,0.61609,0.49049,0.39732,0.34312,0.32784,0.34682,0.39345,0.46092,0.54281,0.63313,0.72642,0.81794,0.90277,0.97358,1.0186,1.0232,0.97532,0.87286,0.72588,0.5536,0.37812,0.21945,0.094243,0.016875
-0.0094124,-0.051534,-0.11967,-0.20662,-0.3032,-0.39647,-0.4696,-0.50472,-0.48798,-0.41415,-0.28784,-0.12092,0.071569,0.27459,0.47456,0.65994,0.82142,0.95167,1.0446,1.0949,1.0983,1.0536,0.96471,0.84211,0.7018,0.56269,0.44253,0.3544,0.30475,0.29377,0.31725,0.36903,0.44253,0.53138,0.62945,0.73106,0.83097,0.92314,0.99838,1.043,1.0416,0.98387,0.87118,0.71717,0.54286,0.36974,0.2155,0.093964,0.01768
-0.0092965,-0.048648,-0.1116,-0.19256,-0.28462,-0.37713,-0.45468,-0.4992,-0.49487,-0.4336,-0.3177,-0.15814,0.029615,0.22952,0.42698,0.60971,0.76796,0.89438,0.98323,1.0298,1.0305,0.98479,0.89682,0.77687,0.64062,0.50643,0.39152,0.30848,0.26352,0.25687,0.28464,0.34102,0.41971,0.51442,0.61893,0.72732,0.83373,0.93081,1.0074,1.0482,1.038,0.96908,0.84694,0.68868,0.51641,0.35016,0.20464,0.090454,0.017814
-0.0087999,-0.044105,-0.10006,-0.17276,-0.25762,-0.34651,-0.42602,-0.47859,-0.48689,-0.43991,-0.33709,-0.18784,-0.0075562,0.18688,0.37986,0.5583,0.71197,0.83339,0.91707,0.95893,0.95638,0.90955,0.8231,0.70714,0.57663,0.44889,0.34014,0.26233,0.22158,0.21841,0.24945,0.30931,0.39194,0.49105,0.60032,0.71352,0.82404,0.92307,0.99756,1.031,1.0094,0.92875,0.79894,0.64012,0.47449,0.31971,0.18706,0.083699,0.017206
-0.0079277,-0.038112,-0.085621,-0.14817,-0.22334,-0.3056,-0.38408,-0.44254,-0.46289,-0.43142,-0.34422,-0.20842,-0.038722,0.14746,0.33364,0.50596,0.65382,0.7697,0.84847,0.88654,0.88178,0.83461,0.74965,0.6368,0.51067,0.38812,0.28485,0.2123,0.1762,0.17688,0.21105,0.27363,0.35884,0.46055,0.57244,0.68798,0.7997,0.89719,0.96569,0.98838,0.95345,0.86154,0.72715,0.5724,0.41838,0.27954,0.16343,0.073911,0.015829
-0.0067168,-0.031018,-0.069127,-0.12018,-0.18356,-0.25624,-0.33024,-0.39155,-0.42237,-0.4068,-0.33743,-0.2183,-0.062674,0.11198,0.28842,0.45204,0.59168,0.69962,0.771,0.80298,0.79453,0.74703,0.66547,0.55932,0.44192,0.32848,0.23315,0.16648,0.134,0.13656,0.17161,0.23468,0.32025,0.42223,0.53413,0.64902,0.75842,0.85038,0.90884,0.91762,0.86853,0.7675,0.63304,0.4879,0.35058,0.23164,0.135,0.061579,0.013714
-0.0052433,-0.023314,-0.051708,-0.090624,-0.14078,-0.20124,-0.26704,-0.32725,-0.36567,-0.36528,-0.31527,-0.21593,-0.078185,0.081173,0.24461,0.39709,0.52731,0.62774,0.69375,0.72265,0.71331,0.66679,0.58776,0.48533,0.37262,0.26459,0.17506,0.11404,0.08645,0.092523,0.12935,0.19243,0.27654,0.376,0.48455,0.59502,0.69794,0.77991,0.82429,0.81691,0.75449,0.64849,0.52012,0.39078,0.27496,0.17899,0.1036,0.047505,0.01097
-0.0036277,-0.015626,-0.034716,-0.061737,-0.098109,-0.1444,-0.19838,-0.2528,-0.29447,-0.30689,-0.27665,-0.19988,-0.084101,0.055456,0.20137,0.3381,0.4538,0.54081,0.59512,0.61543,0.60222,0.55778,0.48691,0.39754,0.30042,0.20764,0.13045,0.077245,0.052646,0.057727,0.090956,0.14909,0.22762,0.32091,0.42237,0.52418,0.61588,0.68312,0.70985,0.68564,0.61329,0.50902,0.39445,0.28723,0.19681,0.12548,0.07167,0.032819,0.0078084
-0.0020386,-0.0086717,-0.019624,-0.035943,-0.05914,-0.090477,-0.12976,-0.17338,-0.21242,-0.23308,-0.22114,-0.16882,-0.079101,0.035794,0.15994,0.27869,0.38096,0.45943,0.50969,0.52943,0.51795,0.4765,0.4092,0.32375,0.23104,0.14337,0.072034,0.025043,0.0061578,0.015257,0.049577,0.10497,0.17669,0.25969,0.34836,0.43541,0.51001,0.55755,0.56425,0.52546,0.45031,0.35738,0.26523,0.18562,0.12271,0.075754,0.042099,0.018947,0.0045568
-0.00069132,-0.0031901,-0.0078526,-0.015597,-0.027555,-0.044869,-0.06825,-0.096843,-0.12639,-0.14802,-0.14979,-0.12186,-0.062193,0.021581,0.11563,0.20548,0.2802,0.33369,0.36397,0.37157,0.35813,0.32591,0.27824,0.22001,0.15773,0.098702,0.049703,0.015842,4.8088e-05,0.0033239,0.025348,0.064857,0.11953,0.18553,0.25691,0.32482,0.37715,0.40093,0.38839,0.34264,0.27689,0.20722,0.14535,0.096255,0.060051,0.034753,0.017967,0.0075009,0.0016731
0.00015832,0.00016322,-0.00053739,-0.0025809,-0.0065344,-0.012881,-0.022054,-0.034222,-0.048486,-0.061673,-0.067796,-0.059542,-0.031707,0.015671,0.076848,0.14262,0.20345,0.25167,0.28245,0.29344,0.28418,0.25573,0.21097,0.15502,0.095042,0.039148,-0.0053169,-0.033253,-0.042463,-0.033374,-0.0083167,0.029084,0.074225,0.12174,0.16566,0.19948,0.21677,0.21336,0.19029,0.15437,0.1149,0.079313,0.05102,0.030293,0.016055,0.0070471,0.0021168,9.205e-05,-0.00025325
0.00024074,0.00097017,0.0017088,0.0021158,0.0020723,0.0016895,0.0012542,0.0011341,0.0016695,0.003076,0.0053789,0.0083977,0.011788,0.015129,0.018038,0.02026,0.021733,0.022575,0.023013,0.023279,0.023525,0.023787,0.024,0.024038,0.023763,0.023057,0.021852,0.02014,0.017994,0.015567,0.013083,0.010797,0.0089323,0.0076089,0.0068129,0.0064126,0.0062057,0.0059614,0.0054539,0.0045073,0.0030564,0.0011953,-0.00081834,-0.0026135,-0.0037989,-0.0040833,-0.0033995,-0.002007,-0.00054357
