0.064632
0.023401
-0.01285
-0.0045421
0.0016005
-0.00089659
-0.0023293
-0.001275
-0.00056413
-0.00037022
-0.00048578
-0.00091104
0.00034046
0.0027067
-0.00069994
-0.0065771
-0.0056736
-0.0030696
-0.00046798
0.0021361
0.022286
0.028619
0.034673
0.031704
0.028928
0.029818
0.030577
0.029601
0.028594
0.027271
0.025858
0.023728
0.021489
0.018528
0.015464
0.011833
0.0081315
0.0040904
3.4213e-05
-0.0040862
-0.0081491
-0.011995
-0.015721
-0.019042
-0.022185
-0.02478
-0.027175
-0.02903
-0.030676
-0.031811
-0.03275
-0.033253
-0.033598
-0.033624
-0.033499
-0.033097
-0.032604
-0.031958
-0.031239
-0.030409
-0.029536
-0.028601
-0.02766
-0.026711
-0.025749
-0.024773
-0.02383
-0.022923
-0.022046
-0.021201
-0.020396
-0.01963
-0.018918
-0.018256
-0.017627
-0.017026
-0.016482
-0.015981
-0.015521
-0.01509
-0.014698
-0.01433
-0.014006
-0.013706
-0.013425
-0.013155
-0.012918
-0.012698
-0.012499
-0.012309
-0.012139
-0.011978
-0.011846
-0.011725
-0.011618
-0.011515
-0.011447
-0.011389
-0.011359
-0.011336
-0.011341
-0.011351
-0.011384
-0.01142
-0.011456
-0.011491
-0.011548
-0.011608
-0.0115
-0.011371
-0.011529
-0.011717
-0.011463
-0.011176
-0.0097409
-0.0082469
-0.015347
-0.02271
0.00053212
-0.00019369
-0.00091881
-0.0016446
-0.0019533
-0.00059881
0.0003897
0.00052148
0.00035139
-0.00027208
0.00013393
0.0015702
-9.049e-05
-0.0038107
0.0029661
0.014234
-0.014368
-0.052965
0.030664
0.12793
-0.42816
-0.57428
-0.38902
-0.26211
-0.32396
-0.37879
-0.22164
-0.418
-0.42721
-0.24517
-0.34044
-0.3878
-0.27019
-0.37409
-0.36498
-0.33243
-0.34773
-0.31463
-0.33412
-0.38833
-0.29098
-0.39082
-0.37871
-0.25599
-0.35865
-0.38205
-0.29832
-0.34131
-0.30922
-0.48792
-0.18774
-0.20535
-0.4598
-0.50348
-0.2684
-0.31474
-0.30084
-0.51407
-0.2565
-0.15243
-0.25049
-0.58979
-0.53002
-0.25061
-0.011506
-0.54667
-0.47549
-0.22641
-0.23277
-0.4843
-0.49861
-0.12951
-0.28823
-0.54137
0.112
-0.58463
-0.81832
-0.59824
0.26404
0.23167
-0.61939
-1.0602
-0.57506
0.16916
-0.10821
-0.62141
-0.567
0.41317
0.29267
-1.0578
-1.5724
-0.74282
0.74593
0.54834
-1.1758
-0.38528
0.042201
-0.36127
-1.4615
-0.78149
0.48658
0.28221
-0.26517
-0.60657
-0.47431
-0.20804
-0.14123
-0.20356
-0.29684
-0.30381
-0.29391
-0.26583
-0.24398
-0.25824
-0.27745
-0.28995
-0.40789
-0.36613
-0.083046
0.65085
-0.66899
-1.4509
0.68706
1.8465
-2.6901
-0.69813
6.1109
1.8944
-6.9635
-5.7521
5.7145
1.6002
0.13527
-2.0542
-4.0224
-1.4113
6.1381
2.3319
-5.7285
-1.6932
1.5539
0.064008
-1.626
-0.0043973
1.1655
-1.0236
-0.92075
0.45183
-0.59039
-0.25668
-0.10173
-0.61156
-0.093814
-0.46571
-0.050677
-0.47321
-0.53877
0.064632
-0.048168
-0.017518
0.0094563
0.0035358
-0.0008339
0.00098297
0.0020114
0.0011975
0.00060145
0.00033345
0.00041768
0.0008539
-0.00027784
-0.0024548
0.00046356
0.0055663
0.0048323
0.0026394
0.00044624
-0.0017467
-0.032718
-0.035783
-0.038685
-0.036344
-0.034161
-0.034969
-0.03565
-0.034637
-0.033598
-0.032296
-0.030902
-0.028757
-0.026504
-0.023537
-0.020464
-0.016814
-0.013093
-0.0090328
-0.0049569
-0.00081569
0.0032677
0.0071334
0.010877
0.014212
0.017369
0.019979
0.022388
0.024253
0.025909
0.027055
0.028005
0.028521
0.02888
0.028919
0.028812
0.028434
0.027967
0.027349
0.026662
0.025868
0.025035
0.024145
0.02325
0.022349
0.021442
0.020527
0.019645
0.018801
0.017989
0.017212
0.016476
0.015782
0.015142
0.014551
0.013997
0.013474
0.013007
0.012582
0.012199
0.011846
0.011533
0.011245
0.010999
0.010778
0.010578
0.01039
0.010235
0.010096
0.0099792
0.0098725
0.0097874
0.009711
0.0096634
0.0096265
0.0096061
0.0095912
0.0096099
0.0096385
0.0096948
0.0097585
0.0098473
0.0099421
0.010055
0.010173
0.010287
0.0104
0.010522
0.010646
0.010621
0.010577
0.010764
0.010974
0.010763
0.010521
0.0093463
0.0081236
0.014398
0.020901
-0.00043628
0.0001831
0.00080254
0.0014219
0.0016941
0.00057738
-0.00025158
-0.0004093
-0.00032287
0.00012976
-0.00016606
-0.0012113
-0.00012253
0.0023855
-0.0022867
-0.010031
0.0091924
0.035176
-0.020402
-0.085082
0.27131
0.39444
0.27534
0.16254
0.21739
0.25678
0.13457
0.29023
0.29728
0.15424
0.22638
0.26315
0.1739
0.2575
0.24543
0.22826
0.22667
0.20447
0.22625
0.2728
0.18663
0.27887
0.24481
0.15175
0.25857
0.28363
0.19155
0.19936
0.21523
0.37596
0.068333
0.094919
0.35363
0.39225
0.16535
0.20666
0.16309
0.38917
0.16927
0.071561
0.1497
0.44558
0.3969
0.16741
-0.08513
0.40916
0.37745
0.125
0.10895
0.36529
0.40784
0.043954
0.13879
0.41751
-0.14558
0.43509
0.64816
0.51836
-0.33717
-0.33582
0.47372
0.95865
0.49555
-0.2808
-0.050788
0.4871
0.48906
-0.47103
-0.39488
0.92269
1.4353
0.64831
-0.8406
-0.65573
1.0548
0.27835
-0.15111
0.24128
1.3455
0.66914
-0.59983
-0.40082
0.14427
0.4881
0.36694
0.11939
0.016941
0.021835
0.057725
0.25071
0.46825
0.59876
-0.35459
-1.3214
-1.2208
2.2969
5.9436
8.1328
-25.962
7.8657
6.0705
2.5589
-2.8256
-2.7061
2.7313
0.86329
-6.1733
-2.0847
6.8123
5.6316
-5.8339
-1.7322
-0.2574
1.9418
3.9076
1.2911
-6.2687
-2.4672
5.6118
1.5881
-1.6726
-0.18943
1.4905
-0.122
-1.2633
0.90145
0.78361
-0.58236
0.47216
0.16391
-0.041869
0.47179
0.0020067
0.32929
-0.03887
0.3003
0.3352
-0.048168
