-1,-1,-1,-1,-1,-1,-1,-1,-1,-1,-1,-1,-1,-1,-1,-1,-1,-1,-1,-1,-1,-1,-1,-1,-1,-1,-1,-1,-1,-1,-1,-1,-1,-1,-1,-1,-1,-1,-1,-1,-1,-1,-1,-1,-1,-1,-1,-1,-1,-1
-0.9798,-0.9798,-0.9798,-0.9798,-0.9798,-0.9798,-0.9798,-0.9798,-0.9798,-0.9798,-0.9798,-0.9798,-0.9798,-0.9798,-0.9798,-0.9798,-0.9798,-0.9798,-0.9798,-0.9798,-0.9798,-0.9798,-0.9798,-0.9798,-0.9798,-0.9798,-0.9798,-0.9798,-0.9798,-0.9798,-0.9798,-0.9798,-0.9798,-0.9798,-0.9798,-0.9798,-0.9798,-0.9798,-0.9798,-0.9798,-0.9798,-0.9798,-0.9798,-0.9798,-0.9798,-0.9798,-0.9798,-0.9798,-0.9798,-0.9798
-0.9596,-0.9596,-0.9596,-0.9596,-0.9596,-0.9596,-0.9596,-0.9596,-0.9596,-0.9596,-0.9596,-0.9596,-0.9596,-0.9596,-0.9596,-0.9596,-0.9596,-0.9596,-0.9596,-0.9596,-0.9596,-0.9596,-0.9596,-0.9596,-0.9596,-0.9596,-0.9596,-0.9596,-0.9596,-0.9596,-0.9596,-0.9596,-0.9596,-0.9596,-0.9596,-0.9596,-0.9596,-0.9596,-0.9596,-0.9596,-0.9596,-0.9596,-0.9596,-0.9596,-0.9596,-0.9596,-0.9596,-0.9596,-0.9596,-0.9596
-0.93939,-0.93939,-0.93939,-0.93939,-0.93939,-0.93939,-0.93939,-0.93939,-0.93939,-0.93939,-0.93939,-0.93939,-0.93939,-0.93939,-0.93939,-0.93939,-0.93939,-0.93939,-0.93939,-0.93939,-0.93939,-0.93939,-0.93939,-0.93939,-0.93939,-0.93939,-0.93939,-0.93939,-0.93939,-0.93939,-0.93939,-0.93939,-0.93939,-0.93939,-0.93939,-0.93939,-0.93939,-0.93939,-0.93939,-0.93939,-0.93939,-0.93939,-0.93939,-0.93939,-0.93939,-0.93939,-0.93939,-0.93939,-0.93939,-0.93939
-0.91919,-0.91919,-0.91919,-0.91919,-0.91919,-0.91919,-0.91919,-0.91919,-0.91919,-0.91919,-0.91919,-0.91919,-0.91919,-0.91919,-0.91919,-0.91919,-0.91919,-0.91919,-0.91919,-0.91919,-0.91919,-0.91919,-0.91919,-0.91919,-0.91919,-0.91919,-0.91919,-0.91919,-0.91919,-0.91919,-0.91919,-0.91919,-0.91919,-0.91919,-0.91919,-0.91919,-0.91919,-0.91919,-0.91919,-0.91919,-0.91919,-0.91919,-0.91919,-0.91919,-0.91919,-0.91919,-0.91919,-0.91919,-0.91919,-0.91919
-0.89899,-0.89899,-0.89899,-0.89899,-0.89899,-0.89899,-0.89899,-0.89899,-0.89899,-0.89899,-0.89899,-0.89899,-0.89899,-0.89899,-0.89899,-0.89899,-0.89899,-0.89899,-0.89899,-0.89899,-0.89899,-0.89899,-0.89899,-0.89899,-0.89899,-0.89899,-0.89899,-0.89899,-0.89899,-0.89899,-0.89899,-0.89899,-0.89899,-0.89899,-0.89899,-0.89899,-0.89899,-0.89899,-0.89899,-0.89899,-0.89899,-0.89899,-0.89899,-0.89899,-0.89899,-0.89899,-0.89899,-0.89899,-0.89899,-0.89899
-0.87879,-0.87879,-0.87879,-0.87879,-0.87879,-0.87879,-0.87879,-0.87879,-0.87879,-0.87879,-0.87879,-0.87879,-0.87879,-0.87879,-0.87879,-0.87879,-0.87879,-0.87879,-0.87879,-0.87879,-0.87879,-0.87879,-0.87879,-0.87879,-0.87879,-0.87879,-0.87879,-0.87879,-0.87879,-0.87879,-0.87879,-0.87879,-0.87879,-0.87879,-0.87879,-0.87879,-0.87879,-0.87879,-0.87879,-0.87879,-0.87879,-0.87879,-0.87879,-0.87879,-0.87879,-0.87879,-0.87879,-0.87879,-0.87879,-0.87879
-0.85859,-0.85859,-0.85859,-0.85859,-0.85859,-0.85859,-0.85859,-0.85859,-0.85859,-0.85859,-0.85859,-0.85859,-0.85859,-0.85859,-0.85859,-0.85859,-0.85859,-0.85859,-0.85859,-0.85859,-0.85859,-0.85859,-0.85859,-0.85859,-0.85859,-0.85859,-0.85859,-0.85859,-0.85859,-0.85859,-0.85859,-0.85859,-0.85859,-0.85859,-0.85859,-0.85859,-0.85859,-0.85859,-0.85859,-0.85859,-0.85859,-0.85859,-0.85859,-0.85859,-0.85859,-0.85859,-0.85859,-0.85859,-0.85859,-0.85859
-0.83838,-0.83838,-0.83838,-0.83838,-0.83838,-0.83838,-0.83838,-0.83838,-0.83838,-0.83838,-0.83838,-0.83838,-0.83838,-0.83838,-0.83838,-0.83838,-0.83838,-0.83838,-0.83838,-0.83838,-0.83838,-0.83838,-0.83838,-0.83838,-0.83838,-0.83838,-0.83838,-0.83838,-0.83838,-0.83838,-0.83838,-0.83838,-0.83838,-0.83838,-0.83838,-0.83838,-0.83838,-0.83838,-0.83838,-0.83838,-0.83838,-0.83838,-0.83838,-0.83838,-0.83838,-0.83838,-0.83838,-0.83838,-0.83838,-0.83838
-0.81818,-0.81818,-0.81818,-0.81818,-0.81818,-0.81818,-0.81818,-0.81818,-0.81818,-0.81818,-0.81818,-0.81818,-0.81818,-0.81818,-0.81818,-0.81818,-0.81818,-0.81818,-0.81818,-0.81818,-0.81818,-0.81818,-0.81818,-0.81818,-0.81818,-0.81818,-0.81818,-0.81818,-0.81818,-0.81818,-0.81818,-0.81818,-0.81818,-0.81818,-0.81818,-0.81818,-0.81818,-0.81818,-0.81818,-0.81818,-0.81818,-0.81818,-0.81818,-0.81818,-0.81818,-0.81818,-0.81818,-0.81818,-0.81818,-0.81818
-0.79798,-0.79798,-0.79798,-0.79798,-0.79798,-0.79798,-0.79798,-0.79798,-0.79798,-0.79798,-0.79798,-0.79798,-0.79798,-0.79798,-0.79798,-0.79798,-0.79798,-0.79798,-0.79798,-0.79798,-0.79798,-0.79798,-0.79798,-0.79798,-0.79798,-0.79798,-0.79798,-0.79798,-0.79798,-0.79798,-0.79798,-0.79798,-0.79798,-0.79798,-0.79798,-0.79798,-0.79798,-0.79798,-0.79798,-0.79798,-0.79798,-0.79798,-0.79798,-0.79798,-0.79798,-0.79798,-0.79798,-0.79798,-0.79798,-0.79798
-0.77778,-0.77778,-0.77778,-0.77778,-0.77778,-0.77778,-0.77778,-0.77778,-0.77778,-0.77778,-0.77778,-0.77778,-0.77778,-0.77778,-0.77778,-0.77778,-0.77778,-0.77778,-0.77778,-0.77778,-0.77778,-0.77778,-0.77778,-0.77778,-0.77778,-0.77778,-0.77778,-0.77778,-0.77778,-0.77778,-0.77778,-0.77778,-0.77778,-0.77778,-0.77778,-0.77778,-0.77778,-0.77778,-0.77778,-0.77778,-0.77778,-0.77778,-0.77778,-0.77778,-0.77778,-0.77778,-0.77778,-0.77778,-0.77778,-0.77778
-0.75758,-0.75758,-0.75758,-0.75758,-0.75758,-0.75758,-0.75758,-0.75758,-0.75758,-0.75758,-0.75758,-0.75758,-0.75758,-0.75758,-0.75758,-0.75758,-0.75758,-0.75758,-0.75758,-0.75758,-0.75758,-0.75758,-0.75758,-0.75758,-0.75758,-0.75758,-0.75758,-0.75758,-0.75758,-0.75758,-0.75758,-0.75758,-0.75758,-0.75758,-0.75758,-0.75758,-0.75758,-0.75758,-0.75758,-0.75758,-0.75758,-0.75758,-0.75758,-0.75758,-0.75758,-0.75758,-0.75758,-0.75758,-0.75758,-0.75758
-0.73737,-0.73737,-0.73737,-0.73737,-0.73737,-0.73737,-0.73737,-0.73737,-0.73737,-0.73737,-0.73737,-0.73737,-0.73737,-0.73737,-0.73737,-0.73737,-0.73737,-0.73737,-0.73737,-0.73737,-0.73737,-0.73737,-0.73737,-0.73737,-0.73737,-0.73737,-0.73737,-0.73737,-0.73737,-0.73737,-0.73737,-0.73737,-0.73737,-0.73737,-0.73737,-0.73737,-0.73737,-0.73737,-0.73737,-0.73737,-0.73737,-0.73737,-0.73737,-0.73737,-0.73737,-0.73737,-0.73737,-0.73737,-0.73737,-0.73737
-0.71717,-0.71717,-0.71717,-0.71717,-0.71717,-0.71717,-0.71717,-0.71717,-0.71717,-0.71717,-0.71717,-0.71717,-0.71717,-0.71717,-0.71717,-0.71717,-0.71717,-0.71717,-0.71717,-0.71717,-0.71717,-0.71717,-0.71717,-0.71717,-0.71717,-0.71717,-0.71717,-0.71717,-0.71717,-0.71717,-0.71717,-0.71717,-0.71717,-0.71717,-0.71717,-0.71717,-0.71717,-0.71717,-0.71717,-0.71717,-0.71717,-0.71717,-0.71717,-0.71717,-0.71717,-0.71717,-0.71717,-0.71717,-0.71717,-0.71717
-0.69697,-0.69697,-0.69697,-0.69697,-0.69697,-0.69697,-0.69697,-0.69697,-0.69697,-0.69697,-0.69697,-0.69697,-0.69697,-0.69697,-0.69697,-0.69697,-0.69697,-0.69697,-0.69697,-0.69697,-0.69697,-0.69697,-0.69697,-0.69697,-0.69697,-0.69697,-0.69697,-0.69697,-0.69697,-0.69697,-0.69697,-0.69697,-0.69697,-0.69697,-0.69697,-0.69697,-0.69697,-0.69697,-0.69697,-0.69697,-0.69697,-0.69697,-0.69697,-0.69697,-0.69697,-0.69697,-0.69697,-0.69697,-0.69697,-0.69697
-0.67677,-0.67677,-0.67677,-0.67677,-0.67677,-0.67677,-0.67677,-0.67677,-0.67677,-0.67677,-0.67677,-0.67677,-0.67677,-0.67677,-0.67677,-0.67677,-0.67677,-0.67677,-0.67677,-0.67677,-0.67677,-0.67677,-0.67677,-0.67677,-0.67677,-0.67677,-0.67677,-0.67677,-0.67677,-0.67677,-0.67677,-0.67677,-0.67677,-0.67677,-0.67677,-0.67677,-0.67677,-0.67677,-0.67677,-0.67677,-0.67677,-0.67677,-0.67677,-0.67677,-0.67677,-0.67677,-0.67677,-0.67677,-0.67677,-0.67677
-0.65657,-0.65657,-0.65657,-0.65657,-0.65657,-0.65657,-0.65657,-0.65657,-0.65657,-0.65657,-0.65657,-0.65657,-0.65657,-0.65657,-0.65657,-0.65657,-0.65657,-0.65657,-0.65657,-0.65657,-0.65657,-0.65657,-0.65657,-0.65657,-0.65657,-0.65657,-0.65657,-0.65657,-0.65657,-0.65657,-0.65657,-0.65657,-0.65657,-0.65657,-0.65657,-0.65657,-0.65657,-0.65657,-0.65657,-0.65657,-0.65657,-0.65657,-0.65657,-0.65657,-0.65657,-0.65657,-0.65657,-0.65657,-0.65657,-0.65657
-0.63636,-0.63636,-0.63636,-0.63636,-0.63636,-0.63636,-0.63636,-0.63636,-0.63636,-0.63636,-0.63636,-0.63636,-0.63636,-0.63636,-0.63636,-0.63636,-0.63636,-0.63636,-0.63636,-0.63636,-0.63636,-0.63636,-0.63636,-0.63636,-0.63636,-0.63636,-0.63636,-0.63636,-0.63636,-0.63636,-0.63636,-0.63636,-0.63636,-0.63636,-0.63636,-0.63636,-0.63636,-0.63636,-0.63636,-0.63636,-0.63636,-0.63636,-0.63636,-0.63636,-0.63636,-0.63636,-0.63636,-0.63636,-0.63636,-0.63636
-0.61616,-0.61616,-0.61616,-0.61616,-0.61616,-0.61616,-0.61616,-0.61616,-0.61616,-0.61616,-0.61616,-0.61616,-0.61616,-0.61616,-0.61616,-0.61616,-0.61616,-0.61616,-0.61616,-0.61616,-0.61616,-0.61616,-0.61616,-0.61616,-0.61616,-0.61616,-0.61616,-0.61616,-0.61616,-0.61616,-0.61616,-0.61616,-0.61616,-0.61616,-0.61616,-0.61616,-0.61616,-0.61616,-0.61616,-0.61616,-0.61616,-0.61616,-0.61616,-0.61616,-0.61616,-0.61616,-0.61616,-0.61616,-0.61616,-0.61616
-0.59596,-0.59596,-0.59596,-0.59596,-0.59596,-0.59596,-0.59596,-0.59596,-0.59596,-0.59596,-0.59596,-0.59596,-0.59596,-0.59596,-0.59596,-0.59596,-0.59596,-0.59596,-0.59596,-0.59596,-0.59596,-0.59596,-0.59596,-0.59596,-0.59596,-0.59596,-0.59596,-0.59596,-0.59596,-0.59596,-0.59596,-0.59596,-0.59596,-0.59596,-0.59596,-0.59596,-0.59596,-0.59596,-0.59596,-0.59596,-0.59596,-0.59596,-0.59596,-0.59596,-0.59596,-0.59596,-0.59596,-0.59596,-0.59596,-0.59596
-0.57576,-0.57576,-0.57576,-0.57576,-0.57576,-0.57576,-0.57576,-0.57576,-0.57576,-0.57576,-0.57576,-0.57576,-0.57576,-0.57576,-0.57576,-0.57576,-0.57576,-0.57576,-0.57576,-0.57576,-0.57576,-0.57576,-0.57576,-0.57576,-0.57576,-0.57576,-0.57576,-0.57576,-0.57576,-0.57576,-0.57576,-0.57576,-0.57576,-0.57576,-0.57576,-0.57576,-0.57576,-0.57576,-0.57576,-0.57576,-0.57576,-0.57576,-0.57576,-0.57576,-0.57576,-0.57576,-0.57576,-0.57576,-0.57576,-0.57576
-0.55556,-0.55556,-0.55556,-0.55556,-0.55556,-0.55556,-0.55556,-0.55556,-0.55556,-0.55556,-0.55556,-0.55556,-0.55556,-0.55556,-0.55556,-0.55556,-0.55556,-0.55556,-0.55556,-0.55556,-0.55556,-0.55556,-0.55556,-0.55556,-0.55556,-0.55556,-0.55556,-0.55556,-0.55556,-0.55556,-0.55556,-0.55556,-0.55556,-0.55556,-0.55556,-0.55556,-0.55556,-0.55556,-0.55556,-0.55556,-0.55556,-0.55556,-0.55556,-0.55556,-0.55556,-0.55556,-0.55556,-0.55556,-0.55556,-0.55556
-0.53535,-0.53535,-0.53535,-0.53535,-0.53535,-0.53535,-0.53535,-0.53535,-0.53535,-0.53535,-0.53535,-0.53535,-0.53535,-0.53535,-0.53535,-0.53535,-0.53535,-0.53535,-0.53535,-0.53535,-0.53535,-0.53535,-0.53535,-0.53535,-0.53535,-0.53535,-0.53535,-0.53535,-0.53535,-0.53535,-0.53535,-0.53535,-0.53535,-0.53535,-0.53535,-0.53535,-0.53535,-0.53535,-0.53535,-0.53535,-0.53535,-0.53535,-0.53535,-0.53535,-0.53535,-0.53535,-0.53535,-0.53535,-0.53535,-0.53535
-0.51515,-0.51515,-0.51515,-0.51515,-0.51515,-0.51515,-0.51515,-0.51515,-0.51515,-0.51515,-0.51515,-0.51515,-0.51515,-0.51515,-0.51515,-0.51515,-0.51515,-0.51515,-0.51515,-0.51515,-0.51515,-0.51515,-0.51515,-0.51515,-0.51515,-0.51515,-0.51515,-0.51515,-0.51515,-0.51515,-0.51515,-0.51515,-0.51515,-0.51515,-0.51515,-0.51515,-0.51515,-0.51515,-0.51515,-0.51515,-0.51515,-0.51515,-0.51515,-0.51515,-0.51515,-0.51515,-0.51515,-0.51515,-0.51515,-0.51515
-0.49495,-0.49495,-0.49495,-0.49495,-0.49495,-0.49495,-0.49495,-0.49495,-0.49495,-0.49495,-0.49495,-0.49495,-0.49495,-0.49495,-0.49495,-0.49495,-0.49495,-0.49495,-0.49495,-0.49495,-0.49495,-0.49495,-0.49495,-0.49495,-0.49495,-0.49495,-0.49495,-0.49495,-0.49495,-0.49495,-0.49495,-0.49495,-0.49495,-0.49495,-0.49495,-0.49495,-0.49495,-0.49495,-0.49495,-0.49495,-0.49495,-0.49495,-0.49495,-0.49495,-0.49495,-0.49495,-0.49495,-0.49495,-0.49495,-0.49495
-0.47475,-0.47475,-0.47475,-0.47475,-0.47475,-0.47475,-0.47475,-0.47475,-0.47475,-0.47475,-0.47475,-0.47475,-0.47475,-0.47475,-0.47475,-0.47475,-0.47475,-0.47475,-0.47475,-0.47475,-0.47475,-0.47475,-0.47475,-0.47475,-0.47475,-0.47475,-0.47475,-0.47475,-0.47475,-0.47475,-0.47475,-0.47475,-0.47475,-0.47475,-0.47475,-0.47475,-0.47475,-0.47475,-0.47475,-0.47475,-0.47475,-0.47475,-0.47475,-0.47475,-0.47475,-0.47475,-0.47475,-0.47475,-0.47475,-0.47475
-0.45455,-0.45455,-0.45455,-0.45455,-0.45455,-0.45455,-0.45455,-0.45455,-0.45455,-0.45455,-0.45455,-0.45455,-0.45455,-0.45455,-0.45455,-0.45455,-0.45455,-0.45455,-0.45455,-0.45455,-0.45455,-0.45455,-0.45455,-0.45455,-0.45455,-0.45455,-0.45455,-0.45455,-0.45455,-0.45455,-0.45455,-0.45455,-0.45455,-0.45455,-0.45455,-0.45455,-0.45455,-0.45455,-0.45455,-0.45455,-0.45455,-0.45455,-0.45455,-0.45455,-0.45455,-0.45455,-0.45455,-0.45455,-0.45455,-0.45455
-0.43434,-0.43434,-0.43434,-0.43434,-0.43434,-0.43434,-0.43434,-0.43434,-0.43434,-0.43434,-0.43434,-0.43434,-0.43434,-0.43434,-0.43434,-0.43434,-0.43434,-0.43434,-0.43434,-0.43434,-0.43434,-0.43434,-0.43434,-0.43434,-0.43434,-0.43434,-0.43434,-0.43434,-0.43434,-0.43434,-0.43434,-0.43434,-0.43434,-0.43434,-0.43434,-0.43434,-0.43434,-0.43434,-0.43434,-0.43434,-0.43434,-0.43434,-0.43434,-0.43434,-0.43434,-0.43434,-0.43434,-0.43434,-0.43434,-0.43434
-0.41414,-0.41414,-0.41414,-0.41414,-0.41414,-0.41414,-0.41414,-0.41414,-0.41414,-0.41414,-0.41414,-0.41414,-0.41414,-0.41414,-0.41414,-0.41414,-0.41414,-0.41414,-0.41414,-0.41414,-0.41414,-0.41414,-0.41414,-0.41414,-0.41414,-0.41414,-0.41414,-0.41414,-0.41414,-0.41414,-0.41414,-0.41414,-0.41414,-0.41414,-0.41414,-0.41414,-0.41414,-0.41414,-0.41414,-0.41414,-0.41414,-0.41414,-0.41414,-0.41414,-0.41414,-0.41414,-0.41414,-0.41414,-0.41414,-0.41414
-0.39394,-0.39394,-0.39394,-0.39394,-0.39394,-0.39394,-0.39394,-0.39394,-0.39394,-0.39394,-0.39394,-0.39394,-0.39394,-0.39394,-0.39394,-0.39394,-0.39394,-0.39394,-0.39394,-0.39394,-0.39394,-0.39394,-0.39394,-0.39394,-0.39394,-0.39394,-0.39394,-0.39394,-0.39394,-0.39394,-0.39394,-0.39394,-0.39394,-0.39394,-0.39394,-0.39394,-0.39394,-0.39394,-0.39394,-0.39394,-0.39394,-0.39394,-0.39394,-0.39394,-0.39394,-0.39394,-0.39394,-0.39394,-0.39394,-0.39394
-0.37374,-0.37374,-0.37374,-0.37374,-0.37374,-0.37374,-0.37374,-0.37374,-0.37374,-0.37374,-0.37374,-0.37374,-0.37374,-0.37374,-0.37374,-0.37374,-0.37374,-0.37374,-0.37374,-0.37374,-0.37374,-0.37374,-0.37374,-0.37374,-0.37374,-0.37374,-0.37374,-0.37374,-0.37374,-0.37374,-0.37374,-0.37374,-0.37374,-0.37374,-0.37374,-0.37374,-0.37374,-0.37374,-0.37374,-0.37374,-0.37374,-0.37374,-0.37374,-0.37374,-0.37374,-0.37374,-0.37374,-0.37374,-0.37374,-0.37374
-0.35354,-0.35354,-0.35354,-0.35354,-0.35354,-0.35354,-0.35354,-0.35354,-0.35354,-0.35354,-0.35354,-0.35354,-0.35354,-0.35354,-0.35354,-0.35354,-0.35354,-0.35354,-0.35354,-0.35354,-0.35354,-0.35354,-0.35354,-0.35354,-0.35354,-0.35354,-0.35354,-0.35354,-0.35354,-0.35354,-0.35354,-0.35354,-0.35354,-0.35354,-0.35354,-0.35354,-0.35354,-0.35354,-0.35354,-0.35354,-0.35354,-0.35354,-0.35354,-0.35354,-0.35354,-0.35354,-0.35354,-0.35354,-0.35354,-0.35354
-0.33333,-0.33333,-0.33333,-0.33333,-0.33333,-0.33333,-0.33333,-0.33333,-0.33333,-0.33333,-0.33333,-0.33333,-0.33333,-0.33333,-0.33333,-0.33333,-0.33333,-0.33333,-0.33333,-0.33333,-0.33333,-0.33333,-0.33333,-0.33333,-0.33333,-0.33333,-0.33333,-0.33333,-0.33333,-0.33333,-0.33333,-0.33333,-0.33333,-0.33333,-0.33333,-0.33333,-0.33333,-0.33333,-0.33333,-0.33333,-0.33333,-0.33333,-0.33333,-0.33333,-0.33333,-0.33333,-0.33333,-0.33333,-0.33333,-0.33333
-0.31313,-0.31313,-0.31313,-0.31313,-0.31313,-0.31313,-0.31313,-0.31313,-0.31313,-0.31313,-0.31313,-0.31313,-0.31313,-0.31313,-0.31313,-0.31313,-0.31313,-0.31313,-0.31313,-0.31313,-0.31313,-0.31313,-0.31313,-0.31313,-0.31313,-0.31313,-0.31313,-0.31313,-0.31313,-0.31313,-0.31313,-0.31313,-0.31313,-0.31313,-0.31313,-0.31313,-0.31313,-0.31313,-0.31313,-0.31313,-0.31313,-0.31313,-0.31313,-0.31313,-0.31313,-0.31313,-0.31313,-0.31313,-0.31313,-0.31313
-0.29293,-0.29293,-0.29293,-0.29293,-0.29293,-0.29293,-0.29293,-0.29293,-0.29293,-0.29293,-0.29293,-0.29293,-0.29293,-0.29293,-0.29293,-0.29293,-0.29293,-0.29293,-0.29293,-0.29293,-0.29293,-0.29293,-0.29293,-0.29293,-0.29293,-0.29293,-0.29293,-0.29293,-0.29293,-0.29293,-0.29293,-0.29293,-0.29293,-0.29293,-0.29293,-0.29293,-0.29293,-0.29293,-0.29293,-0.29293,-0.29293,-0.29293,-0.29293,-0.29293,-0.29293,-0.29293,-0.29293,-0.29293,-0.29293,-0.29293
-0.27273,-0.27273,-0.27273,-0.27273,-0.27273,-0.27273,-0.27273,-0.27273,-0.27273,-0.27273,-0.27273,-0.27273,-0.27273,-0.27273,-0.27273,-0.27273,-0.27273,-0.27273,-0.27273,-0.27273,-0.27273,-0.27273,-0.27273,-0.27273,-0.27273,-0.27273,-0.27273,-0.27273,-0.27273,-0.27273,-0.27273,-0.27273,-0.27273,-0.27273,-0.27273,-0.27273,-0.27273,-0.27273,-0.27273,-0.27273,-0.27273,-0.27273,-0.27273,-0.27273,-0.27273,-0.27273,-0.27273,-0.27273,-0.27273,-0.27273
-0.25253,-0.25253,-0.25253,-0.25253,-0.25253,-0.25253,-0.25253,-0.25253,-0.25253,-0.25253,-0.25253,-0.25253,-0.25253,-0.25253,-0.25253,-0.25253,-0.25253,-0.25253,-0.25253,-0.25253,-0.25253,-0.25253,-0.25253,-0.25253,-0.25253,-0.25253,-0.25253,-0.25253,-0.25253,-0.25253,-0.25253,-0.25253,-0.25253,-0.25253,-0.25253,-0.25253,-0.25253,-0.25253,-0.25253,-0.25253,-0.25253,-0.25253,-0.25253,-0.25253,-0.25253,-0.25253,-0.25253,-0.25253,-0.25253,-0.25253
-0.23232,-0.23232,-0.23232,-0.23232,-0.23232,-0.23232,-0.23232,-0.23232,-0.23232,-0.23232,-0.23232,-0.23232,-0.23232,-0.23232,-0.23232,-0.23232,-0.23232,-0.23232,-0.23232,-0.23232,-0.23232,-0.23232,-0.23232,-0.23232,-0.23232,-0.23232,-0.23232,-0.23232,-0.23232,-0.23232,-0.23232,-0.23232,-0.23232,-0.23232,-0.23232,-0.23232,-0.23232,-0.23232,-0.23232,-0.23232,-0.23232,-0.23232,-0.23232,-0.23232,-0.23232,-0.23232,-0.23232,-0.23232,-0.23232,-0.23232
-0.21212,-0.21212,-0.21212,-0.21212,-0.21212,-0.21212,-0.21212,-0.21212,-0.21212,-0.21212,-0.21212,-0.21212,-0.21212,-0.21212,-0.21212,-0.21212,-0.21212,-0.21212,-0.21212,-0.21212,-0.21212,-0.21212,-0.21212,-0.21212,-0.21212,-0.21212,-0.21212,-0.21212,-0.21212,-0.21212,-0.21212,-0.21212,-0.21212,-0.21212,-0.21212,-0.21212,-0.21212,-0.21212,-0.21212,-0.21212,-0.21212,-0.21212,-0.21212,-0.21212,-0.21212,-0.21212,-0.21212,-0.21212,-0.21212,-0.21212
-0.19192,-0.19192,-0.19192,-0.19192,-0.19192,-0.19192,-0.19192,-0.19192,-0.19192,-0.19192,-0.19192,-0.19192,-0.19192,-0.19192,-0.19192,-0.19192,-0.19192,-0.19192,-0.19192,-0.19192,-0.19192,-0.19192,-0.19192,-0.19192,-0.19192,-0.19192,-0.19192,-0.19192,-0.19192,-0.19192,-0.19192,-0.19192,-0.19192,-0.19192,-0.19192,-0.19192,-0.19192,-0.19192,-0.19192,-0.19192,-0.19192,-0.19192,-0.19192,-0.19192,-0.19192,-0.19192,-0.19192,-0.19192,-0.19192,-0.19192
-0.17172,-0.17172,-0.17172,-0.17172,-0.17172,-0.17172,-0.17172,-0.17172,-0.17172,-0.17172,-0.17172,-0.17172,-0.17172,-0.17172,-0.17172,-0.17172,-0.17172,-0.17172,-0.17172,-0.17172,-0.17172,-0.17172,-0.17172,-0.17172,-0.17172,-0.17172,-0.17172,-0.17172,-0.17172,-0.17172,-0.17172,-0.17172,-0.17172,-0.17172,-0.17172,-0.17172,-0.17172,-0.17172,-0.17172,-0.17172,-0.17172,-0.17172,-0.17172,-0.17172,-0.17172,-0.17172,-0.17172,-0.17172,-0.17172,-0.17172
-0.15152,-0.15152,-0.15152,-0.15152,-0.15152,-0.15152,-0.15152,-0.15152,-0.15152,-0.15152,-0.15152,-0.15152,-0.15152,-0.15152,-0.15152,-0.15152,-0.15152,-0.15152,-0.15152,-0.15152,-0.15152,-0.15152,-0.15152,-0.15152,-0.15152,-0.15152,-0.15152,-0.15152,-0.15152,-0.15152,-0.15152,-0.15152,-0.15152,-0.15152,-0.15152,-0.15152,-0.15152,-0.15152,-0.15152,-0.15152,-0.15152,-0.15152,-0.15152,-0.15152,-0.15152,-0.15152,-0.15152,-0.15152,-0.15152,-0.15152
-0.13131,-0.13131,-0.13131,-0.13131,-0.13131,-0.13131,-0.13131,-0.13131,-0.13131,-0.13131,-0.13131,-0.13131,-0.13131,-0.13131,-0.13131,-0.13131,-0.13131,-0.13131,-0.13131,-0.13131,-0.13131,-0.13131,-0.13131,-0.13131,-0.13131,-0.13131,-0.13131,-0.13131,-0.13131,-0.13131,-0.13131,-0.13131,-0.13131,-0.13131,-0.13131,-0.13131,-0.13131,-0.13131,-0.13131,-0.13131,-0.13131,-0.13131,-0.13131,-0.13131,-0.13131,-0.13131,-0.13131,-0.13131,-0.13131,-0.13131
-0.11111,-0.11111,-0.11111,-0.11111,-0.11111,-0.11111,-0.11111,-0.11111,-0.11111,-0.11111,-0.11111,-0.11111,-0.11111,-0.11111,-0.11111,-0.11111,-0.11111,-0.11111,-0.11111,-0.11111,-0.11111,-0.11111,-0.11111,-0.11111,-0.11111,-0.11111,-0.11111,-0.11111,-0.11111,-0.11111,-0.11111,-0.11111,-0.11111,-0.11111,-0.11111,-0.11111,-0.11111,-0.11111,-0.11111,-0.11111,-0.11111,-0.11111,-0.11111,-0.11111,-0.11111,-0.11111,-0.11111,-0.11111,-0.11111,-0.11111
-0.090909,-0.090909,-0.090909,-0.090909,-0.090909,-0.090909,-0.090909,-0.090909,-0.090909,-0.090909,-0.090909,-0.090909,-0.090909,-0.090909,-0.090909,-0.090909,-0.090909,-0.090909,-0.090909,-0.090909,-0.090909,-0.090909,-0.090909,-0.090909,-0.090909,-0.090909,-0.090909,-0.090909,-0.090909,-0.090909,-0.090909,-0.090909,-0.090909,-0.090909,-0.090909,-0.090909,-0.090909,-0.090909,-0.090909,-0.090909,-0.090909,-0.090909,-0.090909,-0.090909,-0.090909,-0.090909,-0.090909,-0.090909,-0.090909,-0.090909
-0.070707,-0.070707,-0.070707,-0.070707,-0.070707,-0.070707,-0.070707,-0.070707,-0.070707,-0.070707,-0.070707,-0.070707,-0.070707,-0.070707,-0.070707,-0.070707,-0.070707,-0.070707,-0.070707,-0.070707,-0.070707,-0.070707,-0.070707,-0.070707,-0.070707,-0.070707,-0.070707,-0.070707,-0.070707,-0.070707,-0.070707,-0.070707,-0.070707,-0.070707,-0.070707,-0.070707,-0.070707,-0.070707,-0.070707,-0.070707,-0.070707,-0.070707,-0.070707,-0.070707,-0.070707,-0.070707,-0.070707,-0.070707,-0.070707,-0.070707
-0.050505,-0.050505,-0.050505,-0.050505,-0.050505,-0.050505,-0.050505,-0.050505,-0.050505,-0.050505,-0.050505,-0.050505,-0.050505,-0.050505,-0.050505,-0.050505,-0.050505,-0.050505,-0.050505,-0.050505,-0.050505,-0.050505,-0.050505,-0.050505,-0.050505,-0.050505,-0.050505,-0.050505,-0.050505,-0.050505,-0.050505,-0.050505,-0.050505,-0.050505,-0.050505,-0.050505,-0.050505,-0.050505,-0.050505,-0.050505,-0.050505,-0.050505,-0.050505,-0.050505,-0.050505,-0.050505,-0.050505,-0.050505,-0.050505,-0.050505
-0.030303,-0.030303,-0.030303,-0.030303,-0.030303,-0.030303,-0.030303,-0.030303,-0.030303,-0.030303,-0.030303,-0.030303,-0.030303,-0.030303,-0.030303,-0.030303,-0.030303,-0.030303,-0.030303,-0.030303,-0.030303,-0.030303,-0.030303,-0.030303,-0.030303,-0.030303,-0.030303,-0.030303,-0.030303,-0.030303,-0.030303,-0.030303,-0.030303,-0.030303,-0.030303,-0.030303,-0.030303,-0.030303,-0.030303,-0.030303,-0.030303,-0.030303,-0.030303,-0.030303,-0.030303,-0.030303,-0.030303,-0.030303,-0.030303,-0.030303
-0.010101,-0.010101,-0.010101,-0.010101,-0.010101,-0.010101,-0.010101,-0.010101,-0.010101,-0.010101,-0.010101,-0.010101,-0.010101,-0.010101,-0.010101,-0.010101,-0.010101,-0.010101,-0.010101,-0.010101,-0.010101,-0.010101,-0.010101,-0.010101,-0.010101,-0.010101,-0.010101,-0.010101,-0.010101,-0.010101,-0.010101,-0.010101,-0.010101,-0.010101,-0.010101,-0.010101,-0.010101,-0.010101,-0.010101,-0.010101,-0.010101,-0.010101,-0.010101,-0.010101,-0.010101,-0.010101,-0.010101,-0.010101,-0.010101,-0.010101
0.010101,0.010101,0.010101,0.010101,0.010101,0.010101,0.010101,0.010101,0.010101,0.010101,0.010101,0.010101,0.010101,0.010101,0.010101,0.010101,0.010101,0.010101,0.010101,0.010101,0.010101,0.010101,0.010101,0.010101,0.010101,0.010101,0.010101,0.010101,0.010101,0.010101,0.010101,0.010101,0.010101,0.010101,0.010101,0.010101,0.010101,0.010101,0.010101,0.010101,0.010101,0.010101,0.010101,0.010101,0.010101,0.010101,0.010101,0.010101,0.010101,0.010101
0.030303,0.030303,0.030303,0.030303,0.030303,0.030303,0.030303,0.030303,0.030303,0.030303,0.030303,0.030303,0.030303,0.030303,0.030303,0.030303,0.030303,0.030303,0.030303,0.030303,0.030303,0.030303,0.030303,0.030303,0.030303,0.030303,0.030303,0.030303,0.030303,0.030303,0.030303,0.030303,0.030303,0.030303,0.030303,0.030303,0.030303,0.030303,0.030303,0.030303,0.030303,0.030303,0.030303,0.030303,0.030303,0.030303,0.030303,0.030303,0.030303,0.030303
0.050505,0.050505,0.050505,0.050505,0.050505,0.050505,0.050505,0.050505,0.050505,0.050505,0.050505,0.050505,0.050505,0.050505,0.050505,0.050505,0.050505,0.050505,0.050505,0.050505,0.050505,0.050505,0.050505,0.050505,0.050505,0.050505,0.050505,0.050505,0.050505,0.050505,0.050505,0.050505,0.050505,0.050505,0.050505,0.050505,0.050505,0.050505,0.050505,0.050505,0.050505,0.050505,0.050505,0.050505,0.050505,0.050505,0.050505,0.050505,0.050505,0.050505
0.070707,0.070707,0.070707,0.070707,0.070707,0.070707,0.070707,0.070707,0.070707,0.070707,0.070707,0.070707,0.070707,0.070707,0.070707,0.070707,0.070707,0.070707,0.070707,0.070707,0.070707,0.070707,0.070707,0.070707,0.070707,0.070707,0.070707,0.070707,0.070707,0.070707,0.070707,0.070707,0.070707,0.070707,0.070707,0.070707,0.070707,0.070707,0.070707,0.070707,0.070707,0.070707,0.070707,0.070707,0.070707,0.070707,0.070707,0.070707,0.070707,0.070707
0.090909,0.090909,0.090909,0.090909,0.090909,0.090909,0.090909,0.090909,0.090909,0.090909,0.090909,0.090909,0.090909,0.090909,0.090909,0.090909,0.090909,0.090909,0.090909,0.090909,0.090909,0.090909,0.090909,0.090909,0.090909,0.090909,0.090909,0.090909,0.090909,0.090909,0.090909,0.090909,0.090909,0.090909,0.090909,0.090909,0.090909,0.090909,0.090909,0.090909,0.090909,0.090909,0.090909,0.090909,0.090909,0.090909,0.090909,0.090909,0.090909,0.090909
0.11111,0.11111,0.11111,0.11111,0.11111,0.11111,0.11111,0.11111,0.11111,0.11111,0.11111,0.11111,0.11111,0.11111,0.11111,0.11111,0.11111,0.11111,0.11111,0.11111,0.11111,0.11111,0.11111,0.11111,0.11111,0.11111,0.11111,0.11111,0.11111,0.11111,0.11111,0.11111,0.11111,0.11111,0.11111,0.11111,0.11111,0.11111,0.11111,0.11111,0.11111,0.11111,0.11111,0.11111,0.11111,0.11111,0.11111,0.11111,0.11111,0.11111
0.13131,0.13131,0.13131,0.13131,0.13131,0.13131,0.13131,0.13131,0.13131,0.13131,0.13131,0.13131,0.13131,0.13131,0.13131,0.13131,0.13131,0.13131,0.13131,0.13131,0.13131,0.13131,0.13131,0.13131,0.13131,0.13131,0.13131,0.13131,0.13131,0.13131,0.13131,0.13131,0.13131,0.13131,0.13131,0.13131,0.13131,0.13131,0.13131,0.13131,0.13131,0.13131,0.13131,0.13131,0.13131,0.13131,0.13131,0.13131,0.13131,0.13131
0.15152,0.15152,0.15152,0.15152,0.15152,0.15152,0.15152,0.15152,0.15152,0.15152,0.15152,0.15152,0.15152,0.15152,0.15152,0.15152,0.15152,0.15152,0.15152,0.15152,0.15152,0.15152,0.15152,0.15152,0.15152,0.15152,0.15152,0.15152,0.15152,0.15152,0.15152,0.15152,0.15152,0.15152,0.15152,0.15152,0.15152,0.15152,0.15152,0.15152,0.15152,0.15152,0.15152,0.15152,0.15152,0.15152,0.15152,0.15152,0.15152,0.15152
0.17172,0.17172,0.17172,0.17172,0.17172,0.17172,0.17172,0.17172,0.17172,0.17172,0.17172,0.17172,0.17172,0.17172,0.17172,0.17172,0.17172,0.17172,0.17172,0.17172,0.17172,0.17172,0.17172,0.17172,0.17172,0.17172,0.17172,0.17172,0.17172,0.17172,0.17172,0.17172,0.17172,0.17172,0.17172,0.17172,0.17172,0.17172,0.17172,0.17172,0.17172,0.17172,0.17172,0.17172,0.17172,0.17172,0.17172,0.17172,0.17172,0.17172
0.19192,0.19192,0.19192,0.19192,0.19192,0.19192,0.19192,0.19192,0.19192,0.19192,0.19192,0.19192,0.19192,0.19192,0.19192,0.19192,0.19192,0.19192,0.19192,0.19192,0.19192,0.19192,0.19192,0.19192,0.19192,0.19192,0.19192,0.19192,0.19192,0.19192,0.19192,0.19192,0.19192,0.19192,0.19192,0.19192,0.19192,0.19192,0.19192,0.19192,0.19192,0.19192,0.19192,0.19192,0.19192,0.19192,0.19192,0.19192,0.19192,0.19192
0.21212,0.21212,0.21212,0.21212,0.21212,0.21212,0.21212,0.21212,0.21212,0.21212,0.21212,0.21212,0.21212,0.21212,0.21212,0.21212,0.21212,0.21212,0.21212,0.21212,0.21212,0.21212,0.21212,0.21212,0.21212,0.21212,0.21212,0.21212,0.21212,0.21212,0.21212,0.21212,0.21212,0.21212,0.21212,0.21212,0.21212,0.21212,0.21212,0.21212,0.21212,0.21212,0.21212,0.21212,0.21212,0.21212,0.21212,0.21212,0.21212,0.21212
0.23232,0.23232,0.23232,0.23232,0.23232,0.23232,0.23232,0.23232,0.23232,0.23232,0.23232,0.23232,0.23232,0.23232,0.23232,0.23232,0.23232,0.23232,0.23232,0.23232,0.23232,0.23232,0.23232,0.23232,0.23232,0.23232,0.23232,0.23232,0.23232,0.23232,0.23232,0.23232,0.23232,0.23232,0.23232,0.23232,0.23232,0.23232,0.23232,0.23232,0.23232,0.23232,0.23232,0.23232,0.23232,0.23232,0.23232,0.23232,0.23232,0.23232
0.25253,0.25253,0.25253,0.25253,0.25253,0.25253,0.25253,0.25253,0.25253,0.25253,0.25253,0.25253,0.25253,0.25253,0.25253,0.25253,0.25253,0.25253,0.25253,0.25253,0.25253,0.25253,0.25253,0.25253,0.25253,0.25253,0.25253,0.25253,0.25253,0.25253,0.25253,0.25253,0.25253,0.25253,0.25253,0.25253,0.25253,0.25253,0.25253,0.25253,0.25253,0.25253,0.25253,0.25253,0.25253,0.25253,0.25253,0.25253,0.25253,0.25253
0.27273,0.27273,0.27273,0.27273,0.27273,0.27273,0.27273,0.27273,0.27273,0.27273,0.27273,0.27273,0.27273,0.27273,0.27273,0.27273,0.27273,0.27273,0.27273,0.27273,0.27273,0.27273,0.27273,0.27273,0.27273,0.27273,0.27273,0.27273,0.27273,0.27273,0.27273,0.27273,0.27273,0.27273,0.27273,0.27273,0.27273,0.27273,0.27273,0.27273,0.27273,0.27273,0.27273,0.27273,0.27273,0.27273,0.27273,0.27273,0.27273,0.27273
0.29293,0.29293,0.29293,0.29293,0.29293,0.29293,0.29293,0.29293,0.29293,0.29293,0.29293,0.29293,0.29293,0.29293,0.29293,0.29293,0.29293,0.29293,0.29293,0.29293,0.29293,0.29293,0.29293,0.29293,0.29293,0.29293,0.29293,0.29293,0.29293,0.29293,0.29293,0.29293,0.29293,0.29293,0.29293,0.29293,0.29293,0.29293,0.29293,0.29293,0.29293,0.29293,0.29293,0.29293,0.29293,0.29293,0.29293,0.29293,0.29293,0.29293
0.31313,0.31313,0.31313,0.31313,0.31313,0.31313,0.31313,0.31313,0.31313,0.31313,0.31313,0.31313,0.31313,0.31313,0.31313,0.31313,0.31313,0.31313,0.31313,0.31313,0.31313,0.31313,0.31313,0.31313,0.31313,0.31313,0.31313,0.31313,0.31313,0.31313,0.31313,0.31313,0.31313,0.31313,0.31313,0.31313,0.31313,0.31313,0.31313,0.31313,0.31313,0.31313,0.31313,0.31313,0.31313,0.31313,0.31313,0.31313,0.31313,0.31313
0.33333,0.33333,0.33333,0.33333,0.33333,0.33333,0.33333,0.33333,0.33333,0.33333,0.33333,0.33333,0.33333,0.33333,0.33333,0.33333,0.33333,0.33333,0.33333,0.33333,0.33333,0.33333,0.33333,0.33333,0.33333,0.33333,0.33333,0.33333,0.33333,0.33333,0.33333,0.33333,0.33333,0.33333,0.33333,0.33333,0.33333,0.33333,0.33333,0.33333,0.33333,0.33333,0.33333,0.33333,0.33333,0.33333,0.33333,0.33333,0.33333,0.33333
0.35354,0.35354,0.35354,0.35354,0.35354,0.35354,0.35354,0.35354,0.35354,0.35354,0.35354,0.35354,0.35354,0.35354,0.35354,0.35354,0.35354,0.35354,0.35354,0.35354,0.35354,0.35354,0.35354,0.35354,0.35354,0.35354,0.35354,0.35354,0.35354,0.35354,0.35354,0.35354,0.35354,0.35354,0.35354,0.35354,0.35354,0.35354,0.35354,0.35354,0.35354,0.35354,0.35354,0.35354,0.35354,0.35354,0.35354,0.35354,0.35354,0.35354
0.37374,0.37374,0.37374,0.37374,0.37374,0.37374,0.37374,0.37374,0.37374,0.37374,0.37374,0.37374,0.37374,0.37374,0.37374,0.37374,0.37374,0.37374,0.37374,0.37374,0.37374,0.37374,0.37374,0.37374,0.37374,0.37374,0.37374,0.37374,0.37374,0.37374,0.37374,0.37374,0.37374,0.37374,0.37374,0.37374,0.37374,0.37374,0.37374,0.37374,0.37374,0.37374,0.37374,0.37374,0.37374,0.37374,0.37374,0.37374,0.37374,0.37374
0.39394,0.39394,0.39394,0.39394,0.39394,0.39394,0.39394,0.39394,0.39394,0.39394,0.39394,0.39394,0.39394,0.39394,0.39394,0.39394,0.39394,0.39394,0.39394,0.39394,0.39394,0.39394,0.39394,0.39394,0.39394,0.39394,0.39394,0.39394,0.39394,0.39394,0.39394,0.39394,0.39394,0.39394,0.39394,0.39394,0.39394,0.39394,0.39394,0.39394,0.39394,0.39394,0.39394,0.39394,0.39394,0.39394,0.39394,0.39394,0.39394,0.39394
0.41414,0.41414,0.41414,0.41414,0.41414,0.41414,0.41414,0.41414,0.41414,0.41414,0.41414,0.41414,0.41414,0.41414,0.41414,0.41414,0.41414,0.41414,0.41414,0.41414,0.41414,0.41414,0.41414,0.41414,0.41414,0.41414,0.41414,0.41414,0.41414,0.41414,0.41414,0.41414,0.41414,0.41414,0.41414,0.41414,0.41414,0.41414,0.41414,0.41414,0.41414,0.41414,0.41414,0.41414,0.41414,0.41414,0.41414,0.41414,0.41414,0.41414
0.43434,0.43434,0.43434,0.43434,0.43434,0.43434,0.43434,0.43434,0.43434,0.43434,0.43434,0.43434,0.43434,0.43434,0.43434,0.43434,0.43434,0.43434,0.43434,0.43434,0.43434,0.43434,0.43434,0.43434,0.43434,0.43434,0.43434,0.43434,0.43434,0.43434,0.43434,0.43434,0.43434,0.43434,0.43434,0.43434,0.43434,0.43434,0.43434,0.43434,0.43434,0.43434,0.43434,0.43434,0.43434,0.43434,0.43434,0.43434,0.43434,0.43434
0.45455,0.45455,0.45455,0.45455,0.45455,0.45455,0.45455,0.45455,0.45455,0.45455,0.45455,0.45455,0.45455,0.45455,0.45455,0.45455,0.45455,0.45455,0.45455,0.45455,0.45455,0.45455,0.45455,0.45455,0.45455,0.45455,0.45455,0.45455,0.45455,0.45455,0.45455,0.45455,0.45455,0.45455,0.45455,0.45455,0.45455,0.45455,0.45455,0.45455,0.45455,0.45455,0.45455,0.45455,0.45455,0.45455,0.45455,0.45455,0.45455,0.45455
0.47475,0.47475,0.47475,0.47475,0.47475,0.47475,0.47475,0.47475,0.47475,0.47475,0.47475,0.47475,0.47475,0.47475,0.47475,0.47475,0.47475,0.47475,0.47475,0.47475,0.47475,0.47475,0.47475,0.47475,0.47475,0.47475,0.47475,0.47475,0.47475,0.47475,0.47475,0.47475,0.47475,0.47475,0.47475,0.47475,0.47475,0.47475,0.47475,0.47475,0.47475,0.47475,0.47475,0.47475,0.47475,0.47475,0.47475,0.47475,0.47475,0.47475
0.49495,0.49495,0.49495,0.49495,0.49495,0.49495,0.49495,0.49495,0.49495,0.49495,0.49495,0.49495,0.49495,0.49495,0.49495,0.49495,0.49495,0.49495,0.49495,0.49495,0.49495,0.49495,0.49495,0.49495,0.49495,0.49495,0.49495,0.49495,0.49495,0.49495,0.49495,0.49495,0.49495,0.49495,0.49495,0.49495,0.49495,0.49495,0.49495,0.49495,0.49495,0.49495,0.49495,0.49495,0.49495,0.49495,0.49495,0.49495,0.49495,0.49495
0.51515,0.51515,0.51515,0.51515,0.51515,0.51515,0.51515,0.51515,0.51515,0.51515,0.51515,0.51515,0.51515,0.51515,0.51515,0.51515,0.51515,0.51515,0.51515,0.51515,0.51515,0.51515,0.51515,0.51515,0.51515,0.51515,0.51515,0.51515,0.51515,0.51515,0.51515,0.51515,0.51515,0.51515,0.51515,0.51515,0.51515,0.51515,0.51515,0.51515,0.51515,0.51515,0.51515,0.51515,0.51515,0.51515,0.51515,0.51515,0.51515,0.51515
0.53535,0.53535,0.53535,0.53535,0.53535,0.53535,0.53535,0.53535,0.53535,0.53535,0.53535,0.53535,0.53535,0.53535,0.53535,0.53535,0.53535,0.53535,0.53535,0.53535,0.53535,0.53535,0.53535,0.53535,0.53535,0.53535,0.53535,0.53535,0.53535,0.53535,0.53535,0.53535,0.53535,0.53535,0.53535,0.53535,0.53535,0.53535,0.53535,0.53535,0.53535,0.53535,0.53535,0.53535,0.53535,0.53535,0.53535,0.53535,0.53535,0.53535
0.55556,0.55556,0.55556,0.55556,0.55556,0.55556,0.55556,0.55556,0.55556,0.55556,0.55556,0.55556,0.55556,0.55556,0.55556,0.55556,0.55556,0.55556,0.55556,0.55556,0.55556,0.55556,0.55556,0.55556,0.55556,0.55556,0.55556,0.55556,0.55556,0.55556,0.55556,0.55556,0.55556,0.55556,0.55556,0.55556,0.55556,0.55556,0.55556,0.55556,0.55556,0.55556,0.55556,0.55556,0.55556,0.55556,0.55556,0.55556,0.55556,0.55556
0.57576,0.57576,0.57576,0.57576,0.57576,0.57576,0.57576,0.57576,0.57576,0.57576,0.57576,0.57576,0.57576,0.57576,0.57576,0.57576,0.57576,0.57576,0.57576,0.57576,0.57576,0.57576,0.57576,0.57576,0.57576,0.57576,0.57576,0.57576,0.57576,0.57576,0.57576,0.57576,0.57576,0.57576,0.57576,0.57576,0.57576,0.57576,0.57576,0.57576,0.57576,0.57576,0.57576,0.57576,0.57576,0.57576,0.57576,0.57576,0.57576,0.57576
0.59596,0.59596,0.59596,0.59596,0.59596,0.59596,0.59596,0.59596,0.59596,0.59596,0.59596,0.59596,0.59596,0.59596,0.59596,0.59596,0.59596,0.59596,0.59596,0.59596,0.59596,0.59596,0.59596,0.59596,0.59596,0.59596,0.59596,0.59596,0.59596,0.59596,0.59596,0.59596,0.59596,0.59596,0.59596,0.59596,0.59596,0.59596,0.59596,0.59596,0.59596,0.59596,0.59596,0.59596,0.59596,0.59596,0.59596,0.59596,0.59596,0.59596
0.61616,0.61616,0.61616,0.61616,0.61616,0.61616,0.61616,0.61616,0.61616,0.61616,0.61616,0.61616,0.61616,0.61616,0.61616,0.61616,0.61616,0.61616,0.61616,0.61616,0.61616,0.61616,0.61616,0.61616,0.61616,0.61616,0.61616,0.61616,0.61616,0.61616,0.61616,0.61616,0.61616,0.61616,0.61616,0.61616,0.61616,0.61616,0.61616,0.61616,0.61616,0.61616,0.61616,0.61616,0.61616,0.61616,0.61616,0.61616,0.61616,0.61616
0.63636,0.63636,0.63636,0.63636,0.63636,0.63636,0.63636,0.63636,0.63636,0.63636,0.63636,0.63636,0.63636,0.63636,0.63636,0.63636,0.63636,0.63636,0.63636,0.63636,0.63636,0.63636,0.63636,0.63636,0.63636,0.63636,0.63636,0.63636,0.63636,0.63636,0.63636,0.63636,0.63636,0.63636,0.63636,0.63636,0.63636,0.63636,0.63636,0.63636,0.63636,0.63636,0.63636,0.63636,0.63636,0.63636,0.63636,0.63636,0.63636,0.63636
0.65657,0.65657,0.65657,0.65657,0.65657,0.65657,0.65657,0.65657,0.65657,0.65657,0.65657,0.65657,0.65657,0.65657,0.65657,0.65657,0.65657,0.65657,0.65657,0.65657,0.65657,0.65657,0.65657,0.65657,0.65657,0.65657,0.65657,0.65657,0.65657,0.65657,0.65657,0.65657,0.65657,0.65657,0.65657,0.65657,0.65657,0.65657,0.65657,0.65657,0.65657,0.65657,0.65657,0.65657,0.65657,0.65657,0.65657,0.65657,0.65657,0.65657
0.67677,0.67677,0.67677,0.67677,0.67677,0.67677,0.67677,0.67677,0.67677,0.67677,0.67677,0.67677,0.67677,0.67677,0.67677,0.67677,0.67677,0.67677,0.67677,0.67677,0.67677,0.67677,0.67677,0.67677,0.67677,0.67677,0.67677,0.67677,0.67677,0.67677,0.67677,0.67677,0.67677,0.67677,0.67677,0.67677,0.67677,0.67677,0.67677,0.67677,0.67677,0.67677,0.67677,0.67677,0.67677,0.67677,0.67677,0.67677,0.67677,0.67677
0.69697,0.69697,0.69697,0.69697,0.69697,0.69697,0.69697,0.69697,0.69697,0.69697,0.69697,0.69697,0.69697,0.69697,0.69697,0.69697,0.69697,0.69697,0.69697,0.69697,0.69697,0.69697,0.69697,0.69697,0.69697,0.69697,0.69697,0.69697,0.69697,0.69697,0.69697,0.69697,0.69697,0.69697,0.69697,0.69697,0.69697,0.69697,0.69697,0.69697,0.69697,0.69697,0.69697,0.69697,0.69697,0.69697,0.69697,0.69697,0.69697,0.69697
0.71717,0.71717,0.71717,0.71717,0.71717,0.71717,0.71717,0.71717,0.71717,0.71717,0.71717,0.71717,0.71717,0.71717,0.71717,0.71717,0.71717,0.71717,0.71717,0.71717,0.71717,0.71717,0.71717,0.71717,0.71717,0.71717,0.71717,0.71717,0.71717,0.71717,0.71717,0.71717,0.71717,0.71717,0.71717,0.71717,0.71717,0.71717,0.71717,0.71717,0.71717,0.71717,0.71717,0.71717,0.71717,0.71717,0.71717,0.71717,0.71717,0.71717
0.73737,0.73737,0.73737,0.73737,0.73737,0.73737,0.73737,0.73737,0.73737,0.73737,0.73737,0.73737,0.73737,0.73737,0.73737,0.73737,0.73737,0.73737,0.73737,0.73737,0.73737,0.73737,0.73737,0.73737,0.73737,0.73737,0.73737,0.73737,0.73737,0.73737,0.73737,0.73737,0.73737,0.73737,0.73737,0.73737,0.73737,0.73737,0.73737,0.73737,0.73737,0.73737,0.73737,0.73737,0.73737,0.73737,0.73737,0.73737,0.73737,0.73737
0.75758,0.75758,0.75758,0.75758,0.75758,0.75758,0.75758,0.75758,0.75758,0.75758,0.75758,0.75758,0.75758,0.75758,0.75758,0.75758,0.75758,0.75758,0.75758,0.75758,0.75758,0.75758,0.75758,0.75758,0.75758,0.75758,0.75758,0.75758,0.75758,0.75758,0.75758,0.75758,0.75758,0.75758,0.75758,0.75758,0.75758,0.75758,0.75758,0.75758,0.75758,0.75758,0.75758,0.75758,0.75758,0.75758,0.75758,0.75758,0.75758,0.75758
0.77778,0.77778,0.77778,0.77778,0.77778,0.77778,0.77778,0.77778,0.77778,0.77778,0.77778,0.77778,0.77778,0.77778,0.77778,0.77778,0.77778,0.77778,0.77778,0.77778,0.77778,0.77778,0.77778,0.77778,0.77778,0.77778,0.77778,0.77778,0.77778,0.77778,0.77778,0.77778,0.77778,0.77778,0.77778,0.77778,0.77778,0.77778,0.77778,0.77778,0.77778,0.77778,0.77778,0.77778,0.77778,0.77778,0.77778,0.77778,0.77778,0.77778
0.79798,0.79798,0.79798,0.79798,0.79798,0.79798,0.79798,0.79798,0.79798,0.79798,0.79798,0.79798,0.79798,0.79798,0.79798,0.79798,0.79798,0.79798,0.79798,0.79798,0.79798,0.79798,0.79798,0.79798,0.79798,0.79798,0.79798,0.79798,0.79798,0.79798,0.79798,0.79798,0.79798,0.79798,0.79798,0.79798,0.79798,0.79798,0.79798,0.79798,0.79798,0.79798,0.79798,0.79798,0.79798,0.79798,0.79798,0.79798,0.79798,0.79798
0.81818,0.81818,0.81818,0.81818,0.81818,0.81818,0.81818,0.81818,0.81818,0.81818,0.81818,0.81818,0.81818,0.81818,0.81818,0.81818,0.81818,0.81818,0.81818,0.81818,0.81818,0.81818,0.81818,0.81818,0.81818,0.81818,0.81818,0.81818,0.81818,0.81818,0.81818,0.81818,0.81818,0.81818,0.81818,0.81818,0.81818,0.81818,0.81818,0.81818,0.81818,0.81818,0.81818,0.81818,0.81818,0.81818,0.81818,0.81818,0.81818,0.81818
0.83838,0.83838,0.83838,0.83838,0.83838,0.83838,0.83838,0.83838,0.83838,0.83838,0.83838,0.83838,0.83838,0.83838,0.83838,0.83838,0.83838,0.83838,0.83838,0.83838,0.83838,0.83838,0.83838,0.83838,0.83838,0.83838,0.83838,0.83838,0.83838,0.83838,0.83838,0.83838,0.83838,0.83838,0.83838,0.83838,0.83838,0.83838,0.83838,0.83838,0.83838,0.83838,0.83838,0.83838,0.83838,0.83838,0.83838,0.83838,0.83838,0.83838
0.85859,0.85859,0.85859,0.85859,0.85859,0.85859,0.85859,0.85859,0.85859,0.85859,0.85859,0.85859,0.85859,0.85859,0.85859,0.85859,0.85859,0.85859,0.85859,0.85859,0.85859,0.85859,0.85859,0.85859,0.85859,0.85859,0.85859,0.85859,0.85859,0.85859,0.85859,0.85859,0.85859,0.85859,0.85859,0.85859,0.85859,0.85859,0.85859,0.85859,0.85859,0.85859,0.85859,0.85859,0.85859,0.85859,0.85859,0.85859,0.85859,0.85859
0.87879,0.87879,0.87879,0.87879,0.87879,0.87879,0.87879,0.87879,0.87879,0.87879,0.87879,0.87879,0.87879,0.87879,0.87879,0.87879,0.87879,0.87879,0.87879,0.87879,0.87879,0.87879,0.87879,0.87879,0.87879,0.87879,0.87879,0.87879,0.87879,0.87879,0.87879,0.87879,0.87879,0.87879,0.87879,0.87879,0.87879,0.87879,0.87879,0.87879,0.87879,0.87879,0.87879,0.87879,0.87879,0.87879,0.87879,0.87879,0.87879,0.87879
0.89899,0.89899,0.89899,0.89899,0.89899,0.89899,0.89899,0.89899,0.89899,0.89899,0.89899,0.89899,0.89899,0.89899,0.89899,0.89899,0.89899,0.89899,0.89899,0.89899,0.89899,0.89899,0.89899,0.89899,0.89899,0.89899,0.89899,0.89899,0.89899,0.89899,0.89899,0.89899,0.89899,0.89899,0.89899,0.89899,0.89899,0.89899,0.89899,0.89899,0.89899,0.89899,0.89899,0.89899,0.89899,0.89899,0.89899,0.89899,0.89899,0.89899
0.91919,0.91919,0.91919,0.91919,0.91919,0.91919,0.91919,0.91919,0.91919,0.91919,0.91919,0.91919,0.91919,0.91919,0.91919,0.91919,0.91919,0.91919,0.91919,0.91919,0.91919,0.91919,0.91919,0.91919,0.91919,0.91919,0.91919,0.91919,0.91919,0.91919,0.91919,0.91919,0.91919,0.91919,0.91919,0.91919,0.91919,0.91919,0.91919,0.91919,0.91919,0.91919,0.91919,0.91919,0.91919,0.91919,0.91919,0.91919,0.91919,0.91919
0.93939,0.93939,0.93939,0.93939,0.93939,0.93939,0.93939,0.93939,0.93939,0.93939,0.93939,0.93939,0.93939,0.93939,0.93939,0.93939,0.93939,0.93939,0.93939,0.93939,0.93939,0.93939,0.93939,0.93939,0.93939,0.93939,0.93939,0.93939,0.93939,0.93939,0.93939,0.93939,0.93939,0.93939,0.93939,0.93939,0.93939,0.93939,0.93939,0.93939,0.93939,0.93939,0.93939,0.93939,0.93939,0.93939,0.93939,0.93939,0.93939,0.93939
0.9596,0.9596,0.9596,0.9596,0.9596,0.9596,0.9596,0.9596,0.9596,0.9596,0.9596,0.9596,0.9596,0.9596,0.9596,0.9596,0.9596,0.9596,0.9596,0.9596,0.9596,0.9596,0.9596,0.9596,0.9596,0.9596,0.9596,0.9596,0.9596,0.9596,0.9596,0.9596,0.9596,0.9596,0.9596,0.9596,0.9596,0.9596,0.9596,0.9596,0.9596,0.9596,0.9596,0.9596,0.9596,0.9596,0.9596,0.9596,0.9596,0.9596
0.9798,0.9798,0.9798,0.9798,0.9798,0.9798,0.9798,0.9798,0.9798,0.9798,0.9798,0.9798,0.9798,0.9798,0.9798,0.9798,0.9798,0.9798,0.9798,0.9798,0.9798,0.9798,0.9798,0.9798,0.9798,0.9798,0.9798,0.9798,0.9798,0.9798,0.9798,0.9798,0.9798,0.9798,0.9798,0.9798,0.9798,0.9798,0.9798,0.9798,0.9798,0.9798,0.9798,0.9798,0.9798,0.9798,0.9798,0.9798,0.9798,0.9798
1,1,1,1,1,1,1,1,1,1,1,1,1,1,1,1,1,1,1,1,1,1,1,1,1,1,1,1,1,1,1,1,1,1,1,1,1,1,1,1,1,1,1,1,1,1,1,1,1,1
1.0202,1.0202,1.0202,1.0202,1.0202,1.0202,1.0202,1.0202,1.0202,1.0202,1.0202,1.0202,1.0202,1.0202,1.0202,1.0202,1.0202,1.0202,1.0202,1.0202,1.0202,1.0202,1.0202,1.0202,1.0202,1.0202,1.0202,1.0202,1.0202,1.0202,1.0202,1.0202,1.0202,1.0202,1.0202,1.0202,1.0202,1.0202,1.0202,1.0202,1.0202,1.0202,1.0202,1.0202,1.0202,1.0202,1.0202,1.0202,1.0202,1.0202
1.0404,1.0404,1.0404,1.0404,1.0404,1.0404,1.0404,1.0404,1.0404,1.0404,1.0404,1.0404,1.0404,1.0404,1.0404,1.0404,1.0404,1.0404,1.0404,1.0404,1.0404,1.0404,1.0404,1.0404,1.0404,1.0404,1.0404,1.0404,1.0404,1.0404,1.0404,1.0404,1.0404,1.0404,1.0404,1.0404,1.0404,1.0404,1.0404,1.0404,1.0404,1.0404,1.0404,1.0404,1.0404,1.0404,1.0404,1.0404,1.0404,1.0404
1.0606,1.0606,1.0606,1.0606,1.0606,1.0606,1.0606,1.0606,1.0606,1.0606,1.0606,1.0606,1.0606,1.0606,1.0606,1.0606,1.0606,1.0606,1.0606,1.0606,1.0606,1.0606,1.0606,1.0606,1.0606,1.0606,1.0606,1.0606,1.0606,1.0606,1.0606,1.0606,1.0606,1.0606,1.0606,1.0606,1.0606,1.0606,1.0606,1.0606,1.0606,1.0606,1.0606,1.0606,1.0606,1.0606,1.0606,1.0606,1.0606,1.0606
1.0808,1.0808,1.0808,1.0808,1.0808,1.0808,1.0808,1.0808,1.0808,1.0808,1.0808,1.0808,1.0808,1.0808,1.0808,1.0808,1.0808,1.0808,1.0808,1.0808,1.0808,1.0808,1.0808,1.0808,1.0808,1.0808,1.0808,1.0808,1.0808,1.0808,1.0808,1.0808,1.0808,1.0808,1.0808,1.0808,1.0808,1.0808,1.0808,1.0808,1.0808,1.0808,1.0808,1.0808,1.0808,1.0808,1.0808,1.0808,1.0808,1.0808
1.101,1.101,1.101,1.101,1.101,1.101,1.101,1.101,1.101,1.101,1.101,1.101,1.101,1.101,1.101,1.101,1.101,1.101,1.101,1.101,1.101,1.101,1.101,1.101,1.101,1.101,1.101,1.101,1.101,1.101,1.101,1.101,1.101,1.101,1.101,1.101,1.101,1.101,1.101,1.101,1.101,1.101,1.101,1.101,1.101,1.101,1.101,1.101,1.101,1.101
1.1212,1.1212,1.1212,1.1212,1.1212,1.1212,1.1212,1.1212,1.1212,1.1212,1.1212,1.1212,1.1212,1.1212,1.1212,1.1212,1.1212,1.1212,1.1212,1.1212,1.1212,1.1212,1.1212,1.1212,1.1212,1.1212,1.1212,1.1212,1.1212,1.1212,1.1212,1.1212,1.1212,1.1212,1.1212,1.1212,1.1212,1.1212,1.1212,1.1212,1.1212,1.1212,1.1212,1.1212,1.1212,1.1212,1.1212,1.1212,1.1212,1.1212
1.1414,1.1414,1.1414,1.1414,1.1414,1.1414,1.1414,1.1414,1.1414,1.1414,1.1414,1.1414,1.1414,1.1414,1.1414,1.1414,1.1414,1.1414,1.1414,1.1414,1.1414,1.1414,1.1414,1.1414,1.1414,1.1414,1.1414,1.1414,1.1414,1.1414,1.1414,1.1414,1.1414,1.1414,1.1414,1.1414,1.1414,1.1414,1.1414,1.1414,1.1414,1.1414,1.1414,1.1414,1.1414,1.1414,1.1414,1.1414,1.1414,1.1414
1.1616,1.1616,1.1616,1.1616,1.1616,1.1616,1.1616,1.1616,1.1616,1.1616,1.1616,1.1616,1.1616,1.1616,1.1616,1.1616,1.1616,1.1616,1.1616,1.1616,1.1616,1.1616,1.1616,1.1616,1.1616,1.1616,1.1616,1.1616,1.1616,1.1616,1.1616,1.1616,1.1616,1.1616,1.1616,1.1616,1.1616,1.1616,1.1616,1.1616,1.1616,1.1616,1.1616,1.1616,1.1616,1.1616,1.1616,1.1616,1.1616,1.1616
1.1818,1.1818,1.1818,1.1818,1.1818,1.1818,1.1818,1.1818,1.1818,1.1818,1.1818,1.1818,1.1818,1.1818,1.1818,1.1818,1.1818,1.1818,1.1818,1.1818,1.1818,1.1818,1.1818,1.1818,1.1818,1.1818,1.1818,1.1818,1.1818,1.1818,1.1818,1.1818,1.1818,1.1818,1.1818,1.1818,1.1818,1.1818,1.1818,1.1818,1.1818,1.1818,1.1818,1.1818,1.1818,1.1818,1.1818,1.1818,1.1818,1.1818
1.202,1.202,1.202,1.202,1.202,1.202,1.202,1.202,1.202,1.202,1.202,1.202,1.202,1.202,1.202,1.202,1.202,1.202,1.202,1.202,1.202,1.202,1.202,1.202,1.202,1.202,1.202,1.202,1.202,1.202,1.202,1.202,1.202,1.202,1.202,1.202,1.202,1.202,1.202,1.202,1.202,1.202,1.202,1.202,1.202,1.202,1.202,1.202,1.202,1.202
1.2222,1.2222,1.2222,1.2222,1.2222,1.2222,1.2222,1.2222,1.2222,1.2222,1.2222,1.2222,1.2222,1.2222,1.2222,1.2222,1.2222,1.2222,1.2222,1.2222,1.2222,1.2222,1.2222,1.2222,1.2222,1.2222,1.2222,1.2222,1.2222,1.2222,1.2222,1.2222,1.2222,1.2222,1.2222,1.2222,1.2222,1.2222,1.2222,1.2222,1.2222,1.2222,1.2222,1.2222,1.2222,1.2222,1.2222,1.2222,1.2222,1.2222
1.2424,1.2424,1.2424,1.2424,1.2424,1.2424,1.2424,1.2424,1.2424,1.2424,1.2424,1.2424,1.2424,1.2424,1.2424,1.2424,1.2424,1.2424,1.2424,1.2424,1.2424,1.2424,1.2424,1.2424,1.2424,1.2424,1.2424,1.2424,1.2424,1.2424,1.2424,1.2424,1.2424,1.2424,1.2424,1.2424,1.2424,1.2424,1.2424,1.2424,1.2424,1.2424,1.2424,1.2424,1.2424,1.2424,1.2424,1.2424,1.2424,1.2424
1.2626,1.2626,1.2626,1.2626,1.2626,1.2626,1.2626,1.2626,1.2626,1.2626,1.2626,1.2626,1.2626,1.2626,1.2626,1.2626,1.2626,1.2626,1.2626,1.2626,1.2626,1.2626,1.2626,1.2626,1.2626,1.2626,1.2626,1.2626,1.2626,1.2626,1.2626,1.2626,1.2626,1.2626,1.2626,1.2626,1.2626,1.2626,1.2626,1.2626,1.2626,1.2626,1.2626,1.2626,1.2626,1.2626,1.2626,1.2626,1.2626,1.2626
1.2828,1.2828,1.2828,1.2828,1.2828,1.2828,1.2828,1.2828,1.2828,1.2828,1.2828,1.2828,1.2828,1.2828,1.2828,1.2828,1.2828,1.2828,1.2828,1.2828,1.2828,1.2828,1.2828,1.2828,1.2828,1.2828,1.2828,1.2828,1.2828,1.2828,1.2828,1.2828,1.2828,1.2828,1.2828,1.2828,1.2828,1.2828,1.2828,1.2828,1.2828,1.2828,1.2828,1.2828,1.2828,1.2828,1.2828,1.2828,1.2828,1.2828
1.303,1.303,1.303,1.303,1.303,1.303,1.303,1.303,1.303,1.303,1.303,1.303,1.303,1.303,1.303,1.303,1.303,1.303,1.303,1.303,1.303,1.303,1.303,1.303,1.303,1.303,1.303,1.303,1.303,1.303,1.303,1.303,1.303,1.303,1.303,1.303,1.303,1.303,1.303,1.303,1.303,1.303,1.303,1.303,1.303,1.303,1.303,1.303,1.303,1.303
1.3232,1.3232,1.3232,1.3232,1.3232,1.3232,1.3232,1.3232,1.3232,1.3232,1.3232,1.3232,1.3232,1.3232,1.3232,1.3232,1.3232,1.3232,1.3232,1.3232,1.3232,1.3232,1.3232,1.3232,1.3232,1.3232,1.3232,1.3232,1.3232,1.3232,1.3232,1.3232,1.3232,1.3232,1.3232,1.3232,1.3232,1.3232,1.3232,1.3232,1.3232,1.3232,1.3232,1.3232,1.3232,1.3232,1.3232,1.3232,1.3232,1.3232
1.3434,1.3434,1.3434,1.3434,1.3434,1.3434,1.3434,1.3434,1.3434,1.3434,1.3434,1.3434,1.3434,1.3434,1.3434,1.3434,1.3434,1.3434,1.3434,1.3434,1.3434,1.3434,1.3434,1.3434,1.3434,1.3434,1.3434,1.3434,1.3434,1.3434,1.3434,1.3434,1.3434,1.3434,1.3434,1.3434,1.3434,1.3434,1.3434,1.3434,1.3434,1.3434,1.3434,1.3434,1.3434,1.3434,1.3434,1.3434,1.3434,1.3434
1.3636,1.3636,1.3636,1.3636,1.3636,1.3636,1.3636,1.3636,1.3636,1.3636,1.3636,1.3636,1.3636,1.3636,1.3636,1.3636,1.3636,1.3636,1.3636,1.3636,1.3636,1.3636,1.3636,1.3636,1.3636,1.3636,1.3636,1.3636,1.3636,1.3636,1.3636,1.3636,1.3636,1.3636,1.3636,1.3636,1.3636,1.3636,1.3636,1.3636,1.3636,1.3636,1.3636,1.3636,1.3636,1.3636,1.3636,1.3636,1.3636,1.3636
1.3838,1.3838,1.3838,1.3838,1.3838,1.3838,1.3838,1.3838,1.3838,1.3838,1.3838,1.3838,1.3838,1.3838,1.3838,1.3838,1.3838,1.3838,1.3838,1.3838,1.3838,1.3838,1.3838,1.3838,1.3838,1.3838,1.3838,1.3838,1.3838,1.3838,1.3838,1.3838,1.3838,1.3838,1.3838,1.3838,1.3838,1.3838,1.3838,1.3838,1.3838,1.3838,1.3838,1.3838,1.3838,1.3838,1.3838,1.3838,1.3838,1.3838
1.404,1.404,1.404,1.404,1.404,1.404,1.404,1.404,1.404,1.404,1.404,1.404,1.404,1.404,1.404,1.404,1.404,1.404,1.404,1.404,1.404,1.404,1.404,1.404,1.404,1.404,1.404,1.404,1.404,1.404,1.404,1.404,1.404,1.404,1.404,1.404,1.404,1.404,1.404,1.404,1.404,1.404,1.404,1.404,1.404,1.404,1.404,1.404,1.404,1.404
1.4242,1.4242,1.4242,1.4242,1.4242,1.4242,1.4242,1.4242,1.4242,1.4242,1.4242,1.4242,1.4242,1.4242,1.4242,1.4242,1.4242,1.4242,1.4242,1.4242,1.4242,1.4242,1.4242,1.4242,1.4242,1.4242,1.4242,1.4242,1.4242,1.4242,1.4242,1.4242,1.4242,1.4242,1.4242,1.4242,1.4242,1.4242,1.4242,1.4242,1.4242,1.4242,1.4242,1.4242,1.4242,1.4242,1.4242,1.4242,1.4242,1.4242
1.4444,1.4444,1.4444,1.4444,1.4444,1.4444,1.4444,1.4444,1.4444,1.4444,1.4444,1.4444,1.4444,1.4444,1.4444,1.4444,1.4444,1.4444,1.4444,1.4444,1.4444,1.4444,1.4444,1.4444,1.4444,1.4444,1.4444,1.4444,1.4444,1.4444,1.4444,1.4444,1.4444,1.4444,1.4444,1.4444,1.4444,1.4444,1.4444,1.4444,1.4444,1.4444,1.4444,1.4444,1.4444,1.4444,1.4444,1.4444,1.4444,1.4444
1.4646,1.4646,1.4646,1.4646,1.4646,1.4646,1.4646,1.4646,1.4646,1.4646,1.4646,1.4646,1.4646,1.4646,1.4646,1.4646,1.4646,1.4646,1.4646,1.4646,1.4646,1.4646,1.4646,1.4646,1.4646,1.4646,1.4646,1.4646,1.4646,1.4646,1.4646,1.4646,1.4646,1.4646,1.4646,1.4646,1.4646,1.4646,1.4646,1.4646,1.4646,1.4646,1.4646,1.4646,1.4646,1.4646,1.4646,1.4646,1.4646,1.4646
1.4848,1.4848,1.4848,1.4848,1.4848,1.4848,1.4848,1.4848,1.4848,1.4848,1.4848,1.4848,1.4848,1.4848,1.4848,1.4848,1.4848,1.4848,1.4848,1.4848,1.4848,1.4848,1.4848,1.4848,1.4848,1.4848,1.4848,1.4848,1.4848,1.4848,1.4848,1.4848,1.4848,1.4848,1.4848,1.4848,1.4848,1.4848,1.4848,1.4848,1.4848,1.4848,1.4848,1.4848,1.4848,1.4848,1.4848,1.4848,1.4848,1.4848
1.5051,1.5051,1.5051,1.5051,1.5051,1.5051,1.5051,1.5051,1.5051,1.5051,1.5051,1.5051,1.5051,1.5051,1.5051,1.5051,1.5051,1.5051,1.5051,1.5051,1.5051,1.5051,1.5051,1.5051,1.5051,1.5051,1.5051,1.5051,1.5051,1.5051,1.5051,1.5051,1.5051,1.5051,1.5051,1.5051,1.5051,1.5051,1.5051,1.5051,1.5051,1.5051,1.5051,1.5051,1.5051,1.5051,1.5051,1.5051,1.5051,1.5051
1.5253,1.5253,1.5253,1.5253,1.5253,1.5253,1.5253,1.5253,1.5253,1.5253,1.5253,1.5253,1.5253,1.5253,1.5253,1.5253,1.5253,1.5253,1.5253,1.5253,1.5253,1.5253,1.5253,1.5253,1.5253,1.5253,1.5253,1.5253,1.5253,1.5253,1.5253,1.5253,1.5253,1.5253,1.5253,1.5253,1.5253,1.5253,1.5253,1.5253,1.5253,1.5253,1.5253,1.5253,1.5253,1.5253,1.5253,1.5253,1.5253,1.5253
1.5455,1.5455,1.5455,1.5455,1.5455,1.5455,1.5455,1.5455,1.5455,1.5455,1.5455,1.5455,1.5455,1.5455,1.5455,1.5455,1.5455,1.5455,1.5455,1.5455,1.5455,1.5455,1.5455,1.5455,1.5455,1.5455,1.5455,1.5455,1.5455,1.5455,1.5455,1.5455,1.5455,1.5455,1.5455,1.5455,1.5455,1.5455,1.5455,1.5455,1.5455,1.5455,1.5455,1.5455,1.5455,1.5455,1.5455,1.5455,1.5455,1.5455
1.5657,1.5657,1.5657,1.5657,1.5657,1.5657,1.5657,1.5657,1.5657,1.5657,1.5657,1.5657,1.5657,1.5657,1.5657,1.5657,1.5657,1.5657,1.5657,1.5657,1.5657,1.5657,1.5657,1.5657,1.5657,1.5657,1.5657,1.5657,1.5657,1.5657,1.5657,1.5657,1.5657,1.5657,1.5657,1.5657,1.5657,1.5657,1.5657,1.5657,1.5657,1.5657,1.5657,1.5657,1.5657,1.5657,1.5657,1.5657,1.5657,1.5657
1.5859,1.5859,1.5859,1.5859,1.5859,1.5859,1.5859,1.5859,1.5859,1.5859,1.5859,1.5859,1.5859,1.5859,1.5859,1.5859,1.5859,1.5859,1.5859,1.5859,1.5859,1.5859,1.5859,1.5859,1.5859,1.5859,1.5859,1.5859,1.5859,1.5859,1.5859,1.5859,1.5859,1.5859,1.5859,1.5859,1.5859,1.5859,1.5859,1.5859,1.5859,1.5859,1.5859,1.5859,1.5859,1.5859,1.5859,1.5859,1.5859,1.5859
1.6061,1.6061,1.6061,1.6061,1.6061,1.6061,1.6061,1.6061,1.6061,1.6061,1.6061,1.6061,1.6061,1.6061,1.6061,1.6061,1.6061,1.6061,1.6061,1.6061,1.6061,1.6061,1.6061,1.6061,1.6061,1.6061,1.6061,1.6061,1.6061,1.6061,1.6061,1.6061,1.6061,1.6061,1.6061,1.6061,1.6061,1.6061,1.6061,1.6061,1.6061,1.6061,1.6061,1.6061,1.6061,1.6061,1.6061,1.6061,1.6061,1.6061
1.6263,1.6263,1.6263,1.6263,1.6263,1.6263,1.6263,1.6263,1.6263,1.6263,1.6263,1.6263,1.6263,1.6263,1.6263,1.6263,1.6263,1.6263,1.6263,1.6263,1.6263,1.6263,1.6263,1.6263,1.6263,1.6263,1.6263,1.6263,1.6263,1.6263,1.6263,1.6263,1.6263,1.6263,1.6263,1.6263,1.6263,1.6263,1.6263,1.6263,1.6263,1.6263,1.6263,1.6263,1.6263,1.6263,1.6263,1.6263,1.6263,1.6263
1.6465,1.6465,1.6465,1.6465,1.6465,1.6465,1.6465,1.6465,1.6465,1.6465,1.6465,1.6465,1.6465,1.6465,1.6465,1.6465,1.6465,1.6465,1.6465,1.6465,1.6465,1.6465,1.6465,1.6465,1.6465,1.6465,1.6465,1.6465,1.6465,1.6465,1.6465,1.6465,1.6465,1.6465,1.6465,1.6465,1.6465,1.6465,1.6465,1.6465,1.6465,1.6465,1.6465,1.6465,1.6465,1.6465,1.6465,1.6465,1.6465,1.6465
1.6667,1.6667,1.6667,1.6667,1.6667,1.6667,1.6667,1.6667,1.6667,1.6667,1.6667,1.6667,1.6667,1.6667,1.6667,1.6667,1.6667,1.6667,1.6667,1.6667,1.6667,1.6667,1.6667,1.6667,1.6667,1.6667,1.6667,1.6667,1.6667,1.6667,1.6667,1.6667,1.6667,1.6667,1.6667,1.6667,1.6667,1.6667,1.6667,1.6667,1.6667,1.6667,1.6667,1.6667,1.6667,1.6667,1.6667,1.6667,1.6667,1.6667
1.6869,1.6869,1.6869,1.6869,1.6869,1.6869,1.6869,1.6869,1.6869,1.6869,1.6869,1.6869,1.6869,1.6869,1.6869,1.6869,1.6869,1.6869,1.6869,1.6869,1.6869,1.6869,1.6869,1.6869,1.6869,1.6869,1.6869,1.6869,1.6869,1.6869,1.6869,1.6869,1.6869,1.6869,1.6869,1.6869,1.6869,1.6869,1.6869,1.6869,1.6869,1.6869,1.6869,1.6869,1.6869,1.6869,1.6869,1.6869,1.6869,1.6869
1.7071,1.7071,1.7071,1.7071,1.7071,1.7071,1.7071,1.7071,1.7071,1.7071,1.7071,1.7071,1.7071,1.7071,1.7071,1.7071,1.7071,1.7071,1.7071,1.7071,1.7071,1.7071,1.7071,1.7071,1.7071,1.7071,1.7071,1.7071,1.7071,1.7071,1.7071,1.7071,1.7071,1.7071,1.7071,1.7071,1.7071,1.7071,1.7071,1.7071,1.7071,1.7071,1.7071,1.7071,1.7071,1.7071,1.7071,1.7071,1.7071,1.7071
1.7273,1.7273,1.7273,1.7273,1.7273,1.7273,1.7273,1.7273,1.7273,1.7273,1.7273,1.7273,1.7273,1.7273,1.7273,1.7273,1.7273,1.7273,1.7273,1.7273,1.7273,1.7273,1.7273,1.7273,1.7273,1.7273,1.7273,1.7273,1.7273,1.7273,1.7273,1.7273,1.7273,1.7273,1.7273,1.7273,1.7273,1.7273,1.7273,1.7273,1.7273,1.7273,1.7273,1.7273,1.7273,1.7273,1.7273,1.7273,1.7273,1.7273
1.7475,1.7475,1.7475,1.7475,1.7475,1.7475,1.7475,1.7475,1.7475,1.7475,1.7475,1.7475,1.7475,1.7475,1.7475,1.7475,1.7475,1.7475,1.7475,1.7475,1.7475,1.7475,1.7475,1.7475,1.7475,1.7475,1.7475,1.7475,1.7475,1.7475,1.7475,1.7475,1.7475,1.7475,1.7475,1.7475,1.7475,1.7475,1.7475,1.7475,1.7475,1.7475,1.7475,1.7475,1.7475,1.7475,1.7475,1.7475,1.7475,1.7475
1.7677,1.7677,1.7677,1.7677,1.7677,1.7677,1.7677,1.7677,1.7677,1.7677,1.7677,1.7677,1.7677,1.7677,1.7677,1.7677,1.7677,1.7677,1.7677,1.7677,1.7677,1.7677,1.7677,1.7677,1.7677,1.7677,1.7677,1.7677,1.7677,1.7677,1.7677,1.7677,1.7677,1.7677,1.7677,1.7677,1.7677,1.7677,1.7677,1.7677,1.7677,1.7677,1.7677,1.7677,1.7677,1.7677,1.7677,1.7677,1.7677,1.7677
1.7879,1.7879,1.7879,1.7879,1.7879,1.7879,1.7879,1.7879,1.7879,1.7879,1.7879,1.7879,1.7879,1.7879,1.7879,1.7879,1.7879,1.7879,1.7879,1.7879,1.7879,1.7879,1.7879,1.7879,1.7879,1.7879,1.7879,1.7879,1.7879,1.7879,1.7879,1.7879,1.7879,1.7879,1.7879,1.7879,1.7879,1.7879,1.7879,1.7879,1.7879,1.7879,1.7879,1.7879,1.7879,1.7879,1.7879,1.7879,1.7879,1.7879
1.8081,1.8081,1.8081,1.8081,1.8081,1.8081,1.8081,1.8081,1.8081,1.8081,1.8081,1.8081,1.8081,1.8081,1.8081,1.8081,1.8081,1.8081,1.8081,1.8081,1.8081,1.8081,1.8081,1.8081,1.8081,1.8081,1.8081,1.8081,1.8081,1.8081,1.8081,1.8081,1.8081,1.8081,1.8081,1.8081,1.8081,1.8081,1.8081,1.8081,1.8081,1.8081,1.8081,1.8081,1.8081,1.8081,1.8081,1.8081,1.8081,1.8081
1.8283,1.8283,1.8283,1.8283,1.8283,1.8283,1.8283,1.8283,1.8283,1.8283,1.8283,1.8283,1.8283,1.8283,1.8283,1.8283,1.8283,1.8283,1.8283,1.8283,1.8283,1.8283,1.8283,1.8283,1.8283,1.8283,1.8283,1.8283,1.8283,1.8283,1.8283,1.8283,1.8283,1.8283,1.8283,1.8283,1.8283,1.8283,1.8283,1.8283,1.8283,1.8283,1.8283,1.8283,1.8283,1.8283,1.8283,1.8283,1.8283,1.8283
1.8485,1.8485,1.8485,1.8485,1.8485,1.8485,1.8485,1.8485,1.8485,1.8485,1.8485,1.8485,1.8485,1.8485,1.8485,1.8485,1.8485,1.8485,1.8485,1.8485,1.8485,1.8485,1.8485,1.8485,1.8485,1.8485,1.8485,1.8485,1.8485,1.8485,1.8485,1.8485,1.8485,1.8485,1.8485,1.8485,1.8485,1.8485,1.8485,1.8485,1.8485,1.8485,1.8485,1.8485,1.8485,1.8485,1.8485,1.8485,1.8485,1.8485
1.8687,1.8687,1.8687,1.8687,1.8687,1.8687,1.8687,1.8687,1.8687,1.8687,1.8687,1.8687,1.8687,1.8687,1.8687,1.8687,1.8687,1.8687,1.8687,1.8687,1.8687,1.8687,1.8687,1.8687,1.8687,1.8687,1.8687,1.8687,1.8687,1.8687,1.8687,1.8687,1.8687,1.8687,1.8687,1.8687,1.8687,1.8687,1.8687,1.8687,1.8687,1.8687,1.8687,1.8687,1.8687,1.8687,1.8687,1.8687,1.8687,1.8687
1.8889,1.8889,1.8889,1.8889,1.8889,1.8889,1.8889,1.8889,1.8889,1.8889,1.8889,1.8889,1.8889,1.8889,1.8889,1.8889,1.8889,1.8889,1.8889,1.8889,1.8889,1.8889,1.8889,1.8889,1.8889,1.8889,1.8889,1.8889,1.8889,1.8889,1.8889,1.8889,1.8889,1.8889,1.8889,1.8889,1.8889,1.8889,1.8889,1.8889,1.8889,1.8889,1.8889,1.8889,1.8889,1.8889,1.8889,1.8889,1.8889,1.8889
1.9091,1.9091,1.9091,1.9091,1.9091,1.9091,1.9091,1.9091,1.9091,1.9091,1.9091,1.9091,1.9091,1.9091,1.9091,1.9091,1.9091,1.9091,1.9091,1.9091,1.9091,1.9091,1.9091,1.9091,1.9091,1.9091,1.9091,1.9091,1.9091,1.9091,1.9091,1.9091,1.9091,1.9091,1.9091,1.9091,1.9091,1.9091,1.9091,1.9091,1.9091,1.9091,1.9091,1.9091,1.9091,1.9091,1.9091,1.9091,1.9091,1.9091
1.9293,1.9293,1.9293,1.9293,1.9293,1.9293,1.9293,1.9293,1.9293,1.9293,1.9293,1.9293,1.9293,1.9293,1.9293,1.9293,1.9293,1.9293,1.9293,1.9293,1.9293,1.9293,1.9293,1.9293,1.9293,1.9293,1.9293,1.9293,1.9293,1.9293,1.9293,1.9293,1.9293,1.9293,1.9293,1.9293,1.9293,1.9293,1.9293,1.9293,1.9293,1.9293,1.9293,1.9293,1.9293,1.9293,1.9293,1.9293,1.9293,1.9293
1.9495,1.9495,1.9495,1.9495,1.9495,1.9495,1.9495,1.9495,1.9495,1.9495,1.9495,1.9495,1.9495,1.9495,1.9495,1.9495,1.9495,1.9495,1.9495,1.9495,1.9495,1.9495,1.9495,1.9495,1.9495,1.9495,1.9495,1.9495,1.9495,1.9495,1.9495,1.9495,1.9495,1.9495,1.9495,1.9495,1.9495,1.9495,1.9495,1.9495,1.9495,1.9495,1.9495,1.9495,1.9495,1.9495,1.9495,1.9495,1.9495,1.9495
1.9697,1.9697,1.9697,1.9697,1.9697,1.9697,1.9697,1.9697,1.9697,1.9697,1.9697,1.9697,1.9697,1.9697,1.9697,1.9697,1.9697,1.9697,1.9697,1.9697,1.9697,1.9697,1.9697,1.9697,1.9697,1.9697,1.9697,1.9697,1.9697,1.9697,1.9697,1.9697,1.9697,1.9697,1.9697,1.9697,1.9697,1.9697,1.9697,1.9697,1.9697,1.9697,1.9697,1.9697,1.9697,1.9697,1.9697,1.9697,1.9697,1.9697
1.9899,1.9899,1.9899,1.9899,1.9899,1.9899,1.9899,1.9899,1.9899,1.9899,1.9899,1.9899,1.9899,1.9899,1.9899,1.9899,1.9899,1.9899,1.9899,1.9899,1.9899,1.9899,1.9899,1.9899,1.9899,1.9899,1.9899,1.9899,1.9899,1.9899,1.9899,1.9899,1.9899,1.9899,1.9899,1.9899,1.9899,1.9899,1.9899,1.9899,1.9899,1.9899,1.9899,1.9899,1.9899,1.9899,1.9899,1.9899,1.9899,1.9899
2.0101,2.0101,2.0101,2.0101,2.0101,2.0101,2.0101,2.0101,2.0101,2.0101,2.0101,2.0101,2.0101,2.0101,2.0101,2.0101,2.0101,2.0101,2.0101,2.0101,2.0101,2.0101,2.0101,2.0101,2.0101,2.0101,2.0101,2.0101,2.0101,2.0101,2.0101,2.0101,2.0101,2.0101,2.0101,2.0101,2.0101,2.0101,2.0101,2.0101,2.0101,2.0101,2.0101,2.0101,2.0101,2.0101,2.0101,2.0101,2.0101,2.0101
2.0303,2.0303,2.0303,2.0303,2.0303,2.0303,2.0303,2.0303,2.0303,2.0303,2.0303,2.0303,2.0303,2.0303,2.0303,2.0303,2.0303,2.0303,2.0303,2.0303,2.0303,2.0303,2.0303,2.0303,2.0303,2.0303,2.0303,2.0303,2.0303,2.0303,2.0303,2.0303,2.0303,2.0303,2.0303,2.0303,2.0303,2.0303,2.0303,2.0303,2.0303,2.0303,2.0303,2.0303,2.0303,2.0303,2.0303,2.0303,2.0303,2.0303
2.0505,2.0505,2.0505,2.0505,2.0505,2.0505,2.0505,2.0505,2.0505,2.0505,2.0505,2.0505,2.0505,2.0505,2.0505,2.0505,2.0505,2.0505,2.0505,2.0505,2.0505,2.0505,2.0505,2.0505,2.0505,2.0505,2.0505,2.0505,2.0505,2.0505,2.0505,2.0505,2.0505,2.0505,2.0505,2.0505,2.0505,2.0505,2.0505,2.0505,2.0505,2.0505,2.0505,2.0505,2.0505,2.0505,2.0505,2.0505,2.0505,2.0505
2.0707,2.0707,2.0707,2.0707,2.0707,2.0707,2.0707,2.0707,2.0707,2.0707,2.0707,2.0707,2.0707,2.0707,2.0707,2.0707,2.0707,2.0707,2.0707,2.0707,2.0707,2.0707,2.0707,2.0707,2.0707,2.0707,2.0707,2.0707,2.0707,2.0707,2.0707,2.0707,2.0707,2.0707,2.0707,2.0707,2.0707,2.0707,2.0707,2.0707,2.0707,2.0707,2.0707,2.0707,2.0707,2.0707,2.0707,2.0707,2.0707,2.0707
2.0909,2.0909,2.0909,2.0909,2.0909,2.0909,2.0909,2.0909,2.0909,2.0909,2.0909,2.0909,2.0909,2.0909,2.0909,2.0909,2.0909,2.0909,2.0909,2.0909,2.0909,2.0909,2.0909,2.0909,2.0909,2.0909,2.0909,2.0909,2.0909,2.0909,2.0909,2.0909,2.0909,2.0909,2.0909,2.0909,2.0909,2.0909,2.0909,2.0909,2.0909,2.0909,2.0909,2.0909,2.0909,2.0909,2.0909,2.0909,2.0909,2.0909
2.1111,2.1111,2.1111,2.1111,2.1111,2.1111,2.1111,2.1111,2.1111,2.1111,2.1111,2.1111,2.1111,2.1111,2.1111,2.1111,2.1111,2.1111,2.1111,2.1111,2.1111,2.1111,2.1111,2.1111,2.1111,2.1111,2.1111,2.1111,2.1111,2.1111,2.1111,2.1111,2.1111,2.1111,2.1111,2.1111,2.1111,2.1111,2.1111,2.1111,2.1111,2.1111,2.1111,2.1111,2.1111,2.1111,2.1111,2.1111,2.1111,2.1111
2.1313,2.1313,2.1313,2.1313,2.1313,2.1313,2.1313,2.1313,2.1313,2.1313,2.1313,2.1313,2.1313,2.1313,2.1313,2.1313,2.1313,2.1313,2.1313,2.1313,2.1313,2.1313,2.1313,2.1313,2.1313,2.1313,2.1313,2.1313,2.1313,2.1313,2.1313,2.1313,2.1313,2.1313,2.1313,2.1313,2.1313,2.1313,2.1313,2.1313,2.1313,2.1313,2.1313,2.1313,2.1313,2.1313,2.1313,2.1313,2.1313,2.1313
2.1515,2.1515,2.1515,2.1515,2.1515,2.1515,2.1515,2.1515,2.1515,2.1515,2.1515,2.1515,2.1515,2.1515,2.1515,2.1515,2.1515,2.1515,2.1515,2.1515,2.1515,2.1515,2.1515,2.1515,2.1515,2.1515,2.1515,2.1515,2.1515,2.1515,2.1515,2.1515,2.1515,2.1515,2.1515,2.1515,2.1515,2.1515,2.1515,2.1515,2.1515,2.1515,2.1515,2.1515,2.1515,2.1515,2.1515,2.1515,2.1515,2.1515
2.1717,2.1717,2.1717,2.1717,2.1717,2.1717,2.1717,2.1717,2.1717,2.1717,2.1717,2.1717,2.1717,2.1717,2.1717,2.1717,2.1717,2.1717,2.1717,2.1717,2.1717,2.1717,2.1717,2.1717,2.1717,2.1717,2.1717,2.1717,2.1717,2.1717,2.1717,2.1717,2.1717,2.1717,2.1717,2.1717,2.1717,2.1717,2.1717,2.1717,2.1717,2.1717,2.1717,2.1717,2.1717,2.1717,2.1717,2.1717,2.1717,2.1717
2.1919,2.1919,2.1919,2.1919,2.1919,2.1919,2.1919,2.1919,2.1919,2.1919,2.1919,2.1919,2.1919,2.1919,2.1919,2.1919,2.1919,2.1919,2.1919,2.1919,2.1919,2.1919,2.1919,2.1919,2.1919,2.1919,2.1919,2.1919,2.1919,2.1919,2.1919,2.1919,2.1919,2.1919,2.1919,2.1919,2.1919,2.1919,2.1919,2.1919,2.1919,2.1919,2.1919,2.1919,2.1919,2.1919,2.1919,2.1919,2.1919,2.1919
2.2121,2.2121,2.2121,2.2121,2.2121,2.2121,2.2121,2.2121,2.2121,2.2121,2.2121,2.2121,2.2121,2.2121,2.2121,2.2121,2.2121,2.2121,2.2121,2.2121,2.2121,2.2121,2.2121,2.2121,2.2121,2.2121,2.2121,2.2121,2.2121,2.2121,2.2121,2.2121,2.2121,2.2121,2.2121,2.2121,2.2121,2.2121,2.2121,2.2121,2.2121,2.2121,2.2121,2.2121,2.2121,2.2121,2.2121,2.2121,2.2121,2.2121
2.2323,2.2323,2.2323,2.2323,2.2323,2.2323,2.2323,2.2323,2.2323,2.2323,2.2323,2.2323,2.2323,2.2323,2.2323,2.2323,2.2323,2.2323,2.2323,2.2323,2.2323,2.2323,2.2323,2.2323,2.2323,2.2323,2.2323,2.2323,2.2323,2.2323,2.2323,2.2323,2.2323,2.2323,2.2323,2.2323,2.2323,2.2323,2.2323,2.2323,2.2323,2.2323,2.2323,2.2323,2.2323,2.2323,2.2323,2.2323,2.2323,2.2323
2.2525,2.2525,2.2525,2.2525,2.2525,2.2525,2.2525,2.2525,2.2525,2.2525,2.2525,2.2525,2.2525,2.2525,2.2525,2.2525,2.2525,2.2525,2.2525,2.2525,2.2525,2.2525,2.2525,2.2525,2.2525,2.2525,2.2525,2.2525,2.2525,2.2525,2.2525,2.2525,2.2525,2.2525,2.2525,2.2525,2.2525,2.2525,2.2525,2.2525,2.2525,2.2525,2.2525,2.2525,2.2525,2.2525,2.2525,2.2525,2.2525,2.2525
2.2727,2.2727,2.2727,2.2727,2.2727,2.2727,2.2727,2.2727,2.2727,2.2727,2.2727,2.2727,2.2727,2.2727,2.2727,2.2727,2.2727,2.2727,2.2727,2.2727,2.2727,2.2727,2.2727,2.2727,2.2727,2.2727,2.2727,2.2727,2.2727,2.2727,2.2727,2.2727,2.2727,2.2727,2.2727,2.2727,2.2727,2.2727,2.2727,2.2727,2.2727,2.2727,2.2727,2.2727,2.2727,2.2727,2.2727,2.2727,2.2727,2.2727
2.2929,2.2929,2.2929,2.2929,2.2929,2.2929,2.2929,2.2929,2.2929,2.2929,2.2929,2.2929,2.2929,2.2929,2.2929,2.2929,2.2929,2.2929,2.2929,2.2929,2.2929,2.2929,2.2929,2.2929,2.2929,2.2929,2.2929,2.2929,2.2929,2.2929,2.2929,2.2929,2.2929,2.2929,2.2929,2.2929,2.2929,2.2929,2.2929,2.2929,2.2929,2.2929,2.2929,2.2929,2.2929,2.2929,2.2929,2.2929,2.2929,2.2929
2.3131,2.3131,2.3131,2.3131,2.3131,2.3131,2.3131,2.3131,2.3131,2.3131,2.3131,2.3131,2.3131,2.3131,2.3131,2.3131,2.3131,2.3131,2.3131,2.3131,2.3131,2.3131,2.3131,2.3131,2.3131,2.3131,2.3131,2.3131,2.3131,2.3131,2.3131,2.3131,2.3131,2.3131,2.3131,2.3131,2.3131,2.3131,2.3131,2.3131,2.3131,2.3131,2.3131,2.3131,2.3131,2.3131,2.3131,2.3131,2.3131,2.3131
2.3333,2.3333,2.3333,2.3333,2.3333,2.3333,2.3333,2.3333,2.3333,2.3333,2.3333,2.3333,2.3333,2.3333,2.3333,2.3333,2.3333,2.3333,2.3333,2.3333,2.3333,2.3333,2.3333,2.3333,2.3333,2.3333,2.3333,2.3333,2.3333,2.3333,2.3333,2.3333,2.3333,2.3333,2.3333,2.3333,2.3333,2.3333,2.3333,2.3333,2.3333,2.3333,2.3333,2.3333,2.3333,2.3333,2.3333,2.3333,2.3333,2.3333
2.3535,2.3535,2.3535,2.3535,2.3535,2.3535,2.3535,2.3535,2.3535,2.3535,2.3535,2.3535,2.3535,2.3535,2.3535,2.3535,2.3535,2.3535,2.3535,2.3535,2.3535,2.3535,2.3535,2.3535,2.3535,2.3535,2.3535,2.3535,2.3535,2.3535,2.3535,2.3535,2.3535,2.3535,2.3535,2.3535,2.3535,2.3535,2.3535,2.3535,2.3535,2.3535,2.3535,2.3535,2.3535,2.3535,2.3535,2.3535,2.3535,2.3535
2.3737,2.3737,2.3737,2.3737,2.3737,2.3737,2.3737,2.3737,2.3737,2.3737,2.3737,2.3737,2.3737,2.3737,2.3737,2.3737,2.3737,2.3737,2.3737,2.3737,2.3737,2.3737,2.3737,2.3737,2.3737,2.3737,2.3737,2.3737,2.3737,2.3737,2.3737,2.3737,2.3737,2.3737,2.3737,2.3737,2.3737,2.3737,2.3737,2.3737,2.3737,2.3737,2.3737,2.3737,2.3737,2.3737,2.3737,2.3737,2.3737,2.3737
2.3939,2.3939,2.3939,2.3939,2.3939,2.3939,2.3939,2.3939,2.3939,2.3939,2.3939,2.3939,2.3939,2.3939,2.3939,2.3939,2.3939,2.3939,2.3939,2.3939,2.3939,2.3939,2.3939,2.3939,2.3939,2.3939,2.3939,2.3939,2.3939,2.3939,2.3939,2.3939,2.3939,2.3939,2.3939,2.3939,2.3939,2.3939,2.3939,2.3939,2.3939,2.3939,2.3939,2.3939,2.3939,2.3939,2.3939,2.3939,2.3939,2.3939
2.4141,2.4141,2.4141,2.4141,2.4141,2.4141,2.4141,2.4141,2.4141,2.4141,2.4141,2.4141,2.4141,2.4141,2.4141,2.4141,2.4141,2.4141,2.4141,2.4141,2.4141,2.4141,2.4141,2.4141,2.4141,2.4141,2.4141,2.4141,2.4141,2.4141,2.4141,2.4141,2.4141,2.4141,2.4141,2.4141,2.4141,2.4141,2.4141,2.4141,2.4141,2.4141,2.4141,2.4141,2.4141,2.4141,2.4141,2.4141,2.4141,2.4141
2.4343,2.4343,2.4343,2.4343,2.4343,2.4343,2.4343,2.4343,2.4343,2.4343,2.4343,2.4343,2.4343,2.4343,2.4343,2.4343,2.4343,2.4343,2.4343,2.4343,2.4343,2.4343,2.4343,2.4343,2.4343,2.4343,2.4343,2.4343,2.4343,2.4343,2.4343,2.4343,2.4343,2.4343,2.4343,2.4343,2.4343,2.4343,2.4343,2.4343,2.4343,2.4343,2.4343,2.4343,2.4343,2.4343,2.4343,2.4343,2.4343,2.4343
2.4545,2.4545,2.4545,2.4545,2.4545,2.4545,2.4545,2.4545,2.4545,2.4545,2.4545,2.4545,2.4545,2.4545,2.4545,2.4545,2.4545,2.4545,2.4545,2.4545,2.4545,2.4545,2.4545,2.4545,2.4545,2.4545,2.4545,2.4545,2.4545,2.4545,2.4545,2.4545,2.4545,2.4545,2.4545,2.4545,2.4545,2.4545,2.4545,2.4545,2.4545,2.4545,2.4545,2.4545,2.4545,2.4545,2.4545,2.4545,2.4545,2.4545
2.4747,2.4747,2.4747,2.4747,2.4747,2.4747,2.4747,2.4747,2.4747,2.4747,2.4747,2.4747,2.4747,2.4747,2.4747,2.4747,2.4747,2.4747,2.4747,2.4747,2.4747,2.4747,2.4747,2.4747,2.4747,2.4747,2.4747,2.4747,2.4747,2.4747,2.4747,2.4747,2.4747,2.4747,2.4747,2.4747,2.4747,2.4747,2.4747,2.4747,2.4747,2.4747,2.4747,2.4747,2.4747,2.4747,2.4747,2.4747,2.4747,2.4747
2.4949,2.4949,2.4949,2.4949,2.4949,2.4949,2.4949,2.4949,2.4949,2.4949,2.4949,2.4949,2.4949,2.4949,2.4949,2.4949,2.4949,2.4949,2.4949,2.4949,2.4949,2.4949,2.4949,2.4949,2.4949,2.4949,2.4949,2.4949,2.4949,2.4949,2.4949,2.4949,2.4949,2.4949,2.4949,2.4949,2.4949,2.4949,2.4949,2.4949,2.4949,2.4949,2.4949,2.4949,2.4949,2.4949,2.4949,2.4949,2.4949,2.4949
2.5152,2.5152,2.5152,2.5152,2.5152,2.5152,2.5152,2.5152,2.5152,2.5152,2.5152,2.5152,2.5152,2.5152,2.5152,2.5152,2.5152,2.5152,2.5152,2.5152,2.5152,2.5152,2.5152,2.5152,2.5152,2.5152,2.5152,2.5152,2.5152,2.5152,2.5152,2.5152,2.5152,2.5152,2.5152,2.5152,2.5152,2.5152,2.5152,2.5152,2.5152,2.5152,2.5152,2.5152,2.5152,2.5152,2.5152,2.5152,2.5152,2.5152
2.5354,2.5354,2.5354,2.5354,2.5354,2.5354,2.5354,2.5354,2.5354,2.5354,2.5354,2.5354,2.5354,2.5354,2.5354,2.5354,2.5354,2.5354,2.5354,2.5354,2.5354,2.5354,2.5354,2.5354,2.5354,2.5354,2.5354,2.5354,2.5354,2.5354,2.5354,2.5354,2.5354,2.5354,2.5354,2.5354,2.5354,2.5354,2.5354,2.5354,2.5354,2.5354,2.5354,2.5354,2.5354,2.5354,2.5354,2.5354,2.5354,2.5354
2.5556,2.5556,2.5556,2.5556,2.5556,2.5556,2.5556,2.5556,2.5556,2.5556,2.5556,2.5556,2.5556,2.5556,2.5556,2.5556,2.5556,2.5556,2.5556,2.5556,2.5556,2.5556,2.5556,2.5556,2.5556,2.5556,2.5556,2.5556,2.5556,2.5556,2.5556,2.5556,2.5556,2.5556,2.5556,2.5556,2.5556,2.5556,2.5556,2.5556,2.5556,2.5556,2.5556,2.5556,2.5556,2.5556,2.5556,2.5556,2.5556,2.5556
2.5758,2.5758,2.5758,2.5758,2.5758,2.5758,2.5758,2.5758,2.5758,2.5758,2.5758,2.5758,2.5758,2.5758,2.5758,2.5758,2.5758,2.5758,2.5758,2.5758,2.5758,2.5758,2.5758,2.5758,2.5758,2.5758,2.5758,2.5758,2.5758,2.5758,2.5758,2.5758,2.5758,2.5758,2.5758,2.5758,2.5758,2.5758,2.5758,2.5758,2.5758,2.5758,2.5758,2.5758,2.5758,2.5758,2.5758,2.5758,2.5758,2.5758
2.596,2.596,2.596,2.596,2.596,2.596,2.596,2.596,2.596,2.596,2.596,2.596,2.596,2.596,2.596,2.596,2.596,2.596,2.596,2.596,2.596,2.596,2.596,2.596,2.596,2.596,2.596,2.596,2.596,2.596,2.596,2.596,2.596,2.596,2.596,2.596,2.596,2.596,2.596,2.596,2.596,2.596,2.596,2.596,2.596,2.596,2.596,2.596,2.596,2.596
2.6162,2.6162,2.6162,2.6162,2.6162,2.6162,2.6162,2.6162,2.6162,2.6162,2.6162,2.6162,2.6162,2.6162,2.6162,2.6162,2.6162,2.6162,2.6162,2.6162,2.6162,2.6162,2.6162,2.6162,2.6162,2.6162,2.6162,2.6162,2.6162,2.6162,2.6162,2.6162,2.6162,2.6162,2.6162,2.6162,2.6162,2.6162,2.6162,2.6162,2.6162,2.6162,2.6162,2.6162,2.6162,2.6162,2.6162,2.6162,2.6162,2.6162
2.6364,2.6364,2.6364,2.6364,2.6364,2.6364,2.6364,2.6364,2.6364,2.6364,2.6364,2.6364,2.6364,2.6364,2.6364,2.6364,2.6364,2.6364,2.6364,2.6364,2.6364,2.6364,2.6364,2.6364,2.6364,2.6364,2.6364,2.6364,2.6364,2.6364,2.6364,2.6364,2.6364,2.6364,2.6364,2.6364,2.6364,2.6364,2.6364,2.6364,2.6364,2.6364,2.6364,2.6364,2.6364,2.6364,2.6364,2.6364,2.6364,2.6364
2.6566,2.6566,2.6566,2.6566,2.6566,2.6566,2.6566,2.6566,2.6566,2.6566,2.6566,2.6566,2.6566,2.6566,2.6566,2.6566,2.6566,2.6566,2.6566,2.6566,2.6566,2.6566,2.6566,2.6566,2.6566,2.6566,2.6566,2.6566,2.6566,2.6566,2.6566,2.6566,2.6566,2.6566,2.6566,2.6566,2.6566,2.6566,2.6566,2.6566,2.6566,2.6566,2.6566,2.6566,2.6566,2.6566,2.6566,2.6566,2.6566,2.6566
2.6768,2.6768,2.6768,2.6768,2.6768,2.6768,2.6768,2.6768,2.6768,2.6768,2.6768,2.6768,2.6768,2.6768,2.6768,2.6768,2.6768,2.6768,2.6768,2.6768,2.6768,2.6768,2.6768,2.6768,2.6768,2.6768,2.6768,2.6768,2.6768,2.6768,2.6768,2.6768,2.6768,2.6768,2.6768,2.6768,2.6768,2.6768,2.6768,2.6768,2.6768,2.6768,2.6768,2.6768,2.6768,2.6768,2.6768,2.6768,2.6768,2.6768
2.697,2.697,2.697,2.697,2.697,2.697,2.697,2.697,2.697,2.697,2.697,2.697,2.697,2.697,2.697,2.697,2.697,2.697,2.697,2.697,2.697,2.697,2.697,2.697,2.697,2.697,2.697,2.697,2.697,2.697,2.697,2.697,2.697,2.697,2.697,2.697,2.697,2.697,2.697,2.697,2.697,2.697,2.697,2.697,2.697,2.697,2.697,2.697,2.697,2.697
2.7172,2.7172,2.7172,2.7172,2.7172,2.7172,2.7172,2.7172,2.7172,2.7172,2.7172,2.7172,2.7172,2.7172,2.7172,2.7172,2.7172,2.7172,2.7172,2.7172,2.7172,2.7172,2.7172,2.7172,2.7172,2.7172,2.7172,2.7172,2.7172,2.7172,2.7172,2.7172,2.7172,2.7172,2.7172,2.7172,2.7172,2.7172,2.7172,2.7172,2.7172,2.7172,2.7172,2.7172,2.7172,2.7172,2.7172,2.7172,2.7172,2.7172
2.7374,2.7374,2.7374,2.7374,2.7374,2.7374,2.7374,2.7374,2.7374,2.7374,2.7374,2.7374,2.7374,2.7374,2.7374,2.7374,2.7374,2.7374,2.7374,2.7374,2.7374,2.7374,2.7374,2.7374,2.7374,2.7374,2.7374,2.7374,2.7374,2.7374,2.7374,2.7374,2.7374,2.7374,2.7374,2.7374,2.7374,2.7374,2.7374,2.7374,2.7374,2.7374,2.7374,2.7374,2.7374,2.7374,2.7374,2.7374,2.7374,2.7374
2.7576,2.7576,2.7576,2.7576,2.7576,2.7576,2.7576,2.7576,2.7576,2.7576,2.7576,2.7576,2.7576,2.7576,2.7576,2.7576,2.7576,2.7576,2.7576,2.7576,2.7576,2.7576,2.7576,2.7576,2.7576,2.7576,2.7576,2.7576,2.7576,2.7576,2.7576,2.7576,2.7576,2.7576,2.7576,2.7576,2.7576,2.7576,2.7576,2.7576,2.7576,2.7576,2.7576,2.7576,2.7576,2.7576,2.7576,2.7576,2.7576,2.7576
2.7778,2.7778,2.7778,2.7778,2.7778,2.7778,2.7778,2.7778,2.7778,2.7778,2.7778,2.7778,2.7778,2.7778,2.7778,2.7778,2.7778,2.7778,2.7778,2.7778,2.7778,2.7778,2.7778,2.7778,2.7778,2.7778,2.7778,2.7778,2.7778,2.7778,2.7778,2.7778,2.7778,2.7778,2.7778,2.7778,2.7778,2.7778,2.7778,2.7778,2.7778,2.7778,2.7778,2.7778,2.7778,2.7778,2.7778,2.7778,2.7778,2.7778
2.798,2.798,2.798,2.798,2.798,2.798,2.798,2.798,2.798,2.798,2.798,2.798,2.798,2.798,2.798,2.798,2.798,2.798,2.798,2.798,2.798,2.798,2.798,2.798,2.798,2.798,2.798,2.798,2.798,2.798,2.798,2.798,2.798,2.798,2.798,2.798,2.798,2.798,2.798,2.798,2.798,2.798,2.798,2.798,2.798,2.798,2.798,2.798,2.798,2.798
2.8182,2.8182,2.8182,2.8182,2.8182,2.8182,2.8182,2.8182,2.8182,2.8182,2.8182,2.8182,2.8182,2.8182,2.8182,2.8182,2.8182,2.8182,2.8182,2.8182,2.8182,2.8182,2.8182,2.8182,2.8182,2.8182,2.8182,2.8182,2.8182,2.8182,2.8182,2.8182,2.8182,2.8182,2.8182,2.8182,2.8182,2.8182,2.8182,2.8182,2.8182,2.8182,2.8182,2.8182,2.8182,2.8182,2.8182,2.8182,2.8182,2.8182
2.8384,2.8384,2.8384,2.8384,2.8384,2.8384,2.8384,2.8384,2.8384,2.8384,2.8384,2.8384,2.8384,2.8384,2.8384,2.8384,2.8384,2.8384,2.8384,2.8384,2.8384,2.8384,2.8384,2.8384,2.8384,2.8384,2.8384,2.8384,2.8384,2.8384,2.8384,2.8384,2.8384,2.8384,2.8384,2.8384,2.8384,2.8384,2.8384,2.8384,2.8384,2.8384,2.8384,2.8384,2.8384,2.8384,2.8384,2.8384,2.8384,2.8384
2.8586,2.8586,2.8586,2.8586,2.8586,2.8586,2.8586,2.8586,2.8586,2.8586,2.8586,2.8586,2.8586,2.8586,2.8586,2.8586,2.8586,2.8586,2.8586,2.8586,2.8586,2.8586,2.8586,2.8586,2.8586,2.8586,2.8586,2.8586,2.8586,2.8586,2.8586,2.8586,2.8586,2.8586,2.8586,2.8586,2.8586,2.8586,2.8586,2.8586,2.8586,2.8586,2.8586,2.8586,2.8586,2.8586,2.8586,2.8586,2.8586,2.8586
2.8788,2.8788,2.8788,2.8788,2.8788,2.8788,2.8788,2.8788,2.8788,2.8788,2.8788,2.8788,2.8788,2.8788,2.8788,2.8788,2.8788,2.8788,2.8788,2.8788,2.8788,2.8788,2.8788,2.8788,2.8788,2.8788,2.8788,2.8788,2.8788,2.8788,2.8788,2.8788,2.8788,2.8788,2.8788,2.8788,2.8788,2.8788,2.8788,2.8788,2.8788,2.8788,2.8788,2.8788,2.8788,2.8788,2.8788,2.8788,2.8788,2.8788
2.899,2.899,2.899,2.899,2.899,2.899,2.899,2.899,2.899,2.899,2.899,2.899,2.899,2.899,2.899,2.899,2.899,2.899,2.899,2.899,2.899,2.899,2.899,2.899,2.899,2.899,2.899,2.899,2.899,2.899,2.899,2.899,2.899,2.899,2.899,2.899,2.899,2.899,2.899,2.899,2.899,2.899,2.899,2.899,2.899,2.899,2.899,2.899,2.899,2.899
2.9192,2.9192,2.9192,2.9192,2.9192,2.9192,2.9192,2.9192,2.9192,2.9192,2.9192,2.9192,2.9192,2.9192,2.9192,2.9192,2.9192,2.9192,2.9192,2.9192,2.9192,2.9192,2.9192,2.9192,2.9192,2.9192,2.9192,2.9192,2.9192,2.9192,2.9192,2.9192,2.9192,2.9192,2.9192,2.9192,2.9192,2.9192,2.9192,2.9192,2.9192,2.9192,2.9192,2.9192,2.9192,2.9192,2.9192,2.9192,2.9192,2.9192
2.9394,2.9394,2.9394,2.9394,2.9394,2.9394,2.9394,2.9394,2.9394,2.9394,2.9394,2.9394,2.9394,2.9394,2.9394,2.9394,2.9394,2.9394,2.9394,2.9394,2.9394,2.9394,2.9394,2.9394,2.9394,2.9394,2.9394,2.9394,2.9394,2.9394,2.9394,2.9394,2.9394,2.9394,2.9394,2.9394,2.9394,2.9394,2.9394,2.9394,2.9394,2.9394,2.9394,2.9394,2.9394,2.9394,2.9394,2.9394,2.9394,2.9394
2.9596,2.9596,2.9596,2.9596,2.9596,2.9596,2.9596,2.9596,2.9596,2.9596,2.9596,2.9596,2.9596,2.9596,2.9596,2.9596,2.9596,2.9596,2.9596,2.9596,2.9596,2.9596,2.9596,2.9596,2.9596,2.9596,2.9596,2.9596,2.9596,2.9596,2.9596,2.9596,2.9596,2.9596,2.9596,2.9596,2.9596,2.9596,2.9596,2.9596,2.9596,2.9596,2.9596,2.9596,2.9596,2.9596,2.9596,2.9596,2.9596,2.9596
2.9798,2.9798,2.9798,2.9798,2.9798,2.9798,2.9798,2.9798,2.9798,2.9798,2.9798,2.9798,2.9798,2.9798,2.9798,2.9798,2.9798,2.9798,2.9798,2.9798,2.9798,2.9798,2.9798,2.9798,2.9798,2.9798,2.9798,2.9798,2.9798,2.9798,2.9798,2.9798,2.9798,2.9798,2.9798,2.9798,2.9798,2.9798,2.9798,2.9798,2.9798,2.9798,2.9798,2.9798,2.9798,2.9798,2.9798,2.9798,2.9798,2.9798
3,3,3,3,3,3,3,3,3,3,3,3,3,3,3,3,3,3,3,3,3,3,3,3,3,3,3,3,3,3,3,3,3,3,3,3,3,3,3,3,3,3,3,3,3,3,3,3,3,3
