206.55
250.72
259.88
262.42
263.55
264.23
264.68
264.99
265.22
265.38
265.52
265.66
265.79
265.91
266.06
266.31
266.32
263.32
261.03
264.95
536.82
586.84
584.33
574
566.92
561.04
556.29
552.2
548.85
546.11
543.92
542.18
540.82
539.77
538.99
538.44
538.07
537.86
537.8
537.86
538.03
538.3
538.65
539.07
539.54
540.04
540.57
541.11
541.64
542.14
542.62
543.05
543.43
543.75
544
544.18
544.29
544.32
544.28
544.17
543.99
543.74
543.42
543.05
542.63
542.16
541.64
541.09
540.51
539.9
539.27
538.62
537.97
537.31
536.65
535.99
535.35
534.71
534.1
533.5
532.93
532.39
531.89
531.42
530.99
530.6
530.26
529.97
529.73
529.54
529.4
529.32
529.29
529.31
529.38
529.48
529.62
529.78
529.94
530.09
530.2
530.26
530.23
530.08
529.8
529.34
528.69
527.81
526.69
525.29
523.62
521.65
519.46
516.91
514.12
509.83
508.37
532.15
670.72
673.3
672.22
670.64
670.63
670.69
670.7
670.69
670.66
670.62
670.57
670.51
670.46
670.4
670.33
670.27
670.28
670.45
672.81
707.44
661.13
673.09
677.28
648.46
688.58
661.68
667.92
699.01
612.64
703.09
714.04
592.73
717.89
690.56
589.47
745.3
679.75
585.56
764.14
675.31
570.16
755.83
705.15
521.78
700.81
753.78
539.79
659.76
874.22
630.12
480.61
760.09
812
542.45
526.55
854.62
789.04
493.22
513.31
872.39
843.75
526.66
439.5
826.8
915.46
644.17
274.96
607.28
922.81
930.03
627.48
227.56
576.33
964.52
1019.2
764.86
437.9
327.55
669.34
1044.4
1063
827.6
432.28
225.27
512.86
762.81
1119.8
1153.9
947.71
575.47
549.55
318.71
410.29
633.08
896.58
1128.6
1276.1
1112
891.86
672.31
470.61
439.11
474.18
616.03
554.39
570.13
730.45
826.78
917.72
1002.9
1084.2
1148.7
1205.1
1258.1
1284.9
1310.2
1331.3
1344.6
1367.5
1362.6
1288.8
968.28
602.64
93.105
-542.18
-86.013
918.31
1029.4
424.3
-101.87
539.88
336.59
145.59
555.96
377.56
205.11
314.64
202.67
342.63
226.52
394.49
107.56
310.08
402.75
180.42
281.42
337.16
206.9
240.09
313.1
428.19
267.25
242.14
245.57
248.31
252.06
234.16
206.55
195.77
237.91
246.71
249.19
250.29
250.96
251.39
251.69
251.91
252.06
252.19
252.32
252.43
252.55
252.68
252.91
252.92
250.09
247.95
251.74
510.25
557.29
554.59
544.7
537.94
532.33
527.78
523.86
520.64
518
515.89
514.22
512.91
511.91
511.16
510.63
510.29
510.11
510.07
510.17
510.37
510.68
511.07
511.53
512.05
512.61
513.19
513.79
514.38
514.95
515.49
515.99
516.43
516.82
517.14
517.39
517.56
517.66
517.68
517.64
517.52
517.33
517.08
516.78
516.42
516.01
515.56
515.08
514.56
514.01
513.44
512.85
512.26
511.65
511.04
510.43
509.82
509.22
508.64
508.07
507.52
506.99
506.49
506.02
505.59
505.19
504.84
504.53
504.28
504.07
503.91
503.81
503.76
503.76
503.8
503.88
503.99
504.12
504.25
504.37
504.45
504.46
504.38
504.19
503.83
503.3
502.54
501.55
500.28
498.71
496.83
494.61
492.12
489.21
485.97
481.13
479.72
506.49
659.28
662.02
660.8
659.05
659.04
659.11
659.13
659.12
659.1
659.07
659.02
658.97
658.92
658.87
658.81
658.76
658.79
659.03
661.89
700.7
649.48
660.79
666.33
636.65
676.85
650.62
655.6
687.69
601.02
690.89
703.04
580.5
705.76
679.51
577
733.23
668.64
573.07
751.84
664.12
557.71
743.1
693.91
509.49
687.73
742.37
528.01
646.52
861.86
618.68
467.71
746.61
800.25
530.68
513.06
841.26
777.19
481.21
499.32
858.94
831.63
514.78
425.56
812.77
902.7
632.64
261.95
592.86
908.78
917.75
615.79
214.68
561.52
950.5
1006.7
753.87
426.46
314.42
657.33
1037.4
1039.9
840.38
548.16
179.29
447.24
738.93
1107
1139.8
932.03
560.93
534.69
303.03
393.87
616.6
880.16
1112.4
1260.3
1096.5
876.3
656.46
454.23
422.01
456.35
597.79
535.49
550.5
710.02
805.49
895.2
978.8
1058.3
1119.7
1171.7
1218.3
1227.6
1229.9
1231.8
1286.3
1396
1469.6
1390.8
1000.9
601.62
80.32
-553.99
-94.893
908.93
1017.9
411.3
-112.6
528.69
323.65
133.5
543.84
364.68
193.14
301.34
190.45
329.54
214.32
381.54
94.903
297.34
389.84
167.86
268.24
323.7
194
227.53
300.2
414.68
254.02
229.07
232.16
234.63
239.08
220.53
195.77
