-0.73129
-1.2392
-1.4254
-1.4277
-1.3935
-1.4105
-1.4009
-1.4004
-1.3963
-1.3594
-1.3571
-1.3887
-1.3875
-1.3787
-1.3905
-1.3479
-1.3525
-1.4933
-1.2283
-0.39345
-0.08864
-0.046546
-0.010015
0.021098
0.024314
0.018103
0.010869
0.0066804
0.0043785
0.0028946
0.0018966
0.0010995
0.00054959
0.00010905
-0.00019364
-0.00048583
-0.00073666
-0.00099413
-0.0012568
-0.0015303
-0.0018084
-0.0020843
-0.0023496
-0.002592
-0.0028065
-0.0029823
-0.0031189
-0.0032094
-0.0032554
-0.0032582
-0.0032213
-0.0031505
-0.0030489
-0.0029234
-0.0027891
-0.0026351
-0.0024847
-0.0023342
-0.0021911
-0.0020595
-0.0019424
-0.001843
-0.0017593
-0.0016962
-0.001655
-0.0016283
-0.0016196
-0.0016348
-0.0016568
-0.001675
-0.0017226
-0.0017835
-0.0018431
-0.0019056
-0.0019752
-0.0020446
-0.00211
-0.0021748
-0.0022363
-0.0022938
-0.0023467
-0.0023946
-0.0024364
-0.0024726
-0.0025066
-0.0025358
-0.0025604
-0.0025842
-0.0026088
-0.0026356
-0.0026668
-0.0027049
-0.00275
-0.0028087
-0.0028767
-0.0029591
-0.0030511
-0.0031533
-0.0032603
-0.0033645
-0.0034557
-0.0035193
-0.0035374
-0.0034845
-0.003338
-0.0030548
-0.0026122
-0.0019766
-0.0011592
-0.00016778
0.001063
0.0030715
0.006729
0.01298
0.015424
0.0078438
-0.031071
-0.062262
-0.25592
-0.70856
-0.74133
-0.56241
-0.60523
-0.5961
-0.58778
-0.58799
-0.58703
-0.56793
-0.56813
-0.58769
-0.58839
-0.5895
-0.59112
-0.60246
-0.58071
-0.63203
-0.61189
-0.4139
-0.25202
-0.12675
-0.21093
-0.27006
-0.095349
-0.26424
-0.17597
-0.30324
-0.10286
-0.17199
-0.25104
-0.29537
-0.067072
-0.20428
-0.37394
0.044866
-0.21944
-0.54926
0.42226
-0.52507
-0.47276
0.81258
-0.97728
-0.17418
0.68451
-1.0325
-0.12512
0.24268
-0.43357
-0.384
-0.19013
0.90471
-1.0547
-0.28345
-0.23748
0.59167
-0.25746
-0.77504
0.40771
-0.4724
0.52118
-1.3385
0.8647
-0.78214
0.71492
-1.0131
-0.056906
-0.3063
1.6034
-1.7368
0.058853
-0.037927
-0.29533
0.094464
0.88669
-2.0814
1.1053
-0.39337
-0.6232
0.88074
-0.41572
0.43968
-1.3943
0.86836
-0.66071
-0.066128
0.21834
-0.12165
0.80878
-1.9612
1.5968
-0.8696
-0.063481
-0.2285
-0.20582
1.2634
-1.3009
0.38129
-0.29531
0.77892
-0.039422
-7.0101
21.236
-24.911
11.371
-0.65217
-1.4393
0.42579
0.12118
-0.12296
-0.16305
0.10875
-0.05302
-0.0070569
0.050673
0.15857
0.18227
0.027134
-0.36447
0.13208
0.36584
-2.1008
-2.677
12.527
-23.059
29.624
-19.792
18.699
-25.221
19.869
-13.043
3.428
-1.4979
0.53592
0.18442
1.311
-6.0784
5.7684
-5.6353
1.9859
-0.54471
-1.6263
-0.55398
-0.48196
-2.1873
0.5501
-2.5667
0.89722
-2.8265
-0.032365
-1.4444
-1.2607
-1.0265
-1.4422
-1.3367
-1.1504
-1.6337
-0.73129
-0.63584
-1.108
-1.2553
-1.2741
-1.2331
-1.2523
-1.2423
-1.2419
-1.2377
-1.2053
-1.2034
-1.2298
-1.2291
-1.2212
-1.2327
-1.1904
-1.1944
-1.3363
-1.0297
-0.33423
-0.080268
-0.04756
-0.011206
0.021419
0.023924
0.017879
0.010447
0.006368
0.0040309
0.002583
0.0015816
0.00079902
0.00025527
-0.00018198
-0.00047808
-0.0007741
-0.0010267
-0.0012916
-0.0015638
-0.00185
-0.0021426
-0.002435
-0.0027174
-0.0029789
-0.0032097
-0.0034037
-0.0035551
-0.0036592
-0.0037163
-0.0037274
-0.0036954
-0.0036259
-0.0035221
-0.0033907
-0.0032465
-0.0030789
-0.0029112
-0.0027405
-0.0025743
-0.0024171
-0.0022725
-0.0021441
-0.0020304
-0.0019375
-0.0018669
-0.0018111
-0.0017749
-0.0017653
-0.0017646
-0.001762
-0.0017927
-0.0018396
-0.0018871
-0.0019404
-0.0020033
-0.002068
-0.0021302
-0.002193
-0.0022532
-0.0023097
-0.0023615
-0.0024077
-0.0024472
-0.00248
-0.0025094
-0.0025327
-0.0025505
-0.002566
-0.0025811
-0.0025972
-0.0026166
-0.002642
-0.0026734
-0.0027176
-0.0027699
-0.0028362
-0.0029113
-0.0029959
-0.0030846
-0.0031701
-0.0032421
-0.0032867
-0.0032849
-0.0032145
-0.0030493
-0.0027507
-0.0022979
-0.0016483
-0.00084009
0.00017554
0.0013557
0.0034493
0.0068773
0.013262
0.01499
0.0089959
-0.029558
-0.068436
-0.30955
-0.8964
-0.88263
-0.70421
-0.74769
-0.73742
-0.72973
-0.72926
-0.72829
-0.70573
-0.70576
-0.72954
-0.7303
-0.73136
-0.734
-0.74356
-0.72794
-0.76658
-0.77397
-0.52616
-0.28195
-0.17843
-0.26644
-0.33462
-0.12592
-0.33683
-0.22708
-0.33857
-0.17704
-0.20846
-0.29501
-0.37157
-0.099504
-0.24755
-0.45233
0.015661
-0.264
-0.62481
0.39578
-0.5777
-0.53519
0.77873
-1.0325
-0.22237
0.63322
-1.0716
-0.17717
0.18012
-0.45569
-0.44513
-0.23919
0.85847
-1.0961
-0.32653
-0.30354
0.56059
-0.30119
-0.81884
0.34308
-0.50865
0.48808
-1.3891
0.80683
-0.81704
0.67466
-1.0625
-0.10295
-0.34428
1.5584
-1.7829
0.01928
-0.075277
-0.34479
0.048382
0.84418
-2.1139
1.0581
-0.48188
-0.71428
1.2777
-0.18067
-3.3935
4.5231
-2.701
0.65775
-0.35838
-0.049854
0.025708
0.76152
-2.0461
1.5702
-0.88036
-0.097791
-0.26494
-0.22993
1.2331
-1.3239
0.35553
-0.31793
0.75401
-0.06252
-7.0234
21.22
-24.928
11.358
-0.66787
-1.4573
0.40645
0.10615
-0.13109
-0.15862
0.099354
-0.14958
-0.079364
0.036277
0.21075
0.27732
0.050111
-0.41294
0.47304
0.23834
-2.2443
-2.6661
12.463
-23.014
29.694
-19.771
18.712
-25.174
19.942
-13.014
3.471
-1.4142
0.56878
0.27513
1.3663
-6.0049
5.8503
-5.5489
2.0682
-0.45591
-1.5342
-0.4606
-0.36879
-2.0893
0.64951
-2.445
1.0138
-2.6991
0.085944
-1.3273
-1.1244
-0.89378
-1.302
-1.2009
-0.97787
-1.5107
-0.63584
