-0.28404
-0.11248
-0.01699
-0.0068901
-0.0020625
-0.0035501
-0.0029566
-0.001436
-0.00073398
-0.00062624
-0.00059105
-0.00059558
-0.0014233
-0.0043679
-0.0047192
0.0075283
0.014971
-0.0027873
0.017858
0.043235
0.040818
-0.038106
-0.056428
-0.052013
-0.02859
-0.012077
-0.0015398
0.0035161
0.006254
0.0074111
0.0077434
0.0074486
0.0067887
0.005915
0.0049196
0.0038703
0.0027788
0.0016404
0.00043722
-0.00085363
-0.0022506
-0.0037678
-0.0054027
-0.007169
-0.0090096
-0.010929
-0.012888
-0.014847
-0.016767
-0.018608
-0.02033
-0.021903
-0.023287
-0.024505
-0.025436
-0.026162
-0.026647
-0.026893
-0.026905
-0.026694
-0.026272
-0.025659
-0.024871
-0.023956
-0.022861
-0.021683
-0.020416
-0.019086
-0.017628
-0.016235
-0.014889
-0.013457
-0.012041
-0.010646
-0.0092918
-0.0079574
-0.0066797
-0.005448
-0.0042665
-0.0031366
-0.0020591
-0.0010339
-6.0273e-05
0.00086345
0.0017406
0.0025611
0.0033327
0.0040529
0.0047184
0.0053245
0.0058651
0.0063321
0.0067156
0.0070057
0.0071979
0.0072456
0.0071756
0.0069566
0.0065873
0.0060646
0.0053974
0.0046061
0.0037268
0.0028201
0.0019712
0.0012774
0.00091215
0.0010289
0.0018563
0.0035118
0.0063351
0.010333
0.017365
0.027637
0.046595
0.05917
0.066112
0.010505
-0.023683
-0.017759
-0.012361
-0.0096658
0.0025048
0.0059832
0.0040232
0.0032902
0.0040083
0.0048
0.0051835
0.0051439
0.0052128
0.0067801
0.0093707
0.003992
-0.018889
-0.033524
0.056551
0.21083
0.46279
0.4535
0.44689
0.50041
0.34568
0.52729
0.39429
0.43062
0.42175
0.49937
0.41646
0.38312
0.43977
0.49804
0.36731
0.54365
0.30066
0.52975
0.53133
0.19755
0.70719
0.43985
0.3329
0.6027
0.42873
0.52108
0.069793
0.91692
0.33185
-0.2861
1.5732
-0.085974
1.0984
-0.83421
1.4318
-0.018349
1.3422
-0.41968
0.92181
-0.084767
1.2871
-0.080928
0.99204
-0.36997
1.2323
0.38511
-0.37095
1.6774
-0.10508
1.0034
-0.53948
1.3734
0.58488
-0.63577
1.7768
-0.20796
0.83341
0.26078
0.68325
-0.31164
2.2207
-0.93496
0.76195
1.2902
-0.46166
1.1019
-0.62703
2.2286
-0.63076
0.2774
2.242
-1.5383
1.641
-0.09972
1.0888
-0.41664
0.79488
0.39632
0.59694
0.6151
-0.25695
1.278
0.29995
0.62137
-0.65292
1.5329
0.051789
0.35653
0.45731
0.25774
0.23662
0.21688
0.19537
0.087789
0.043909
0.05507
0.061876
-0.1575
0.090738
-0.34507
-0.70656
1.2708
-3.7995
0.6531
0.22364
-4.3671
4.21
-6.3907
5.4778
-2.6759
-2.6634
5.4447
-5.6814
0.47161
-0.73607
-2.8643
2.0592
-3.6523
0.52268
-1.4323
-1.8994
-0.29953
-0.87694
-1.593
-0.041719
-1.9916
-0.24604
-2.0895
0.48949
-2.3193
-0.59316
-0.93684
-1.1877
-0.93653
-1.004
-0.97099
-0.88646
-0.28404
0.26784
0.10731
0.016253
0.0066461
0.0019982
0.0035694
0.0030189
0.0015012
0.00080978
0.00070263
0.00066398
0.00065533
0.0014572
0.0043877
0.0048104
-0.007462
-0.015603
0.0052309
-0.015936
-0.042299
-0.050794
0.027104
0.048339
0.042952
0.020108
0.0035896
-0.0065068
-0.011326
-0.013751
-0.014653
-0.01472
-0.014185
-0.013285
-0.012198
-0.010978
-0.0097155
-0.0084142
-0.0070649
-0.0056477
-0.0041371
-0.0025119
-0.00075785
0.0011274
0.0031476
0.0052645
0.0074669
0.0097194
0.011981
0.014209
0.016363
0.018401
0.020288
0.021983
0.023504
0.024729
0.025735
0.026484
0.026974
0.027209
0.027196
0.026947
0.026481
0.025811
0.024988
0.023955
0.022815
0.021561
0.02022
0.018727
0.017287
0.015886
0.014382
0.012885
0.011405
0.0099643
0.0085423
0.0071803
0.0058684
0.0046121
0.0034134
0.0022731
0.0011908
0.00016528
-0.00080616
-0.0017281
-0.0025924
-0.0034079
-0.0041737
-0.0048884
-0.0055489
-0.0061508
-0.0066875
-0.0071507
-0.0075318
-0.0078285
-0.0079938
-0.0080576
-0.0079888
-0.0077877
-0.0074522
-0.0069922
-0.0064288
-0.0057985
-0.0051629
-0.0046084
-0.0042216
-0.0041887
-0.0046458
-0.0058338
-0.0078345
-0.011049
-0.015347
-0.022851
-0.033132
-0.052632
-0.064272
-0.074097
-0.018754
0.024612
0.019268
0.01407
0.0088152
-0.0026891
-0.0061715
-0.0044297
-0.0038443
-0.0047101
-0.0056754
-0.0062367
-0.00637
-0.0066211
-0.0083811
-0.011149
-0.0058106
0.016948
0.031283
-0.060141
-0.21276
-0.63501
-0.52902
-0.54341
-0.62247
-0.41994
-0.64088
-0.50011
-0.52721
-0.52205
-0.6051
-0.53212
-0.4664
-0.55094
-0.61409
-0.46358
-0.64585
-0.41468
-0.64596
-0.61675
-0.32065
-0.82679
-0.52741
-0.45595
-0.71401
-0.54272
-0.62248
-0.18637
-1.0518
-0.40976
0.14879
-1.6902
-0.023323
-1.2111
0.71239
-1.5644
-0.072097
-1.4782
0.2932
-1.0297
-0.03465
-1.4149
-0.04469
-1.1021
0.23675
-1.3593
-0.48563
0.23532
-1.8146
-0.0075925
-1.1148
0.40138
-1.5083
-0.68488
0.50007
-1.8988
0.10207
-0.99483
-0.30511
-0.82239
-0.28284
-1.1636
-0.10461
-0.98063
-0.51909
-0.71093
-0.65944
0.41523
-2.3836
0.48252
-0.38069
-2.3881
1.3889
-1.7617
-0.032293
-1.2283
0.28235
-0.89473
-0.53303
-0.73014
-0.71939
0.12986
-1.4045
-0.41807
-0.72496
0.52773
-1.6585
-0.13957
-0.47639
-0.5735
-0.35337
-0.34505
-0.29985
-0.29336
-0.28154
0.30768
-0.41524
-1.213
6.3595
-10.618
6.8874
-1.2718
-1.2875
3.7455
-0.8765
-0.32104
4.258
-4.3367
6.2714
-5.6039
2.5725
2.5429
-5.5715
5.5557
-0.56844
0.61073
2.7506
-2.1886
3.5454
-0.6312
1.3093
1.7772
0.18428
0.77331
1.4724
-0.075097
1.8612
0.14595
1.977
-0.60896
2.1958
0.47619
0.82643
1.0699
0.81524
0.8872
0.89031
0.73156
0.26784
