0.15509
-0.17114
-0.034885
0.12618
0.12291
-0.010522
-0.076297
-0.080419
-0.0045073
0.12697
-0.0096392
0.07002
0.24459
-0.0098723
-0.34414
0.0092801
-0.0059915
-0.30069
0.82163
-0.15258
-0.36044
0.008832
0.22657
-0.13908
-0.075001
0.18455
-0.054171
0.16689
0.89466
-0.85813
-1.2281
0.017301
1.005
0.53405
-0.3834
0.065069
-1.1284
1.2619
-0.71631
-0.42102
0.76666
0.18235
-0.70455
0.28226
0.44672
-0.38675
-0.20976
-0.037493
0.10701
0.017484
0.017484
0.10701
-0.037493
-0.20976
-0.38675
0.44672
0.28226
-0.70455
0.18235
0.76666
-0.42102
-0.71631
1.2619
-1.1284
0.065069
-0.3834
0.53405
1.005
0.017301
-1.2281
-0.85813
0.89466
0.16689
-0.054171
0.18455
-0.075001
-0.13908
0.22657
0.008832
-0.36044
-0.15258
0.82163
-0.30069
-0.0059915
0.0092801
-0.34414
-0.0098723
0.24459
0.07002
-0.0096392
0.12697
-0.0045073
-0.080419
-0.076297
-0.010522
0.12291
0.12618
-0.034885
-0.17114
0.15509
