140.78
142.97
148.95
154.1
153.81
146.68
148.24
141.64
153.54
157.15
156.19
160.18
173.57
181.44
185.9
184.01
165.85
177.55
184.41
187.24
186.59
165.54
171.05
194.73
179.5
159.02
150.39
172.9
233.36
150.93
121.2
154.09
126.8
120.37
104.12
93.648
74.106
75.464
41.635
7.2641
-9.1594
-46.813
-66.072
-78.789
-63.316
-77.124
-156.56
-128.1
-99.94
-84.159
-84.159
-99.94
-128.1
-156.56
-77.124
-63.316
-78.789
-66.072
-46.813
-9.1594
7.2641
41.635
75.464
74.106
93.648
104.12
120.37
126.8
154.09
121.2
150.93
233.36
172.9
150.39
159.02
179.5
194.73
171.05
165.54
186.59
187.24
184.41
177.55
165.85
184.01
185.9
181.44
173.57
160.18
156.19
157.15
153.54
141.64
148.24
146.68
153.81
154.1
148.95
142.97
140.78
