-12.173
-13.18
-13.422
-13.391
-13.331
-13.28
-13.235
-13.197
-13.163
-13.134
-13.109
-13.089
-13.071
-13.055
-13.042
-13.034
-13.023
-12.957
-12.66
-12.135
-26.964
-29.283
-29.264
-28.899
-28.725
-28.558
-28.428
-28.307
-28.209
-28.126
-28.059
-28.005
-27.964
-27.933
-27.912
-27.9
-27.894
-27.894
-27.899
-27.908
-27.919
-27.933
-27.947
-27.962
-27.977
-27.991
-28.003
-28.014
-28.023
-28.03
-28.035
-28.037
-28.037
-28.035
-28.031
-28.025
-28.017
-28.007
-27.996
-27.984
-27.97
-27.956
-27.941
-27.926
-27.91
-27.894
-27.879
-27.863
-27.847
-27.832
-27.816
-27.801
-27.786
-27.772
-27.758
-27.744
-27.731
-27.717
-27.704
-27.692
-27.679
-27.667
-27.654
-27.642
-27.629
-27.617
-27.604
-27.591
-27.578
-27.564
-27.55
-27.535
-27.519
-27.503
-27.486
-27.468
-27.449
-27.428
-27.407
-27.383
-27.358
-27.331
-27.301
-27.268
-27.233
-27.194
-27.151
-27.103
-27.05
-26.99
-26.923
-26.847
-26.764
-26.667
-26.567
-26.38
-26.232
-27.056
-33.2
-33.298
-33.232
-33.155
-33.157
-33.162
-33.167
-33.174
-33.182
-33.191
-33.203
-33.217
-33.232
-33.248
-33.265
-33.285
-33.306
-33.33
-33.457
-35.516
-33.608
-33.293
-33.927
-33.473
-33.532
-33.885
-33.243
-33.79
-33.611
-33.35
-34.039
-33.381
-33.475
-34.11
-33.386
-33.597
-34.171
-33.476
-33.574
-34.253
-33.616
-33.465
-34.372
-33.82
-33.408
-34.417
-34.251
-33.483
-34.041
-34.656
-33.875
-33.583
-34.646
-34.725
-33.793
-33.904
-34.894
-34.91
-33.815
-34.146
-35.049
-35.309
-34.138
-34.152
-35.005
-35.757
-35.037
-34.282
-34.601
-35.631
-36.021
-35.425
-34.58
-34.888
-35.745
-36.495
-36.255
-35.383
-35.041
-35.381
-36.292
-36.906
-36.816
-36.272
-35.646
-35.561
-35.959
-36.748
-37.342
-37.435
-37.099
-36.6
-36.299
-36.028
-36.093
-36.44
-36.977
-37.422
-37.65
-37.61
-37.374
-37.034
-36.679
-36.512
-36.24
-36.008
-35.829
-35.761
-35.702
-35.66
-35.678
-35.668
-35.642
-35.602
-35.554
-35.465
-35.319
-35.215
-34.943
-34.339
-33.334
-32.051
-30.837
-30.168
-30.516
-31.96
-30.245
-27.997
-26.394
-27.183
-25.791
-24.601
-23.665
-23.488
-22.251
-21.293
-21.365
-20.155
-20.014
-18.84
-18.957
-18.301
-17.673
-17.413
-16.757
-17.08
-17.072
-16.194
-15.537
-15.607
-16.048
-15.562
-15.136
-15.28
-15.46
-14.291
-15.564
-12.173
-12.172
-13.18
-13.422
-13.39
-13.331
-13.28
-13.235
-13.197
-13.163
-13.134
-13.109
-13.089
-13.071
-13.055
-13.042
-13.034
-13.023
-12.956
-12.66
-12.138
-26.972
-29.289
-29.268
-28.903
-28.728
-28.561
-28.43
-28.31
-28.211
-28.128
-28.06
-28.007
-27.965
-27.934
-27.913
-27.9
-27.895
-27.895
-27.9
-27.908
-27.92
-27.933
-27.948
-27.962
-27.977
-27.991
-28.003
-28.014
-28.023
-28.03
-28.035
-28.037
-28.037
-28.035
-28.031
-28.025
-28.017
-28.007
-27.996
-27.984
-27.97
-27.956
-27.941
-27.926
-27.91
-27.894
-27.878
-27.863
-27.847
-27.831
-27.816
-27.801
-27.786
-27.772
-27.758
-27.744
-27.73
-27.717
-27.704
-27.692
-27.679
-27.667
-27.654
-27.642
-27.629
-27.617
-27.604
-27.591
-27.577
-27.564
-27.549
-27.535
-27.519
-27.503
-27.486
-27.468
-27.448
-27.428
-27.406
-27.383
-27.357
-27.33
-27.3
-27.268
-27.232
-27.193
-27.15
-27.102
-27.049
-26.989
-26.922
-26.845
-26.762
-26.666
-26.565
-26.378
-26.23
-27.052
-33.199
-33.298
-33.232
-33.155
-33.157
-33.162
-33.167
-33.174
-33.182
-33.191
-33.203
-33.217
-33.232
-33.248
-33.265
-33.285
-33.306
-33.33
-33.457
-35.516
-33.608
-33.293
-33.927
-33.473
-33.531
-33.885
-33.243
-33.79
-33.611
-33.35
-34.039
-33.381
-33.475
-34.11
-33.385
-33.597
-34.171
-33.476
-33.574
-34.253
-33.616
-33.465
-34.372
-33.82
-33.408
-34.417
-34.251
-33.483
-34.041
-34.656
-33.875
-33.583
-34.646
-34.725
-33.793
-33.904
-34.894
-34.91
-33.815
-34.146
-35.049
-35.309
-34.138
-34.152
-35.005
-35.757
-35.037
-34.282
-34.601
-35.631
-36.021
-35.425
-34.579
-34.888
-35.745
-36.495
-36.255
-35.383
-35.041
-35.381
-36.292
-36.906
-36.815
-36.272
-35.646
-35.561
-35.959
-36.748
-37.342
-37.435
-37.099
-36.6
-36.299
-36.028
-36.093
-36.44
-36.977
-37.422
-37.65
-37.609
-37.374
-37.034
-36.679
-36.512
-36.24
-36.007
-35.829
-35.761
-35.702
-35.66
-35.678
-35.668
-35.642
-35.602
-35.554
-35.465
-35.319
-35.214
-34.943
-34.339
-33.333
-32.051
-30.836
-30.168
-30.516
-31.96
-30.245
-27.997
-26.394
-27.183
-25.791
-24.601
-23.665
-23.488
-22.251
-21.293
-21.365
-20.155
-20.014
-18.84
-18.957
-18.301
-17.673
-17.413
-16.757
-17.08
-17.072
-16.194
-15.536
-15.607
-16.048
-15.562
-15.136
-15.28
-15.46
-14.29
-15.564
-12.172
