0.0052077
0.0034042
0.0092316
0.0055604
0.007301
0.0068199
0.0070143
0.0070559
0.007138
0.0069036
0.0069411
0.0072552
0.0072802
0.0072546
0.007414
0.0074273
0.0071586
0.007812
0.012419
0.0013903
-0.0016515
-0.00035109
0.0001364
-0.00031046
-0.0003594
-0.00012317
-0.0001012
-6.3867e-05
-9.4603e-05
-8.309e-05
-8.4374e-05
-7.4943e-05
-7.2644e-05
-6.8254e-05
-6.7784e-05
-6.5501e-05
-6.5011e-05
-6.4422e-05
-6.4294e-05
-6.4315e-05
-6.4565e-05
-6.494e-05
-6.5331e-05
-6.5794e-05
-6.6472e-05
-6.6871e-05
-6.726e-05
-6.7689e-05
-6.8021e-05
-6.8264e-05
-6.8436e-05
-6.8481e-05
-6.8443e-05
-6.8404e-05
-6.8109e-05
-6.7929e-05
-6.7441e-05
-6.7019e-05
-6.6512e-05
-6.5938e-05
-6.5316e-05
-6.4598e-05
-6.393e-05
-6.3176e-05
-6.2295e-05
-6.1497e-05
-6.0693e-05
-5.9647e-05
-5.8554e-05
-5.7911e-05
-5.676e-05
-5.5632e-05
-5.4718e-05
-5.3744e-05
-5.2634e-05
-5.1568e-05
-5.0563e-05
-4.9506e-05
-4.8498e-05
-4.7514e-05
-4.6557e-05
-4.5632e-05
-4.471e-05
-4.3965e-05
-4.3069e-05
-4.2318e-05
-4.1613e-05
-4.0936e-05
-4.0325e-05
-3.9766e-05
-3.9258e-05
-3.8807e-05
-3.8387e-05
-3.8158e-05
-3.7755e-05
-3.7567e-05
-3.7402e-05
-3.73e-05
-3.7253e-05
-3.7273e-05
-3.7326e-05
-3.743e-05
-3.7462e-05
-3.7756e-05
-3.7371e-05
-3.7512e-05
-3.7191e-05
-3.8132e-05
-3.7811e-05
-3.7027e-05
-2.4699e-05
-8.5875e-06
-8.2777e-06
-6.1334e-05
-0.00016695
-1.1013e-05
-0.00036478
-0.0014779
-0.0012198
-0.0021198
-0.0041643
-0.0037559
-0.0035345
-0.003755
-0.0037091
-0.0037259
-0.0037171
-0.0036633
-0.0036642
-0.0037194
-0.0037314
-0.003715
-0.0037425
-0.0035927
-0.0037628
-0.0035092
-0.0028937
-0.0015862
-0.0029623
-0.0017283
-0.001604
0.00017798
-0.0044622
0.00049801
-0.00070385
-0.0044619
0.0013047
-0.0018761
-0.0036633
0.0020078
-0.0035438
-0.0023614
0.0022546
-0.0047887
-0.0010756
0.0016578
-0.0050449
-7.0226e-05
0.00030943
-0.0036975
-0.00028508
-0.0005886
-0.00082474
-0.0027159
-0.0001553
0.00072214
-0.005059
0.00073463
-0.00044857
-0.0011838
-0.0016917
-0.00078442
0.0010877
-0.0038276
0.00018181
-0.0015052
0.0019689
-0.0034403
-0.0001912
-0.0011901
0.0011903
-0.001881
-0.0010891
0.00012891
-0.00025261
-0.00048088
-0.00061534
-0.0006803
-0.00027927
-0.00067574
0.001731
-0.00158
-0.00055956
0.00028185
5.426e-05
-0.00022275
0.0015234
-0.0012723
0.00049602
-0.0019322
0.0039263
-0.0018729
0.00063259
0.0019998
-0.00092884
0.00079709
-0.00053638
0.0024283
-6.8626e-05
2.7101e-05
0.0017746
0.00030661
0.00058586
0.0018422
0.00029379
0.0012574
0.00071509
0.0014715
0.00079865
0.0013174
-0.00052733
0.0022242
0.00031114
0.00075145
0.0014881
0.0011432
0.00051585
0.0018165
0.0011032
0.00068178
0.0013616
0.001379
0.00091213
0.00066156
0.0012877
0.0016491
0.00097662
0.0015866
0.0013926
0.0008024
-0.0038446
0.0097251
-0.018462
0.017744
-0.0093335
-0.0061507
0.015825
-0.021469
0.014155
-0.00080229
-0.018261
0.027654
-0.01828
0.0054926
-0.00082222
-0.00024511
0.0006236
0.00033965
-0.00098659
0.0045763
-0.0015687
0.0059644
-0.0022343
0.0035977
0.0029209
0.0027455
0.0037563
0.0031759
0.0033125
0.0049201
0.0027136
0.0086288
-0.00091024
0.013775
-0.0010277
0.0052077
0.0052076
0.0034041
0.0092314
0.0055602
0.0073009
0.0068198
0.0070142
0.0070557
0.0071378
0.0069033
0.0069442
0.0072508
0.007277
0.0072624
0.0074065
0.0074396
0.0071469
0.00781
0.012432
0.0013818
-0.0016517
-0.00034978
0.00013607
-0.0003114
-0.00035902
-0.0001233
-0.00010095
-6.3894e-05
-9.4499e-05
-8.3065e-05
-8.4309e-05
-7.4906e-05
-7.2603e-05
-6.8225e-05
-6.7761e-05
-6.5486e-05
-6.5002e-05
-6.4419e-05
-6.4296e-05
-6.432e-05
-6.4574e-05
-6.4951e-05
-6.5345e-05
-6.5809e-05
-6.6488e-05
-6.6888e-05
-6.7277e-05
-6.7707e-05
-6.8038e-05
-6.8281e-05
-6.8453e-05
-6.8498e-05
-6.8459e-05
-6.8419e-05
-6.8124e-05
-6.7943e-05
-6.7454e-05
-6.7032e-05
-6.6524e-05
-6.595e-05
-6.5327e-05
-6.4609e-05
-6.394e-05
-6.3185e-05
-6.2304e-05
-6.1506e-05
-6.0701e-05
-5.9655e-05
-5.8562e-05
-5.7919e-05
-5.6768e-05
-5.5639e-05
-5.4725e-05
-5.3752e-05
-5.2641e-05
-5.1575e-05
-5.057e-05
-4.9513e-05
-4.8505e-05
-4.7521e-05
-4.6564e-05
-4.5639e-05
-4.4718e-05
-4.3972e-05
-4.3076e-05
-4.2325e-05
-4.162e-05
-4.0943e-05
-4.0332e-05
-3.9773e-05
-3.9264e-05
-3.8813e-05
-3.8392e-05
-3.8163e-05
-3.7759e-05
-3.757e-05
-3.7405e-05
-3.7301e-05
-3.7253e-05
-3.7272e-05
-3.7324e-05
-3.7427e-05
-3.7457e-05
-3.775e-05
-3.7366e-05
-3.7505e-05
-3.7188e-05
-3.8123e-05
-3.7822e-05
-3.7015e-05
-2.4745e-05
-8.5306e-06
-8.336e-06
-6.1148e-05
-0.00016715
-1.1106e-05
-0.00036439
-0.0014783
-0.0012211
-0.0021171
-0.0041654
-0.0037576
-0.0035325
-0.0037576
-0.0037091
-0.0037262
-0.0037165
-0.003664
-0.0036646
-0.0037196
-0.0037316
-0.0037153
-0.0037427
-0.0035929
-0.003763
-0.0035094
-0.0028939
-0.0015863
-0.0029624
-0.0017283
-0.0016041
0.00017796
-0.0044623
0.000498
-0.00070386
-0.004462
0.0013047
-0.0018761
-0.0036633
0.0020079
-0.0035439
-0.0023614
0.0022547
-0.0047887
-0.0010756
0.0016579
-0.0050449
-7.02e-05
0.00030947
-0.0036975
-0.00028504
-0.00058858
-0.00082469
-0.0027159
-0.00015526
0.00072222
-0.005059
0.00073471
-0.00044854
-0.0011838
-0.0016916
-0.00078438
0.0010878
-0.0038275
0.00018191
-0.0015051
0.001969
-0.0034402
-0.00019111
-0.0011901
0.0011904
-0.0018809
-0.0010889
0.00012902
-0.00025255
-0.00048081
-0.00061522
-0.00068017
-0.00027919
-0.00067568
0.0017311
-0.0015798
-0.00055945
0.00028194
5.4358e-05
-0.0002227
0.0015235
-0.0012722
0.00049611
-0.0019321
0.0039264
-0.0018729
0.00063264
0.0019999
-0.00092878
0.00079715
-0.00053631
0.0024284
-6.8575e-05
2.7129e-05
0.0017746
0.00030667
0.0005859
0.0018423
0.00029383
0.0012574
0.00071512
0.0014716
0.00079868
0.0013174
-0.00052731
0.0022243
0.00031115
0.00075146
0.0014881
0.0011432
0.00051586
0.0018165
0.0011032
0.00068178
0.0013616
0.001379
0.00091212
0.00066155
0.0012877
0.0016491
0.00097661
0.0015865
0.0013926
0.00080237
-0.0038447
0.0097251
-0.018462
0.017744
-0.0093336
-0.0061508
0.015825
-0.021469
0.014155
-0.00080235
-0.018261
0.027654
-0.01828
0.0054925
-0.00082229
-0.00024519
0.00062351
0.00033957
-0.00098667
0.0045762
-0.0015688
0.0059643
-0.0022344
0.0035976
0.0029208
0.0027454
0.0037561
0.0031758
0.0033123
0.00492
0.0027135
0.0086287
-0.00091035
0.013775
-0.0010278
0.0052076
