-0.00062034
1.8119e-05
-0.00042858
3.2877e-06
7.4264e-05
6.1336e-05
8.7664e-05
7.4893e-05
8.4898e-05
9.8052e-05
9.802e-05
9.7991e-05
7.5991e-05
8.0534e-05
0.00018926
0.0001898
0.00011716
0.00067726
0.00055166
0.00033737
-0.0014234
-0.0017477
-0.0012478
-0.0010059
-0.0013512
-0.0012815
-0.0012651
-0.001142
-0.001083
-0.0010085
-0.00094593
-0.00087395
-0.00080033
-0.00072372
-0.00064406
-0.00056313
-0.00048137
-0.00039899
-0.00031657
-0.0002345
-0.00015327
-7.3267e-05
4.9722e-06
8.1556e-05
0.00015531
0.00022629
0.00029426
0.00035881
0.00041964
0.00047655
0.00052928
0.00057773
0.00062151
0.00066184
0.00069588
0.00072593
0.00075138
0.00077229
0.0007887
0.00080074
0.00080857
0.00081238
0.00081229
0.0008095
0.00080167
0.00079152
0.00077843
0.00076279
0.00074123
0.00072154
0.00070345
0.0006801
0.00065544
0.0006296
0.00060359
0.00057553
0.00054777
0.00051967
0.00049149
0.00046337
0.00043545
0.00040789
0.00038082
0.00035435
0.00032902
0.00030365
0.00027981
0.00025691
0.00023519
0.00021469
0.0001955
0.00017769
0.00016134
0.00014645
0.00013328
0.00012128
0.00011119
0.00010259
9.5668e-05
9.0395e-05
8.684e-05
8.5099e-05
8.5331e-05
8.7814e-05
9.2898e-05
0.00010124
0.00011313
0.00012993
0.00015058
0.00018037
0.00021943
0.00028972
0.0003761
0.00046489
0.00047451
0.00041145
0.00074621
0.0001175
-0.00085938
-0.00071837
-0.0005505
-0.00019168
-0.00013902
-0.00010868
-8.1445e-05
-9.4084e-05
-0.00010982
-0.00010843
-9.8275e-05
-9.2874e-05
-6.7453e-05
-4.8068e-05
-0.00012067
-0.00019889
6.8122e-06
0.00044776
0.00079147
0.0018686
-0.00075287
0.0024336
0.0030646
0.0016032
0.002115
0.0026281
0.0024319
0.0018583
0.0030429
0.0021431
0.0019752
0.0030026
0.0020076
0.0019785
0.0030594
0.0020222
0.0018095
0.002964
0.0021307
0.0012596
0.0032835
0.0019994
0.00089357
0.0041379
0.0011705
0.0015865
0.0036473
0.00069205
0.0024615
0.0002038
0.0040047
0.001065
0.0016775
0.0022241
0.0011967
0.0022211
1.1727e-05
0.0028708
0.001098
0.0018706
8.6552e-05
0.0017661
0.0017617
-0.00023927
0.0015525
0.00090506
0.00091798
-0.00030192
0.00098665
0.00092914
-0.00080487
0.00030007
0.00068467
-0.0011308
7.8947e-05
-0.00029097
-0.00096985
-0.00073511
-0.0013865
-0.00050883
-0.001863
-0.0018678
-0.00079043
-0.0030114
-0.0018733
-0.0026647
-0.0021907
-0.0029372
-0.0036671
-0.0024563
-0.003031
-0.005718
-0.002911
-0.0043238
-0.0052857
-0.0048275
-0.0036472
-0.0061623
-0.0055192
-0.0049076
-0.0063693
-0.0063146
-0.0064289
-0.0061109
-0.0072716
-0.0078079
-0.0059948
-0.0081698
-0.0083273
-0.0074946
-0.0079827
-0.0087739
-0.008802
-0.0072514
-0.009188
-0.0091905
-0.0077821
-0.0088552
-0.0092521
-0.0095044
-0.0079825
-0.0079507
-0.0099295
-0.0075944
-0.0078464
-0.0068552
-0.0096672
-0.0015823
-0.0098496
-0.0017386
-0.0071333
-0.0062645
0.0033319
-0.010432
-0.00055366
0.0027384
-0.0053825
0.0016096
-0.00088537
0.0018365
0.0014316
1.0117e-05
0.0027812
-0.00095589
0.0070671
0.00078264
0.0028225
0.0030761
0.0036826
0.0043567
0.0039883
0.0034507
0.0059023
0.0023652
0.007609
0.00015302
0.012239
-0.00062034
0.00062036
-1.81e-05
0.00042859
-3.2891e-06
-7.4269e-05
-6.1336e-05
-8.7648e-05
-7.4904e-05
-8.4996e-05
-9.7846e-05
-9.8111e-05
-9.8247e-05
-7.5489e-05
-8.1064e-05
-0.00018872
-0.00019046
-0.00011685
-0.00067712
-0.00055159
-0.00033727
0.0014255
0.0017483
0.0012466
0.0010072
0.0013514
0.0012822
0.0012652
0.0011422
0.001083
0.0010084
0.00094568
0.00087359
0.00079985
0.00072313
0.00064339
0.00056238
0.00048056
0.00039814
0.00031568
0.00023358
0.00015234
7.2339e-05
-5.8951e-06
-8.2469e-05
-0.0001562
-0.00022716
-0.0002951
-0.00035962
-0.00042042
-0.00047729
-0.00052998
-0.0005784
-0.00062214
-0.00066243
-0.00069643
-0.00072644
-0.00075186
-0.00077273
-0.0007891
-0.00080111
-0.0008089
-0.00081269
-0.00081256
-0.00080975
-0.00080189
-0.00079171
-0.00077859
-0.00076293
-0.00074135
-0.00072163
-0.00070352
-0.00068015
-0.00065547
-0.00062961
-0.00060358
-0.00057551
-0.00054773
-0.00051961
-0.00049142
-0.00046328
-0.00043535
-0.00040777
-0.00038069
-0.00035419
-0.00032886
-0.00030347
-0.00027962
-0.0002567
-0.00023497
-0.00021446
-0.00019526
-0.00017745
-0.00016108
-0.00014619
-0.00013302
-0.00012103
-0.00011094
-0.00010234
-9.5435e-05
-9.0175e-05
-8.6636e-05
-8.4915e-05
-8.517e-05
-8.7678e-05
-9.2791e-05
-0.00010116
-0.00011309
-0.00012991
-0.0001506
-0.00018039
-0.00021951
-0.00028976
-0.00037633
-0.000465
-0.0004751
-0.00041155
-0.00074663
-0.00011942
0.00085948
0.00071868
0.00055073
0.00019158
0.00013901
0.00010898
8.1086e-05
9.4344e-05
0.0001098
0.00010838
9.8369e-05
9.2889e-05
6.7488e-05
4.811e-05
0.0001207
0.00019893
-6.7696e-06
-0.00044771
-0.00079137
-0.0018686
0.00075294
-0.0024336
-0.0030646
-0.0016031
-0.0021151
-0.0026281
-0.0024319
-0.0018583
-0.0030429
-0.002143
-0.0019752
-0.0030026
-0.0020076
-0.0019785
-0.0030593
-0.0020222
-0.0018095
-0.002964
-0.0021307
-0.0012595
-0.0032834
-0.0019993
-0.00089345
-0.0041379
-0.0011704
-0.0015864
-0.0036472
-0.00069188
-0.0024614
-0.00020361
-0.0040046
-0.0010648
-0.0016774
-0.0022239
-0.0011965
-0.0022209
-1.15e-05
-0.0028706
-0.0010978
-0.0018704
-8.6323e-05
-0.0017659
-0.0017615
0.00023952
-0.0015522
-0.00090487
-0.00091772
0.0003022
-0.00098643
-0.00092893
0.00080516
-0.00029979
-0.00068446
0.0011311
-7.8695e-05
0.00029121
0.00097013
0.00073537
0.0013868
0.00050906
0.0018633
0.0018681
0.00079064
0.0030117
0.0018735
0.0026649
0.002191
0.0029374
0.0036674
0.0024565
0.0030313
0.0057183
0.0029112
0.004324
0.005286
0.0048277
0.0036474
0.0061625
0.0055194
0.0049078
0.0063695
0.0063148
0.006429
0.006111
0.0072718
0.007808
0.0059949
0.0081699
0.0083275
0.0074948
0.0079828
0.008774
0.0088022
0.0072515
0.0091881
0.0091906
0.0077822
0.0088553
0.0092522
0.0095045
0.0079826
0.0079508
0.0099296
0.0075945
0.0078465
0.0068553
0.0096673
0.0015824
0.0098497
0.0017387
0.0071334
0.0062646
-0.0033319
0.010432
0.00055374
-0.0027384
0.0053826
-0.0016095
0.00088546
-0.0018364
-0.0014315
-1.0022e-05
-0.0027811
0.00095598
-0.007067
-0.00078255
-0.0028225
-0.003076
-0.0036825
-0.0043566
-0.0039882
-0.0034506
-0.0059022
-0.0023651
-0.0076088
-0.00015294
-0.012239
0.00062036
