0.11949
0.22366
0.24022
0.237
0.23996
0.2337
0.1995
0.26057
0.13775
0.27254
0.15042
0.20657
0.14929
0.15513
0.13171
0.17611
0.11556
0.14703
-0.041691
0.37147
-0.26931
0.27721
-0.11827
0.16411
-0.076871
0.025968
0.024945
-0.12697
0.05594
-0.029519
-0.040285
-0.11036
-0.29501
-0.0016118
-0.25734
-0.060609
0.33149
-0.98583
0.45507
-0.47122
0.0136
-0.2491
-0.10267
-0.37903
-0.047942
-0.26599
-0.14797
-0.28558
-0.17855
-0.231
-0.231
-0.17855
-0.28558
-0.14797
-0.26599
-0.047942
-0.37903
-0.10267
-0.2491
0.0136
-0.47122
0.45507
-0.98583
0.33149
-0.060609
-0.25734
-0.0016118
-0.29501
-0.11036
-0.040285
-0.029519
0.05594
-0.12697
0.024945
0.025968
-0.076871
0.16411
-0.11827
0.27721
-0.26931
0.37147
-0.041691
0.14703
0.11556
0.17611
0.13171
0.15513
0.14929
0.20657
0.15042
0.27254
0.13775
0.26057
0.1995
0.2337
0.23996
0.237
0.24022
0.22366
0.11949
