-1.9522
-1.5446
-1.361
-1.3395
-1.3448
-1.3285
-1.219
-1.3094
-1.2055
-1.2052
-1.1687
-1.1529
-1.1845
-1.1346
-1.1298
-1.1454
-1.1426
-1.1376
-1.097
-1.0934
-1.0917
-1.0794
-1.0941
-1.1124
-1.1052
-1.0862
-1.0929
-1.0977
-1.0839
-1.0467
-1.0029
-0.96984
-0.94675
-0.91972
-0.89694
-0.87623
-0.86765
-0.86654
-0.86291
-0.84564
-0.84162
-0.81922
-0.71194
-0.66556
-0.69176
-0.66958
-0.5585
-0.53268
-0.26376
-0.56831
-0.66745
-0.41911
-0.078805
0.086093
0.34281
0.72591
0.91635
0.81128
0.27668
-0.25892
-0.59203
-0.6531
-0.7375
-0.85732
-0.83415
-0.83064
-0.86782
-0.86158
-0.86172
-0.86673
-0.85024
-0.8594
-0.88671
-0.91279
-0.92263
-0.92342
-0.90538
-0.90024
-0.91031
-0.91663
-0.92446
-0.9201
-0.91866
-0.93421
-0.9569
-0.93655
-0.91374
-0.94656
-0.96526
-0.9576
-0.96112
-0.97674
-0.96061
-0.94712
-0.94219
-0.95074
-0.97064
-0.99083
-1.018
-1.0633
-1.1
-1.1257
-1.1353
-1.1563
-1.206
-1.2054
-1.2211
-1.2391
-1.3442
-1.8671
-1.9073
