0.0019264
-0.00031792
-5.2615e-05
-7.8975e-05
-1.4876e-06
3.028e-05
3.242e-06
4.1207e-06
1.4676e-05
1.7017e-05
1.1694e-05
-1.8346e-06
1.1784e-07
-9.4735e-06
-1.8556e-05
-7.6807e-06
-2.5521e-05
-3.2356e-05
-1.5491e-05
-3.8978e-05
-3.1922e-05
-1.7753e-05
-2.9488e-05
-3.3606e-05
-2.6847e-05
-1.7443e-05
-1.8682e-05
-1.5979e-05
-1.6202e-05
-1.405e-05
-1.0679e-05
-7.2992e-06
-1.0308e-05
-1.2348e-05
-1.2337e-05
-1.1344e-05
-8.5688e-06
-7.0982e-06
-4.8873e-06
-6.3276e-06
-7.9093e-06
-3.0502e-06
-1.6116e-05
1.9426e-06
-1.3842e-05
-5.5672e-06
-3.4656e-05
4.2903e-06
-7.3495e-05
-5.7797e-05
-6.7813e-05
-4.0228e-05
-3.5469e-05
-2.1495e-05
-2.7113e-05
-2.4412e-05
-2.1942e-05
-8.3166e-06
3.2592e-05
4.3387e-05
2.4992e-05
-7.6627e-07
1.0352e-05
5.1288e-07
1.983e-06
2.9972e-06
2.9467e-06
2.0825e-06
4.4e-06
2.9638e-06
3.4534e-06
6.3623e-06
8.7838e-06
1.0141e-05
9.7477e-06
8.3214e-06
4.432e-06
9.4411e-06
9.2595e-06
6.6355e-06
5.5174e-06
3.3417e-06
6.7052e-06
6.9243e-06
6.8684e-06
3.9934e-06
6.1495e-06
1.212e-05
7.4036e-06
8.7024e-06
9.6572e-06
1.1919e-05
1.6095e-05
2.136e-05
1.93e-05
1.5981e-05
1.5207e-05
1.304e-05
1.2521e-05
1.0442e-05
2.3786e-05
2.0854e-05
-8.5016e-07
1.0561e-05
5.4714e-06
1.6905e-05
-5.8557e-05
-5.3197e-05
0.00029221
-0.0011856
-0.00073662
