0.00029849
-0.00038864
8.6286e-05
-2.2759e-05
-6.3305e-05
-1.9567e-05
3.8585e-05
3.6224e-05
4.1658e-05
3.9577e-05
3.7496e-05
3.2977e-05
1.4385e-05
2.8868e-06
-1.128e-05
-2.8656e-05
-3.2998e-05
-3.7943e-05
-5.9899e-05
-7.5044e-05
-9.0927e-05
-0.0001089
-0.00012389
-0.00012505
-0.00012962
-0.0001232
-0.0001067
-7.8413e-05
-6.0841e-05
-4.2393e-05
-2.6017e-05
-1.6692e-05
-1.4843e-05
-1.8239e-05
-2.1461e-05
-2.4458e-05
-2.6549e-05
-1.9727e-05
-9.3249e-06
-8.7354e-06
-1.7554e-06
1.0602e-05
1.1191e-05
3.8827e-05
2.1574e-05
6.3526e-05
4.0681e-05
0.00010389
0.00011207
0.00014149
5.0766e-05
3.6622e-05
3.5639e-05
5.2163e-05
4.2953e-05
2.329e-05
5.8155e-05
3.5437e-05
3.4719e-05
8.6529e-05
1.4361e-05
2.668e-05
1.6363e-05
1.4607e-05
8.8592e-06
-6.4746e-07
-6.9516e-06
-1.0965e-05
-7.6329e-06
-1.2668e-05
-1.091e-05
-7.0445e-06
-4.7108e-06
-2.693e-06
-1.3675e-06
1.1783e-06
3.8209e-06
3.8199e-06
-5.2521e-07
-5.5317e-06
-4.011e-06
2.3749e-06
3.3423e-06
-1.6934e-07
3.26e-06
5.8254e-06
-1.7409e-06
-4.6951e-06
-1.5263e-06
-2.217e-05
-5.6168e-05
-6.9501e-05
-8.1561e-05
-0.00012196
-0.00014593
-0.00015344
-0.00015435
-0.00015362
-0.00015594
-0.00016254
-0.00012262
-0.0001502
-0.00012233
-7.3236e-05
-0.00013188
-0.00012787
-7.5762e-05
-0.00018667
0.0001917
-1.5643e-05
-0.00029016
