0.49771
0.49137
0.47465
0.45901
0.44006
0.41803
0.39319
0.36579
0.35122
0.3361
0.32047
0.30437
0.28783
0.27087
0.25353
0.23584
0.21783
0.19953
0.18098
0.1622
0.14322
0.12408
0.10479
0.085402
0.065929
0.046405
0.026856
0.0073113
-0.012202
-0.031657
-0.051026
-0.070284
-0.089403
-0.10836
-0.12712
-0.14568
-0.16399
-0.18204
-0.1998
-0.21724
-0.23436
-0.25112
-0.26749
-0.28347
-0.29903
-0.31414
-0.32878
-0.34295
-0.35661
-0.38235
-0.40587
-0.42702
-0.44569
-0.46177
-0.47514
-0.48573
-0.49345
-0.49949
-0.49695
-0.48207
-0.46997
-0.45478
-0.43653
-0.41525
-0.39101
-0.36389
-0.34927
-0.33398
-0.31802
-0.30142
-0.28418
-0.26634
-0.24792
-0.22893
-0.20941
-0.18939
-0.1689
-0.14796
-0.12662
-0.10492
-0.082881
-0.060562
-0.038002
-0.015247
0.0076536
0.030649
0.053688
0.076714
0.099674
0.12251
0.14516
0.16757
0.18968
0.21142
0.23275
0.2536
0.27391
0.29362
0.31268
0.33105
0.34865
0.36546
0.38142
0.39649
0.41063
0.43601
0.45731
0.47439
0.48714
0.49552
0.49937
