49.771
52.107
57.818
64.374
69.899
56.049
57.429
70.934
54.968
60.71
52.924
59.204
60.498
56.079
66.063
59.602
58.328
52.105
57.008
56.097
40.132
43.739
59.319
45.856
28.802
11.267
4.177
25.869
106.16
103.7
22.026
16.02
64.203
17.731
65.489
80.19
91.955
61.444
65.33
65.495
26.148
93.196
66.153
85.22
111.62
48.043
2.9136
90.063
128.13
149.68
149.68
128.13
90.063
2.9136
48.043
111.62
85.22
66.153
93.196
26.148
65.495
65.33
61.444
91.955
80.19
65.489
17.731
64.203
16.02
22.026
103.7
106.16
25.869
4.177
11.267
28.802
45.856
59.319
43.739
40.132
56.097
57.008
52.105
58.328
59.602
66.063
56.079
60.498
59.204
52.924
60.71
54.968
70.934
57.429
56.049
69.899
64.374
57.818
52.107
49.771
