0.098053
0.14836
0.19021
0.16794
0.17305
0.17544
0.14569
0.14296
0.17546
0.13029
0.15155
0.1323
0.13999
0.072745
0.17388
-0.032793
0.28339
-0.03115
-0.13181
0.76764
-0.8737
0.901
-0.72086
0.47396
-0.15747
0.0092756
0.074521
-0.29381
0.3068
-0.36618
0.14234
-0.20408
-0.14825
0.28428
-0.58114
0.95397
-1.0058
0.17081
-0.19326
-0.18488
-0.25266
0.093251
-0.089396
-0.55335
0.29004
-0.48221
-0.0035176
-0.24873
-0.13925
-0.16682
-0.16682
-0.13925
-0.24873
-0.0035176
-0.48221
0.29004
-0.55335
-0.089396
0.093251
-0.25266
-0.18488
-0.19326
0.17081
-1.0058
0.95397
-0.58114
0.28428
-0.14825
-0.20408
0.14234
-0.36618
0.3068
-0.29381
0.074521
0.0092756
-0.15747
0.47396
-0.72086
0.901
-0.8737
0.76764
-0.13181
-0.03115
0.28339
-0.032793
0.17388
0.072745
0.13999
0.1323
0.15155
0.13029
0.17546
0.14296
0.14569
0.17544
0.17305
0.16794
0.19021
0.14836
0.098053
