4.1943e-16
0.006209
0.018565
0.032078
0.059099
0.060615
0.062003
0.066312
0.08629
0.095156
0.10683
0.093558
0.13483
0.15243
0.056956
0.35242
-0.23894
0.53047
0.0034317
0.094991
0.25256
0.10872
0.21553
0.12833
0.24132
-0.039845
0.62516
-0.7133
1.4725
-1.222
1.1288
-0.17588
0.078537
0.47958
-0.566
1.3907
-0.83491
0.34611
-0.10759
0.54558
-0.49684
0.73756
-0.075144
-0.21185
0.43849
-0.35983
0.50474
-0.4332
0.28082
-0.05454
0.05454
-0.28082
0.4332
-0.50474
0.35983
-0.43849
0.21185
0.075144
-0.73756
0.49684
-0.54558
0.10759
-0.34611
0.83491
-1.3907
0.566
-0.47958
-0.078537
0.17588
-1.1288
1.222
-1.4725
0.7133
-0.62516
0.039845
-0.24132
-0.12833
-0.21553
-0.10872
-0.25256
-0.094991
-0.0034317
-0.53047
0.23894
-0.35242
-0.056956
-0.15243
-0.13483
-0.093558
-0.10683
-0.095156
-0.08629
-0.066312
-0.062003
-0.060615
-0.059099
-0.032078
-0.018565
-0.006209
5.8076e-16
