89.528
92.51
99.479
106.54
107.61
98.753
102.63
102.09
103.09
101.13
101.79
97.829
104.73
106.75
100.5
102.43
106.35
95.996
101
98.354
70.174
93.432
100.94
92.791
78.108
62.313
61.671
92.302
173
140.59
85.153
135.48
106.5
91.423
106.74
98.718
105.71
116.41
114.56
116.79
121.93
113.29
133.48
79.776
162.22
101.84
25.4
104.01
148.67
172.2
172.2
148.67
104.01
25.4
101.84
162.22
79.776
133.48
113.29
121.93
116.79
114.56
116.41
105.71
98.718
106.74
91.423
106.5
135.48
85.153
140.59
173
92.302
61.671
62.313
78.108
92.791
100.94
93.432
70.174
98.354
101
95.996
106.35
102.43
100.5
106.75
104.73
97.829
101.79
101.13
103.09
102.09
102.63
98.753
107.61
106.54
99.479
92.51
89.528
