1.1664e-13
0.022993
0.0061149
0.071521
0.061573
0.059821
0.098934
0.07965
0.16695
0.073439
0.17453
0.092733
0.24407
0.12742
0.19658
0.14604
0.26124
0.10878
0.32622
0.092015
0.31322
0.18988
0.22943
0.19343
0.23906
0.17819
0.29697
0.10034
0.3204
0.24412
0.03617
0.46477
-0.20629
0.53998
-0.039002
0.080148
0.6584
-0.39604
0.43183
-0.29222
0.96286
-0.5465
0.70516
-0.83877
0.90745
-0.45738
0.49441
-0.22226
0.080461
-0.0075288
0.0075288
-0.080461
0.22226
-0.49441
0.45738
-0.90745
0.83877
-0.70516
0.5465
-0.96286
0.29222
-0.43183
0.39604
-0.6584
-0.080148
0.039002
-0.53998
0.20629
-0.46477
-0.03617
-0.24412
-0.3204
-0.10034
-0.29697
-0.17819
-0.23906
-0.19343
-0.22943
-0.18988
-0.31322
-0.092015
-0.32622
-0.10878
-0.26124
-0.14604
-0.19658
-0.12742
-0.24407
-0.092733
-0.17453
-0.073439
-0.16695
-0.07965
-0.098934
-0.059821
-0.061573
-0.071521
-0.0061149
-0.022993
1.1623e-13
