226.98
276.96
286.89
289.43
290.5
291.12
291.51
291.77
291.96
292.09
292.2
292.29
292.37
292.46
292.57
292.71
292.78
291.28
288.08
285.57
575.79
619.25
616.6
609.77
605.3
600.96
597.47
594.47
592.11
590.22
588.79
587.75
587.05
586.65
586.52
586.64
587
587.58
588.36
589.33
590.48
591.77
593.19
594.71
596.3
597.92
599.54
601.14
602.67
604.12
605.46
606.66
607.72
608.62
609.35
609.91
610.29
610.5
610.54
610.42
610.15
609.74
609.19
608.53
607.76
606.9
605.95
604.94
603.87
602.75
601.58
600.39
599.18
597.96
596.73
595.51
594.3
593.1
591.93
590.78
589.67
588.6
587.57
586.59
585.66
584.79
583.98
583.24
582.57
581.98
581.46
581.02
580.67
580.4
580.21
580.11
580.08
580.13
580.24
580.39
580.58
580.77
580.96
581.11
581.21
581.21
581.11
580.87
580.49
579.95
579.24
578.34
577.31
576.04
574.84
572.93
572.21
588.79
700.91
701.33
700.32
699.45
699.42
699.44
699.45
699.46
699.47
699.5
699.53
699.58
699.65
699.72
699.8
699.88
699.96
700.17
702.03
730.22
681.61
678.7
669.69
636.5
647.24
628.56
618.38
620.24
559.36
609.04
605.24
502.26
576.76
551.26
465.09
557.82
508.41
428.32
531.37
464.9
386.81
486.64
445.68
326.88
408.11
437.06
294.28
352.96
490.59
287.11
192.53
365.46
396.46
192.48
146.37
370.43
326.46
119.34
73.538
323.74
299.2
71.669
-19.816
229.98
271.14
51.749
-179.1
10.57
216.01
203.41
-25.776
-291.23
-108.68
152.62
167.8
-45.711
-233.58
-335.28
-170.97
76.088
80.241
-107.9
-404
-449.94
-347.96
-272.56
-16.249
2.9585
-174.55
-487.17
-343.02
-480.92
-560.22
-486.41
-338.75
-187.3
-72.887
-214.29
-377.25
-508.05
-611.38
-551.48
-432.52
-309.2
-463.87
-524.25
-422.7
-391.13
-352.54
-309.3
-258.89
-210.48
-164.84
-120.89
-77.329
-33.384
9.6408
67.332
156.42
249.69
301.9
54.512
-222.89
-593.88
-1051.1
-529.68
629.4
949.66
438.32
-199.86
688.9
444.63
327.64
888.2
671.57
752.19
799.53
650.31
833.65
792.66
946.34
761.11
857.98
938.2
723.6
677.16
818.98
724.81
659.62
626.02
793.51
560.22
484.41
453.47
431.82
380.54
325.21
226.98
203.34
249.2
258.48
260.91
261.96
262.57
262.94
263.19
263.37
263.49
263.59
263.67
263.74
263.81
263.9
264.02
264.11
262.91
260.08
257.49
518.45
556.27
553.41
547.18
543.08
539.09
535.87
533.11
530.94
529.22
527.93
527
526.39
526.08
526.03
526.23
526.65
527.3
528.16
529.21
530.44
531.83
533.35
534.98
536.69
538.44
540.2
541.94
543.62
545.22
546.72
548.09
549.3
550.36
551.25
551.96
552.49
552.85
553.03
553.05
552.91
552.62
552.19
551.64
550.98
550.22
549.37
548.45
547.46
546.42
545.33
544.2
543.06
541.89
540.72
539.54
538.36
537.2
536.05
534.92
533.82
532.75
531.71
530.72
529.77
528.88
528.04
527.26
526.55
525.92
525.35
524.86
524.45
524.12
523.88
523.71
523.61
523.58
523.61
523.67
523.76
523.86
523.93
523.95
523.89
523.73
523.44
522.99
522.37
521.54
520.52
519.25
517.82
516.08
514.36
511.69
510.98
532.8
673.83
674.14
672.74
671.62
671.59
671.63
671.65
671.67
671.69
671.72
671.76
671.81
671.88
671.96
672.05
672.14
672.24
672.53
675.19
711.43
652.8
649.39
642.98
608
619.07
601.74
589.01
592.99
531.43
580.01
578.81
473.24
548.01
524.88
435.8
529.27
481.96
399.08
502.44
438.39
357.76
456.97
419.2
298.24
377.83
410.33
266.79
322.48
462.04
260.61
163.03
334.74
369.39
165.48
115.83
340.15
299.49
92.19
42.256
293.5
271.88
44.995
-50.835
198.85
242.7
25.719
-208.03
-21.133
185.16
175.83
-52.244
-319.96
-140.9
121.53
139.32
-71.895
-260.42
-366.64
-200.21
60.62
34.778
-128.36
-311.48
-519.32
-426.69
-295.48
-40.589
-23.711
-201.61
-512.74
-369.93
-509.92
-590.81
-517.73
-370.04
-217.88
-102.29
-242.75
-405.33
-536.42
-640.61
-581.95
-464.39
-342.24
-498.1
-559.61
-459.17
-428.63
-391.36
-349.73
-301.13
-256.02
-215.18
-177.97
-151.99
-133.99
-114.95
-16.361
168.55
353.23
408.81
75.622
-239.73
-622.48
-1078.5
-551.85
606.4
922.56
408.55
-224.52
663.38
415.6
300.57
861.22
643.11
725.69
770.25
623.32
805.03
765.92
918
733.43
830.12
910.08
696.24
648.47
789.69
696.75
632.33
598.06
764.15
531.56
456.11
424.51
402.2
352.74
295.82
203.34
