-0.98544
-0.99721
-0.99407
-1.016
-1.0341
-1.0723
-1.1193
-1.1622
-1.2047
-1.2335
-1.2992
-1.3565
-1.3765
-1.4161
-1.4972
-1.5773
-1.6513
-1.6215
-1.5755
-1.6468
-1.7585
-1.7936
-1.7646
-1.7447
-1.7316
-1.6819
-1.5836
-1.4536
-1.257
-1.0439
-1.1794
-1.3635
-1.0561
-0.59202
-0.21955
-0.14152
-0.087233
0.36324
0.88131
1.0794
1.283
1.6164
1.9693
2.3083
2.2938
2.279
2.428
2.5911
2.7268
2.8043
2.8043
2.7268
2.5911
2.428
2.279
2.2938
2.3083
1.9693
1.6164
1.283
1.0794
0.88131
0.36324
-0.087233
-0.14152
-0.21955
-0.59202
-1.0561
-1.3635
-1.1794
-1.0439
-1.257
-1.4536
-1.5836
-1.6819
-1.7316
-1.7447
-1.7646
-1.7936
-1.7585
-1.6468
-1.5755
-1.6215
-1.6513
-1.5773
-1.4972
-1.4161
-1.3765
-1.3565
-1.2992
-1.2335
-1.2047
-1.1622
-1.1193
-1.0723
-1.0341
-1.016
-0.99407
-0.99721
-0.98544
