-6.0607e-17
-4.6209e-05
9.1767e-05
-0.00016414
0.00016973
5.4487e-05
-0.00026171
0.00016437
4.5745e-06
0.00011812
-0.00031232
0.00018831
0.0002146
-0.0005322
0.0001074
0.00063319
-6.1244e-05
-0.00058496
-0.0004984
0.00089369
0.00050371
-0.00081534
-0.00024084
0.00042707
-0.0001098
0.00012838
-0.00039814
-0.00092527
0.0024425
-0.0012554
0.00060314
-0.0027022
0.0024162
0.002033
-0.0025155
-0.00032312
0.00019035
0.00081447
-0.00027758
-0.0010609
0.0010986
0.00026923
-0.0022979
0.0038512
-0.0030006
0.0022145
-0.0015155
0.00050058
0.00020106
-0.00074942
0.00074942
-0.00020106
-0.00050058
0.0015155
-0.0022145
0.0030006
-0.0038512
0.0022979
-0.00026923
-0.0010986
0.0010609
0.00027758
-0.00081447
-0.00019035
0.00032312
0.0025155
-0.002033
-0.0024162
0.0027022
-0.00060314
0.0012554
-0.0024425
0.00092527
0.00039814
-0.00012838
0.0001098
-0.00042707
0.00024084
0.00081534
-0.00050371
-0.00089369
0.0004984
0.00058496
6.1244e-05
-0.00063319
-0.0001074
0.0005322
-0.0002146
-0.00018831
0.00031232
-0.00011812
-4.5745e-06
-0.00016437
0.00026171
-5.4487e-05
-0.00016973
0.00016414
-9.1767e-05
4.6209e-05
-6.0498e-17
