0.6
0.5998
0.5992
0.59819
0.59679
0.59501
0.59284
0.59029
0.58738
0.58413
0.58053
0.5766
0.57237
0.56785
0.56306
0.55801
0.55272
0.54723
0.54154
0.53569
0.52969
0.52358
0.51736
0.51108
0.50476
0.49841
0.49208
0.48577
0.47952
0.47335
0.46729
0.46137
0.45559
0.45
0.44461
0.43944
0.43451
0.42985
0.42547
0.42139
0.41763
0.4142
0.41112
0.40839
0.40603
0.40405
0.40246
0.40126
0.40045
0.40005
0.40005
0.40045
0.40126
0.40246
0.40405
0.40603
0.40839
0.41112
0.4142
0.41763
0.42139
0.42547
0.42985
0.43451
0.43944
0.44461
0.45
0.45559
0.46137
0.46729
0.47335
0.47952
0.48577
0.49208
0.49841
0.50476
0.51108
0.51736
0.52358
0.52969
0.53569
0.54154
0.54723
0.55272
0.55801
0.56306
0.56785
0.57237
0.5766
0.58053
0.58413
0.58738
0.59029
0.59284
0.59501
0.59679
0.59819
0.5992
0.5998
0.6
