317.73
351.86
355.77
356.18
356.47
356.69
356.84
356.92
357.04
357.16
357.27
357.38
357.46
357.59
357.84
357.95
357.96
358.68
343.91
327.4
657.07
751.24
750.97
747.88
744.67
743.21
741.1
739.04
737.24
735.75
734.13
732.65
731.46
730.56
729.69
728.91
728.41
728.18
728.05
727.94
728.07
728.42
728.87
729.21
729.71
730.38
731.11
731.54
732.08
732.71
733.43
733.64
733.92
734.28
734.7
734.56
734.45
734.4
734.4
733.92
733.41
732.95
732.55
731.8
730.96
730.18
729.47
728.55
727.51
726.54
725.64
724.66
723.55
722.52
721.55
720.58
719.53
718.55
717.64
716.77
715.88
715.06
714.31
713.6
712.96
712.38
711.86
711.38
711.01
710.68
710.38
710.1
709.91
709.74
709.55
709.34
709.14
708.93
708.66
708.31
707.94
707.54
707.07
706.52
705.97
705.46
704.93
704.39
703.89
703.56
703.27
703.02
702.87
703.26
703.56
703.45
702.55
725.02
815.82
812.61
809.71
809.47
809.43
809.42
809.39
809.33
809.24
809.13
809.02
808.9
808.75
808.57
808.37
808.14
807.91
807.77
810.52
836.18
807.34
796.26
812.44
814.99
791.29
820.02
839.72
796.32
774.55
833.23
835.9
754.38
782.34
864.71
837.38
712.23
796.77
897.34
839.79
704.12
796.92
903.88
873.28
750.16
740.76
878.76
952.03
828.67
579.84
768.67
949.97
924.96
766.13
627.87
788.08
940.74
961.22
760.66
533.92
762.48
960.44
1043.1
931.97
667.65
537.35
777.42
993.32
1116
965.76
716.34
487.84
632.28
898.8
1084.6
1115.5
1016.7
808.09
573.71
515.33
726.52
923.63
1132
1268.2
1131.5
884.97
785.56
686.92
539.6
658.74
788.65
943.66
1147.6
1266.2
1265.6
1178.1
1032.8
849.74
637.27
693.35
874.34
683.59
657.69
730.59
805.91
889.53
968.67
1041.2
1109.1
1172.6
1229
1276.9
1319.2
1354.9
1382.7
1404.5
1427.9
1447
1484.2
1519.7
1521.8
1423.6
1101.3
731.86
326.92
-156.41
-652.1
249.21
950.16
1128.4
749.02
-67.685
456.85
1057
665.4
529.67
556.05
496.93
535.94
212.21
148.85
219.77
356.29
290.88
303.98
383.55
378.26
416.87
473.97
371.6
312.82
319.12
433.88
324.72
306.06
317.7
345.26
403.11
317.73
295.94
326.73
330.29
330.66
330.93
331.14
331.28
331.35
331.47
331.57
331.68
331.77
331.84
331.96
332.19
332.3
332.39
333.36
319.31
303.6
609.18
695.37
694.65
691.63
688.61
687.16
685.16
683.2
681.46
679.99
678.48
677.12
676.01
675.16
674.4
673.78
673.41
673.28
673.3
673.4
673.71
674.23
674.86
675.44
676.18
677.05
677.99
678.68
679.45
680.3
681.22
681.66
682.15
682.7
683.3
683.34
683.39
683.49
683.63
683.27
682.86
682.49
682.17
681.49
680.71
679.97
679.3
678.42
677.39
676.43
675.54
674.56
673.44
672.39
671.42
670.43
669.36
668.36
667.42
666.53
665.62
664.77
663.99
663.26
662.6
662
661.44
660.93
660.54
660.19
659.86
659.55
659.34
659.14
658.92
658.67
658.46
658.21
657.9
657.51
657.1
656.66
656.14
655.53
654.91
654.34
653.72
653.07
652.45
652.01
651.56
651.13
650.78
650.99
650.95
650.59
649.89
679.56
793.67
789.12
785.01
784.86
784.81
784.81
784.8
784.75
784.66
784.56
784.46
784.34
784.21
784.03
783.84
783.63
783.43
783.43
787.2
820.29
783.28
769.51
786.67
791.39
767.08
793.83
815.62
773.13
749.2
807.56
812.58
730.84
756.43
839.5
814.31
688.38
770.23
871.74
816.41
680.19
769.97
877.92
849.96
727.07
713.86
852.11
927.99
805.96
554.81
741.84
923.97
901.45
743.77
601.85
759.69
914.42
937.46
737.54
508.94
734.62
933.09
1018.3
909.09
644.61
511.54
749.19
966.14
1091
942.56
693.72
462.82
604.37
870.48
1057.4
1090.5
993.51
785.24
549.83
488.94
698.7
895.54
1105.1
1243
1107.8
862.16
762.38
662.42
513.47
631.3
760.61
915.6
1120
1239.6
1240.1
1153.4
1008.4
825.23
612.15
667.35
847.07
655.39
628.53
700.46
774.85
857.68
935.99
1007.6
1074.4
1136.6
1191.1
1236.2
1274.4
1304.6
1319.3
1323.7
1320.9
1310.9
1426.6
1555
1613.6
1534.4
1130.9
716.36
301.17
-182.47
-675.39
230.4
931.5
1105.6
722.99
-93.655
434.79
1034.4
639.92
505.03
532.46
470.83
511.68
187.75
122.63
196.02
330.17
266.77
278.11
359.47
353.29
392.63
449.46
346.72
287.66
293.39
409.48
300.57
280.34
293.79
319.11
373.28
295.94
