-0.42526
-0.25215
-0.50148
-0.45112
-0.47833
-0.50094
-0.48052
-0.40077
-0.47469
-0.48481
-0.48409
-0.47276
-0.39847
-0.47361
-0.49682
-0.46853
-0.43354
-0.54228
-0.40645
-0.24337
-0.012527
0.019679
-0.015868
-0.0059602
-0.0028401
-0.0027448
-0.0031003
-0.0024377
-0.0025818
-0.001149
0.00019205
0.00067051
0.00032594
0.0015913
0.0027422
0.0031886
0.0028941
0.0037481
0.0042755
0.0042095
0.0037816
0.0042391
0.0040016
0.0032629
0.0029701
0.0033682
0.0023964
0.0010741
0.0012961
0.0019719
0.00042301
-0.0011715
-0.00017801
0.00057089
-0.0011003
-0.0024389
-0.0011916
-0.00048034
-0.0017708
-0.0026487
-0.0017509
-0.00096716
-0.0017485
-0.0022616
-0.0017664
-0.0010159
-0.001361
-0.001614
-0.0013975
-0.00079261
-0.0008861
-0.00095608
-0.00082164
-0.0004478
-0.00048303
-0.00039931
-0.00020166
-7.7441e-05
-0.00020497
2.8121e-05
0.00035434
0.00026406
-3.898e-05
0.00035549
0.0007996
0.00050244
0.00012117
0.00060497
0.0010437
0.00067983
0.00032213
0.00073907
0.0010792
0.00083905
0.00046191
0.000748
0.00099524
0.00088847
0.00049569
0.00062103
0.00079331
0.0007989
0.00039872
0.00034647
0.00046193
0.00055509
0.000187
6.29e-05
0.00028279
0.00053078
9.4451e-05
-0.00062
0.00067131
0.0022754
0.001192
-0.014038
0.00067755
0.092613
0.31211
0.63224
0.89718
0.66683
0.72067
0.7682
0.72812
0.60435
0.72234
0.74079
0.74091
0.72232
0.60293
0.73359
0.75742
0.72967
0.6906
0.6086
0.85285
0.51386
0.24261
0.25894
0.1908
0.27037
0.38064
0.16301
0.22098
0.27521
0.42275
0.025238
0.26649
0.33362
0.41858
-0.16359
0.35758
0.37899
0.30244
-0.17811
0.51148
0.10227
0.42544
0.040376
0.53823
-0.5754
1.0905
-0.13296
0.084497
0.35622
0.068551
0.1551
0.17632
0.69346
-0.52435
0.46436
0.67994
-0.51005
0.11854
0.56805
-0.16137
0.59854
0.31015
-0.45348
0.3153
0.18351
0.07408
0.86482
-0.39618
-0.35104
0.75806
-0.095824
0.53597
-0.78273
0.33181
1.3985
-0.37407
-1.255
0.17242
3.3114
-3.1523
0.49563
1.6046
-0.23328
-0.91166
1.4675
-1.1337
-4.2243
9.7537
-4.8171
-1.0654
1.4726
-0.0060407
-0.46876
1.1979
-0.70308
-0.78251
0.71017
2.7811
-1.3906
-12.483
19.983
-7.566
-1.7405
1.0347
0.072251
0.048909
-0.066008
0.13236
-0.0093962
0.034036
0.057957
-0.0085558
-0.028372
0.070641
-0.043351
-0.014328
-0.038153
0.026051
-0.27088
0.17336
-0.79237
0.93614
-1.0694
-1.303
-0.16674
9.9575
-20.405
20.615
0.16764
-12.748
6.876
-5.0332
5.3636
1.1029
-5.8698
1.869
0.10264
-0.15604
-0.3136
-1.7723
-1.3316
5.0947
-6.6404
3.8399
-1.9098
0.59872
-1.3813
0.31005
-0.6643
-0.18158
-0.83698
0.28871
-0.80106
-0.70382
0.18245
-0.93388
-0.31019
-0.23922
-0.42526
-0.30668
-0.1529
-0.34771
-0.30704
-0.32513
-0.34034
-0.32609
-0.27262
-0.32194
-0.3283
-0.32747
-0.3198
-0.27035
-0.31953
-0.33517
-0.31634
-0.29176
-0.36039
-0.27408
-0.17056
0.0023779
0.017053
-0.016875
-0.0051877
-0.0025847
-0.0027739
-0.0032002
-0.0024359
-0.0026175
-0.0012242
9.9659e-05
0.00058346
0.00019507
0.0014278
0.0025745
0.0030347
0.0027046
0.003519
0.0040384
0.0039888
0.0035544
0.0039666
0.0037098
0.0029838
0.0027264
0.0030828
0.0020757
0.00075598
0.0010554
0.0017076
0.00010463
-0.0015009
-0.00039519
0.00034502
-0.0013841
-0.0027368
-0.0013884
-0.00065534
-0.0019937
-0.0028882
-0.0019213
-0.0010891
-0.0019016
-0.0024316
-0.0018998
-0.0010892
-0.0014458
-0.0017135
-0.0014866
-0.00082389
-0.00091114
-0.00099198
-0.00086278
-0.00044461
-0.00046
-0.00038276
-0.00019755
-4.7748e-05
-0.00014708
8.3491e-05
0.00039483
0.00031095
4.0778e-05
0.00043515
0.00086344
0.00055787
0.00020978
0.00069271
0.0011158
0.00073984
0.00040336
0.0008208
0.0011495
0.00089416
0.00052476
0.00081359
0.0010543
0.00093222
0.00053259
0.00066327
0.0008351
0.00082889
0.00040742
0.00036017
0.00048366
0.0005753
0.00017487
4.511e-05
0.00027765
0.00053462
5.9164e-05
-0.0005676
0.00070453
0.0020854
0.0004549
-0.013585
0.00384
0.080218
0.24364
0.50094
0.7138
0.52668
0.57057
0.60854
0.57587
0.47793
0.57109
0.58615
0.58646
0.57146
0.47646
0.58056
0.59989
0.57763
0.54635
0.4851
0.66848
0.41996
0.18576
0.20234
0.15408
0.21415
0.3017
0.12261
0.19601
0.20195
0.34323
0.0058436
0.23578
0.2499
0.35156
-0.16731
0.31508
0.29194
0.251
-0.17813
0.46246
0.01844
0.38817
0.024083
0.49411
-0.63167
1.0368
-0.17709
0.068595
0.3343
-0.014663
0.10945
0.18415
0.65188
-0.57596
0.41733
0.64003
-0.54436
0.12243
0.52289
-0.22905
0.5833
0.27122
-0.46832
0.30379
0.12784
0.032102
0.8419
-0.44049
-0.33325
0.72134
-0.13064
0.50695
-0.82859
0.3132
1.389
-0.40059
-1.2621
0.13719
3.2888
-3.1808
0.46708
1.5917
-0.26396
-0.90424
1.4458
-1.156
-4.2387
9.7248
-4.829
-1.0855
1.4569
-0.025861
-0.48209
1.19
-0.71556
-0.78951
0.69385
2.7724
-1.4045
-12.491
19.973
-7.5755
-1.7482
1.0251
0.066642
0.040541
-0.07107
0.12485
-0.014688
0.027852
0.050402
-0.001604
-0.02832
0.066417
-0.076828
0.03595
0.063229
-0.055989
-0.46716
0.2519
-0.67046
0.90614
-1.227
-1.1972
0.01996
9.8813
-20.385
20.677
0.20603
-12.743
6.8907
-4.9356
5.4165
1.1149
-5.8037
1.9551
0.1373
-0.089541
-0.22802
-1.7097
-1.2413
5.1718
-6.5571
3.9339
-1.8186
0.69729
-1.2788
0.41254
-0.55125
-0.065342
-0.73609
0.40856
-0.66108
-0.58986
0.31074
-0.77399
-0.19204
-0.14236
-0.30668
