0.0069373
0.0012897
-0.00097787
0.00055932
0.0039782
0.0031383
0.0031757
0.0030306
0.002496
0.0016696
0.0015455
0.0017802
0.0014999
0.0011793
0.0013486
-0.0011124
0.0012
0.0019968
0.00042234
-0.0011536
-0.0341
-0.012035
-0.017237
-0.026572
-0.031255
-0.02619
-0.032588
-0.038006
-0.038692
-0.034179
-0.037419
-0.040165
-0.038481
-0.032581
-0.031779
-0.031886
-0.028444
-0.021896
-0.018253
-0.016157
-0.011912
-0.0062198
-0.002658
0.00066753
0.0046746
0.0082984
0.0093965
0.013065
0.016039
0.017167
0.015216
0.018698
0.020079
0.019076
0.015768
0.017969
0.017716
0.015698
0.01272
0.012997
0.011718
0.00965
0.0073921
0.0064594
0.0046704
0.0028872
0.0014267
0.00017912
-0.0018165
-0.0032757
-0.0040445
-0.0048593
-0.0069607
-0.0081985
-0.0084308
-0.0083449
-0.010576
-0.011694
-0.011497
-0.010378
-0.012769
-0.013846
-0.013306
-0.011195
-0.013817
-0.014732
-0.013866
-0.011443
-0.013791
-0.014448
-0.01351
-0.011379
-0.012875
-0.013433
-0.012672
-0.010833
-0.01156
-0.012147
-0.011634
-0.010143
-0.010287
-0.011061
-0.010869
-0.0097579
-0.0094989
-0.010653
-0.010868
-0.01011
-0.0094272
-0.010841
-0.011454
-0.011022
-0.0097514
-0.011375
-0.0099183
-0.013793
-0.034749
0.048592
-0.0042836
0.0086565
0.021584
0.014839
-0.0071877
-0.00040109
-0.00072664
-0.0010601
-0.0011337
-0.0012183
-0.0014655
-0.001794
-0.0021738
-0.0027252
-0.0033817
-0.001419
0.001362
-0.0056975
-0.015168
-0.0071195
-0.66193
-0.60903
-0.42102
-0.4431
-0.53066
-0.48302
-0.44502
-0.55484
-0.43978
-0.47213
-0.50573
-0.48875
-0.48649
-0.43871
-0.56287
-0.42824
-0.50916
-0.37523
-0.66197
-0.4698
-0.34879
-0.47925
-0.57871
-0.48467
-0.49724
-0.44821
-0.30918
-0.78467
-0.52027
-0.35358
-0.47773
-0.3975
-0.69315
-0.25557
-0.36052
-0.94749
-0.090405
-0.90808
-0.37133
-0.045656
-1.0311
0.16715
-1.1467
-0.72188
0.088599
-0.092435
-1.3895
-0.06584
-0.75514
-0.24145
-0.68742
-0.7955
0.17299
-0.94103
0.044444
-1.1391
-0.46613
-0.11594
-0.92344
-0.56217
0.18619
-1.2873
0.34316
-1.5917
-0.82261
0.85609
-0.65593
-1.2573
-0.074174
-0.86656
-0.57377
0.097565
-0.97329
-0.14943
-1.1331
0.31601
-0.92078
-2.2149
1.6609
-0.068791
-2.4817
0.20093
-0.428
-0.6336
-0.59187
-0.54543
-0.56299
-0.55866
-0.54732
-0.55024
-0.54661
-0.5323
-0.53736
-0.52328
-0.52552
-0.5189
-0.55568
-0.47521
-0.39299
-0.96421
-0.35553
-1.0443
0.16234
-3.9908
3.4973
0.39048
-7.2394
3.7665
-1.7525
0.71179
5.0582
-11.028
2.2301
5.2744
-4.051
-2.4133
3.5696
-4.6078
5.6102
-3.7721
-1.1633
0.94786
0.0089619
-1.9835
0.18414
-0.18556
-0.5018
-0.33842
-0.39807
-0.028983
-0.82877
-0.18618
0.016455
-0.74678
-0.10479
-0.42885
-0.53965
0.0069373
-0.0085635
-0.0010933
0.0012601
-0.00050323
-0.0038311
-0.0030886
-0.003134
-0.0030085
-0.0024931
-0.0016697
-0.0015375
-0.0017819
-0.0015514
-0.0011597
-0.0011004
-0.00026297
0.0007398
0.0011161
0.00090803
0.00069996
0.032082
0.0040214
0.011126
0.020016
0.024358
0.020621
0.02613
0.031044
0.032013
0.028519
0.031278
0.033506
0.032036
0.027062
0.026188
0.02577
0.022478
0.01674
0.013381
0.01077
0.0066244
0.001626
-0.0013904
-0.0051946
-0.0091326
-0.012172
-0.012581
-0.016661
-0.019579
-0.020227
-0.017569
-0.021393
-0.022691
-0.021294
-0.017446
-0.019827
-0.019466
-0.017166
-0.01385
-0.014151
-0.012768
-0.010522
-0.0080668
-0.0070934
-0.0052162
-0.0033285
-0.0017681
-0.00047415
0.0015846
0.0030976
0.0039037
0.0047398
0.0068742
0.0081282
0.0083593
0.0082674
0.010496
0.011598
0.011377
0.010243
0.012591
0.013619
0.013046
0.010942
0.013471
0.014309
0.013413
0.011034
0.013249
0.01381
0.012853
0.010791
0.012154
0.0126
0.011826
0.010078
0.010703
0.011166
0.010643
0.009259
0.009357
0.0099932
0.0097908
0.0087964
0.0085616
0.009562
0.0097617
0.0091237
0.0085363
0.0097983
0.01038
0.010049
0.0089444
0.010099
0.0094116
0.013381
0.031039
-0.043282
0.0040649
-0.0075575
-0.019181
-0.013375
0.0061166
0.00068208
0.00078099
0.0010147
0.0011048
0.0011925
0.001397
0.0016811
0.0020062
0.0025188
0.0031507
0.00072023
-0.00019893
0.0036518
0.0088134
0.007029
0.52597
0.48941
0.33239
0.34967
0.43044
0.37047
0.35659
0.45426
0.34
0.3721
0.40472
0.39629
0.37885
0.34748
0.45537
0.34342
0.39848
0.28767
0.55435
0.37787
0.24629
0.38567
0.47024
0.39215
0.40571
0.34037
0.21434
0.68439
0.42853
0.24403
0.39161
0.28797
0.59834
0.17372
0.25425
0.8476
0.0019453
0.79484
0.27991
-0.043414
0.91842
-0.24764
1.0416
0.61261
-0.17094
0.00069211
1.2691
-0.0029009
0.6349
0.14948
0.60795
0.69009
-0.28277
0.85024
-0.12645
1.0371
0.35621
0.027855
0.82755
0.45384
-0.2797
1.1874
-0.42252
1.4805
0.73198
-0.94961
0.55518
1.161
-0.029267
0.76903
0.47561
-0.2022
0.88592
0.059967
1.0327
-0.41435
0.82532
2.1139
-1.7607
-0.031753
2.3798
-0.29854
0.32856
0.53271
0.48786
0.44162
0.46579
0.45943
0.4229
0.44145
0.51352
0.41285
0.19665
0.549
1.2468
-0.55261
-3.1461
7.3124
-5.0778
6.3645
-3.6015
0.95601
0.65155
3.6537
-3.7552
-0.42627
7.1393
-3.8963
1.6584
-0.83717
-5.1578
10.921
-2.3332
-5.3947
3.9438
2.3083
-3.694
4.5042
-5.701
3.6543
1.0544
-1.0608
-0.11957
1.8732
-0.28026
0.073707
0.38977
0.23072
0.2846
-0.08611
0.72431
0.085857
-0.1351
0.63873
-0.0019665
0.3129
0.37566
-0.0085635
