-2.2248
-2.0257
-2.0136
-2.0864
-2.1326
-2.0828
-2.1425
-1.9001
-2.0964
-1.7914
-1.8562
-1.7239
-1.7927
-1.7496
-1.7005
-1.755
-1.6303
-1.7631
-1.6714
-1.6777
-1.6572
-1.6809
-1.636
-1.5566
-1.6263
-1.6479
-1.536
-1.4872
-1.5128
-1.5345
-1.4518
-1.3882
-1.3932
-1.3713
-1.2513
-1.1798
-1.2168
-1.2749
-1.1367
-1.0248
-1.0085
-0.99194
-0.92464
-0.88818
-0.83034
-0.77503
-0.59881
-0.34064
-0.056173
-0.72298
-0.19362
-0.4604
0.13112
0.42012
0.29295
0.69744
1.1492
1.0696
0.60703
0.025929
-0.89419
-0.7135
-0.69057
-0.66906
-0.96951
-1.0531
-1.0324
-1.0373
-1.1772
-1.1055
-1.219
-1.225
-1.3553
-1.3782
-1.3211
-1.3676
-1.335
-1.3625
-1.3173
-1.3506
-1.3466
-1.3135
-1.2955
-1.3064
-1.3226
-1.3357
-1.3422
-1.3339
-1.3145
-1.3042
-1.3811
-1.3737
-1.4232
-1.4919
-1.4839
-1.5099
-1.5095
-1.586
-1.6613
-1.6222
-1.6851
-1.4559
-1.7823
-2.0531
-2.3923
-2.4287
-2.2366
