-0.0027209
-0.00093146
-0.0025074
-0.00023818
-0.00095825
-0.0021732
-0.0031743
-0.0021806
-0.0037894
-0.0016602
-0.0026507
-0.0021284
-0.0018978
-0.0029687
-0.0011605
-0.0034995
-0.0012375
-0.0017247
-0.0028129
-0.0011697
-0.0012608
-0.0017345
-0.0015106
-0.00078554
-0.00043945
-0.00081361
-0.0006983
-0.00025633
-7.0228e-05
0.00024435
-0.0003204
0.00011571
0.00018841
0.00045415
0.000366
0.00032857
0.00020783
0.00040083
0.00043998
0.0003766
0.00046311
0.00032545
0.00065067
0.00022913
0.00067448
0.00015926
0.00059297
0.00013647
0.00045367
0.00044673
0.00027456
0.00023699
0.00028274
0.00013195
0.0001018
0.00011328
4.6314e-05
1.2487e-05
2.058e-05
1.6173e-05
8.3601e-06
9.8669e-05
3.5538e-05
0.00010265
0.00016944
8.6503e-05
0.00013468
0.00016788
0.00019643
0.00015357
0.00018613
0.00013519
0.00021429
0.00012183
0.00026009
0.00013531
0.00028993
0.00021022
0.00032984
0.00029818
0.00058973
0.00039718
0.00042597
0.0006652
0.00082062
0.00093097
0.00076435
0.00037806
0.00022652
3.4167e-05
-0.00050711
-0.00044737
-0.0011572
-0.0024872
-0.001405
-0.0025529
-0.0016318
-0.0023338
-0.0023388
7.35e-05
-0.0013891
-0.00015693
0.00033962
-0.0043541
0.00085793
0.0006418
0.00048891
