-0.0059088
-0.0072553
-0.0043554
-0.0061818
-0.0036614
-0.0031237
-0.0024635
-0.0049826
-0.0038627
-0.004039
-0.0040723
-0.0050879
-0.0055713
-0.0046113
-0.0076049
-0.0040783
-0.0077396
-0.0066345
-0.0050191
-0.0069806
-0.0074696
-0.0044311
-0.0051779
-0.0063154
-0.0055689
-0.004062
-0.0036839
-0.0043532
-0.004614
-0.0034828
-0.0022105
-0.0025656
-0.0029109
-0.0023695
-0.00159
-0.0020845
-0.0023659
-0.0012637
-0.0015739
-0.0017497
-0.0010367
-0.0015286
-0.00088644
-0.0011882
-0.00062043
-0.00092291
-0.00037442
-0.00060986
-0.00030237
-0.00023132
2.6321e-05
-9.8921e-05
-2.8386e-05
-2.4723e-05
-5.7889e-05
-2.439e-05
-6.1903e-05
-1.4435e-05
-4.677e-06
-4.0709e-05
-0.00011999
-0.00010401
-0.0002571
-0.00024891
-0.00016551
-0.00028076
-0.00035537
-0.00024263
-0.00036153
-0.0004177
-0.00037497
-0.00037458
-0.00027966
-0.00021434
-0.00017381
-0.00018836
-0.00011169
-0.0002078
-0.00028616
-0.00037677
-0.00053886
-0.0010325
-0.0012757
-0.0013852
-0.0014642
-0.0015192
-0.0014841
-0.0021205
-0.0031554
-0.0036221
-0.0029539
-0.0049972
-0.0044636
-0.0052425
-0.0073769
-0.0063156
-0.0075315
-0.0056857
-0.0050633
-0.0057719
-0.0031875
-0.0027083
0.0007177
-0.00085406
0.0033588
-0.010995
0.0021535
