0.48313
0.47116
0.45646
0.43922
0.41966
0.39794
0.37424
0.34871
0.3215
0.30732
0.29277
0.27789
0.26267
0.24715
0.23135
0.21527
0.19895
0.1824
0.16564
0.14868
0.13156
0.11429
0.096893
0.079385
0.061789
0.044127
0.026418
0.0086845
-0.0090527
-0.026772
-0.044454
-0.062075
-0.079615
-0.097052
-0.11437
-0.13154
-0.14854
-0.16536
-0.18197
-0.19836
-0.2145
-0.23038
-0.24596
-0.26125
-0.27621
-0.29083
-0.30508
-0.31896
-0.33245
-0.35817
-0.38211
-0.40415
-0.42417
-0.44207
-0.45775
-0.4711
-0.48203
-0.49046
-0.49821
-0.49898
-0.47806
-0.46476
-0.44809
-0.42791
-0.40407
-0.37643
-0.36115
-0.34487
-0.32759
-0.3093
-0.28999
-0.26968
-0.24837
-0.22608
-0.20284
-0.17869
-0.15367
-0.12784
-0.10127
-0.07405
-0.046273
-0.018045
0.010514
0.039278
0.068109
0.096867
0.1254
0.15358
0.18124
0.20825
0.23448
0.25981
0.28411
0.3073
0.32929
0.35001
0.3694
0.38742
0.40405
0.41928
0.43311
0.45659
0.47468
0.48766
0.49586
0.49938
0.48801
