0.01428
0.022784
0.032765
0.043961
0.0561
0.068914
0.082142
0.095532
0.10885
0.11541
0.12186
0.12819
0.13437
0.14038
0.14619
0.15178
0.15714
0.16225
0.16708
0.17162
0.17586
0.17979
0.18339
0.18665
0.18956
0.19211
0.19429
0.1961
0.19754
0.19859
0.19927
0.19955
0.19945
0.19897
0.1981
0.19685
0.19523
0.19324
0.19088
0.18817
0.18511
0.18171
0.17799
0.17395
0.16961
0.16498
0.16008
0.15492
0.14952
0.13806
0.12586
0.11307
0.099878
0.086459
0.073007
0.059725
0.046819
0.034499
0.017583
-0.00095816
-0.017068
-0.018694
-0.018279
-0.015793
-0.011267
-0.0048057
-0.0009066
0.003396
0.0080626
0.013047
0.018297
0.023754
0.029352
0.035021
0.040685
0.046264
0.051678
0.056841
0.061671
0.066086
0.070011
0.073374
0.076113
0.078178
0.079528
0.080137
0.079995
0.079106
0.077489
0.075179
0.072226
0.068692
0.064649
0.06018
0.055374
0.050323
0.045122
0.039867
0.034648
0.029553
0.024666
0.015802
0.008558
0.0032971
0.00024525
0.0010647
0.010661
