140.78
142.97
148.95
154.1
153.81
146.68
148.24
141.64
153.55
157.15
156.19
160.18
173.57
181.45
185.9
184.01
165.85
177.55
184.41
187.24
186.59
165.54
171.05
194.74
179.51
159.02
150.39
172.9
233.37
150.94
121.2
154.09
126.81
120.37
104.12
93.649
74.107
75.465
41.636
7.265
-9.1585
-46.812
-66.071
-78.788
-63.316
-77.123
-156.56
-128.1
-99.939
-84.158
-84.158
-99.939
-128.1
-156.56
-77.123
-63.316
-78.788
-66.071
-46.812
-9.1585
7.265
41.636
75.465
74.107
93.649
104.12
120.37
126.81
154.09
121.2
150.94
233.37
172.9
150.39
159.02
179.51
194.74
171.05
165.54
186.59
187.24
184.41
177.55
165.85
184.01
185.9
181.45
173.57
160.18
156.19
157.15
153.55
141.64
148.24
146.68
153.81
154.1
148.95
142.97
140.78
