253.62
276.93
272.97
271.86
271.68
271.58
271.75
271.83
271.89
272.09
272.28
272.37
272.59
272.87
273
273.34
273.75
272.63
269.36
259.44
538.88
595.68
594.15
583.8
577.31
572
566.82
562.93
560.06
557.26
554.46
552.38
550.62
548.91
547.33
546.13
545.07
544.16
543.46
542.91
542.5
542.28
542.19
542.16
542.25
542.47
542.71
543
543.34
543.72
544.06
544.45
544.81
545.14
545.45
545.78
546.02
546.2
546.42
546.6
546.68
546.71
546.8
546.82
546.74
546.65
546.61
546.49
546.28
546.11
545.95
545.73
545.46
545.25
545.02
544.76
544.51
544.29
544.07
543.86
543.67
543.51
543.35
543.24
543.16
543.08
543.03
543.02
543.01
543.01
543.02
543.04
543.04
543.03
542.99
542.94
542.85
542.72
542.55
542.36
542.09
541.76
541.4
541
540.41
539.75
539.04
538.15
536.87
535.48
533.94
531.86
529.13
526.31
522.92
517.52
515.38
542.03
689.1
684.78
682.75
682.14
682.24
682.26
682.29
682.28
682.23
682.2
682.17
682.09
682.02
682
681.91
681.86
681.89
680.97
681.9
719.06
658.88
689.93
670.67
704.53
648.42
706.75
659.26
703.82
682.05
693.14
708.46
663.52
734.19
633.59
737.11
579.73
725.97
711.38
643.28
767.26
512.2
795.03
687.85
670.04
787
553.43
730.98
836.09
432.26
793.3
748.41
459.35
830.26
759.9
438.8
807.41
839.05
338.81
779.86
823.3
409.11
747.09
980.46
675.76
331.76
825
977.47
464.08
460.27
956.27
945.29
494.13
387.48
877.7
1079.6
615.55
111.02
671.11
1096.3
1057.7
654.94
145.55
517.38
1037.7
1191
783.38
483.72
255.39
579.95
983.4
1276.8
1113
590.02
500.78
267.22
467.64
730.83
1043.7
1264.6
1209.5
889.58
590.17
386.08
217.54
410.22
588.21
530.7
644.12
773.45
891.96
996.17
1087.3
1165.7
1226.4
1271.9
1307
1330.1
1345.6
1364.9
1357.3
1232.4
947.18
600.23
-594
-188.04
834.71
1018.6
108.13
191.42
593.18
356.9
261
410.86
254.28
365.82
236.09
461.75
63.678
369.56
417.31
96.056
349.28
610.44
225.24
158.16
86.378
106.75
158.37
181.72
209.31
239.64
262.85
285.38
316.68
173.2
190.51
306
253.62
242.97
264.48
260.43
259.35
259.16
259.05
259.21
259.27
259.31
259.5
259.67
259.75
259.95
260.22
260.33
260.66
261.05
259.97
256.83
247.39
514.52
568.62
567.08
557.16
550.95
545.86
540.89
537.13
534.35
531.61
528.89
526.85
525.1
523.41
521.86
520.65
519.59
518.69
518
517.45
517.05
516.85
516.77
516.75
516.86
517.12
517.38
517.69
518.06
518.48
518.85
519.26
519.65
520.01
520.35
520.7
520.96
521.16
521.38
521.57
521.66
521.7
521.79
521.82
521.74
521.66
521.63
521.52
521.34
521.19
521.07
520.88
520.67
520.5
520.33
520.14
519.94
519.79
519.63
519.48
519.36
519.25
519.16
519.09
519.04
519.01
518.99
519
519.01
519.03
519.05
519.07
519.08
519.07
519.03
518.98
518.88
518.75
518.58
518.38
518.1
517.76
517.39
516.97
516.37
515.69
514.95
514.01
512.66
511.2
509.57
507.35
504.43
501.39
497.73
491.95
489.78
518.6
675.75
671.06
668.92
668.27
668.39
668.42
668.46
668.46
668.42
668.39
668.37
668.29
668.22
668.2
668.12
668.06
668.09
667.19
668.42
708.34
643.9
675.89
656.9
690.45
634.31
692.48
645.4
689.63
668.56
678.96
695.23
649.37
720.75
619.14
723.24
566.2
711.9
698.19
629.21
753.93
498.82
780.98
674.67
655.74
773.55
540.41
717.03
823.21
419.15
779.51
735.64
445.62
816.66
747.4
425.53
794.07
826.95
326.13
766.39
811.08
396.78
733.67
968.1
664.47
319.39
812.3
966.36
453.26
447.51
944.4
936.05
485.71
376.82
870.79
1097
709.86
115.85
603.57
1051.5
1031.4
630.48
120.17
491.63
1011
1160.1
743.17
431.54
211.61
572.84
1029.3
1288.4
1031.9
571.78
515.79
278.82
471.83
730
1040.6
1261.7
1209.9
896.06
589.88
344.05
610.33
368.13
379
493.94
626.4
749.53
867.7
971.82
1061.6
1137.8
1194.6
1230.9
1245.8
1245.5
1273.1
1403.7
1471.7
1294.9
955.22
589.75
-605.83
-197.57
825.42
1007.6
96.251
181.23
582
344.79
250.13
398.79
243.13
353.66
224.75
449.62
52.059
357.48
404.8
84.192
337.52
598.03
212.26
145.55
74.252
94.912
146.67
170.03
197.55
227.77
250.92
273.47
305.12
162.12
178.53
292.3
242.97
