1.9531
2.9798
2.9373
3.8913
3.3653
2.759
3.8787
3.66
2.6397
3.8538
3.8625
2.6799
3.7414
3.9789
2.8939
3.5629
4.0981
3.2487
4.1112
1.6138
0.46845
0.068228
-0.10305
-0.059825
-0.049004
-0.039097
-0.017075
-0.009604
-0.0035449
-0.0028607
0.0032451
0.0062906
0.0081535
0.0078763
0.0091193
0.010851
0.011339
0.010341
0.01035
0.012267
0.011747
0.011513
0.011137
0.013298
0.012395
0.012769
0.012749
0.014471
0.014115
0.014081
0.014864
0.015954
0.016266
0.015059
0.016931
0.017492
0.018025
0.015508
0.018488
0.018698
0.018663
0.016361
0.019136
0.019303
0.018439
0.017307
0.019261
0.019325
0.017795
0.017962
0.019163
0.019147
0.016909
0.01844
0.018961
0.018992
0.015923
0.018762
0.018684
0.018688
0.015541
0.018765
0.01842
0.017996
0.01615
0.018482
0.018269
0.017258
0.016911
0.018395
0.01842
0.016654
0.017848
0.018667
0.01899
0.016298
0.018962
0.019298
0.019701
0.016445
0.019853
0.019796
0.019493
0.017334
0.019071
0.018927
0.016979
0.016517
0.013821
0.015368
0.01007
0.012596
0.0044662
0.0091319
-0.0050267
-0.024459
0.0092997
0.1784
1.0134
2.0918
0.9166
1.3849
0.91681
0.57007
1.1404
0.94123
0.43333
1.0106
0.99772
0.41058
0.89251
1.0586
0.4855
0.78482
1.1788
0.64255
1.0341
0.93509
-0.049685
-0.19495
0.44157
0.26037
0.35582
0.2526
0.36917
0.1408
0.33729
0.51392
-0.27819
1.1144
-0.33904
0.64545
-0.060654
0.76949
0.20993
0.24011
0.47437
-0.11375
0.64261
1.1723
-0.63212
0.91446
0.045801
0.39923
0.60249
0.64549
-1.0881
2.3101
-1.046
0.63003
0.42481
0.31622
-0.12077
0.72196
0.59803
-0.9262
1.986
-1.3035
1.8959
-0.37395
0.33425
0.86734
-0.58105
1.3738
-0.92223
1.5832
-0.010149
0.018479
0.35089
0.66357
-0.4721
1.6931
-0.70047
0.18327
1.8806
-1.5113
1.0523
-0.29601
0.66919
0.81391
-0.81449
2.1178
-0.93351
-0.58911
1.5464
-0.14054
0.66769
-0.12389
1.1311
1.1491
-4.8625
6.2804
-4.1294
3.4534
0.021475
0.058706
0.74726
0.063573
0.34122
0.39182
0.34258
-1.6976
-0.12486
0.72709
1.4794
0.54863
0.45507
0.62702
0.48422
0.39377
0.26816
0.25759
0.24523
0.22415
-0.020983
-0.68127
-0.39399
0.96772
0.74315
-2.2931
10.533
-6.5679
-0.012337
-6.6994
5.0901
-0.35342
2.0187
-6.4532
4.4869
-0.14864
-1.9361
2.8451
-3.5467
2.8033
-0.084803
1.8584
-0.75913
1.4205
1.6083
0.42273
1.0413
1.0282
2.0616
1.1004
2.1583
1.7818
2.1509
2.1894
2.2713
2.5472
2.4862
3.1934
2.9853
2.1466
2.7741
1.9531
2.0902
3.1846
3.134
4.1531
3.588
2.9437
4.1347
3.8988
2.8146
4.105
4.1112
2.8547
3.9795
4.2353
3.079
3.7878
4.3553
3.4449
4.3835
1.7215
0.48387
0.065569
-0.1045
-0.060982
-0.049286
-0.040359
-0.017676
-0.01047
-0.004006
-0.0037431
0.00295
0.005751
0.0079095
0.0073375
0.0089576
0.010527
0.011128
0.0099396
0.010125
0.012024
0.011379
0.011149
0.010755
0.013041
0.011858
0.012389
0.012285
0.014126
0.013537
0.01371
0.014402
0.015556
0.015787
0.014733
0.016533
0.017129
0.0177
0.015255
0.018164
0.018428
0.018438
0.016144
0.018852
0.019075
0.018215
0.017037
0.018954
0.019007
0.017485
0.017554
0.018749
0.01864
0.01649
0.017872
0.018396
0.018323
0.015435
0.018099
0.01803
0.017995
0.015056
0.018119
0.017826
0.017413
0.015738
0.017953
0.017857
0.016844
0.016623
0.018032
0.018197
0.016409
0.017672
0.018473
0.018886
0.016191
0.018871
0.019246
0.01966
0.016446
0.019863
0.019863
0.019565
0.017423
0.019308
0.019143
0.0173
0.016775
0.014492
0.015819
0.010786
0.013168
0.0056176
0.009505
-0.0039278
-0.022998
0.011239
0.16427
0.91033
1.8402
0.73919
1.1428
0.71543
0.40231
0.90719
0.72417
0.2755
0.78334
0.77218
0.25341
0.67723
0.82701
0.32006
0.58487
0.9416
0.46825
0.83266
0.76108
-0.090691
-0.26481
0.3457
0.20779
0.25525
0.2022
0.28348
0.082779
0.26427
0.45156
-0.34259
1.037
-0.38603
0.55657
-0.090619
0.69138
0.16489
0.18224
0.40445
-0.14307
0.56217
1.1377
-0.69076
0.85065
0.017543
0.3406
0.55283
0.61733
-1.1545
2.2765
-1.0867
0.57086
0.3998
0.27919
-0.17197
0.69521
0.57195
-0.98329
1.9564
-1.3212
1.8463
-0.40935
0.32496
0.834
-0.62253
1.3518
-0.93686
1.5433
-0.035013
-0.0011855
0.31745
0.63974
-0.24303
1.6009
-2.3302
2.554
0.063244
0.2738
-0.023302
-0.33172
0.77835
0.81759
-0.8807
2.0874
-0.88209
-0.52517
1.4637
-0.20347
0.85603
0.020264
0.45401
1.6722
-4.8048
5.85
-3.8516
3.3639
0.027985
0.068802
0.59395
-0.27347
0.94569
2.3629
-5.737
3.1329
-0.80314
1.5628
0.39821
0.66557
0.6388
0.59967
0.45045
0.38117
0.22752
0.24919
0.56546
1.029
-0.5525
-1.5794
-0.58202
0.78991
0.80731
-1.3586
10.599
-6.7437
0.034415
-6.6345
5.1207
-0.29101
2.082
-6.4084
4.5643
-0.079261
-1.8568
2.9274
-3.4527
2.8939
0.025896
1.9602
-0.65547
1.5562
1.7249
0.56418
1.1607
1.1743
2.2151
1.2568
2.3208
1.9456
2.3193
2.3629
2.4514
2.7367
2.6902
3.4073
3.1936
2.2999
2.9646
2.0902
