0.31257
0.018981
-0.13803
-0.029536
-0.0083735
-0.0028058
0.0040999
0.0042612
0.0060889
0.0099906
0.010587
0.0087477
0.013654
0.013832
0.017641
0.027629
0.0025029
-0.062024
-0.081983
-0.17825
0.1959
0.29014
0.39033
0.23354
0.15089
0.097289
0.081256
0.045181
0.029428
0.021214
0.015069
0.012696
0.010823
0.011548
0.012831
0.016526
0.013853
0.017453
0.019233
0.020606
0.015747
0.019611
0.019219
0.017093
0.013382
0.014207
0.012844
0.0094291
0.007173
0.0054998
0.0044963
0.0020069
0.00028883
-0.0019736
-0.0020274
-0.0027487
-0.004765
-0.0058045
-0.0052385
-0.0046117
-0.0070785
-0.0061278
-0.0052821
-0.0047962
-0.0067003
-0.0044502
-0.0038022
-0.0037893
-0.0049041
-0.002183
-0.0020314
-0.002313
-0.0026689
-0.00020894
-0.00056958
-0.00087848
-0.00045944
0.0010957
0.00040961
0.00020447
0.0013886
0.0017112
0.00099015
0.00068809
0.0023904
0.0017412
0.0010964
0.00053946
0.0023032
0.0011876
0.00058619
-8.7922e-05
0.0014313
0.00041402
-0.00026614
-0.00047197
0.00067402
3.2412e-05
-0.00069641
0.00024275
0.00062973
4.9452e-05
-0.00093623
0.00038087
-0.0012418
-0.0027571
-0.0063993
-0.0098287
-0.014831
-0.021196
-0.034739
-0.053832
-0.05448
-0.077842
-0.1069
-0.17953
-0.13934
-0.15409
0.0676
0.066838
0.043115
-0.01355
-0.015176
-0.013069
-0.013067
-0.014364
-0.017408
-0.0199
-0.020892
-0.023126
-0.025147
-0.023336
-0.027837
-0.039011
-0.0082405
0.19659
0.16255
-0.45687
-1.361
-0.95148
-0.94233
-0.66012
-0.98138
-0.75712
-1.0275
-0.9067
-0.97431
-0.84494
-1.1328
-0.88209
-0.82962
-1.1102
-0.77763
-1.2201
-0.8185
-1.4871
-0.80726
-1.0192
-1.0968
-0.84644
-1.4617
-0.97862
-0.61021
-2.0527
-0.32489
-1.4827
-1.2095
-0.98462
-1.1094
-1.5952
-0.62191
-1.7343
-1.3773
-0.92553
-1.4703
-1.3424
-1.1969
-1.3058
-1.1193
-2.0761
-0.34835
-1.9569
-1.3902
-1.6018
-1.0828
-1.364
-1.5043
-2.2444
-0.14864
-2.9236
-1.033
-1.6952
-1.5395
-1.3091
-1.7394
-1.8237
-2.0652
-1.2373
-2.2125
-1.5787
-2.421
-1.5729
-1.6216
-2.5903
-1.1665
-2.921
-2.3686
-2.3322
-1.5967
-2.7164
-2.5078
-1.9849
-2.9353
-2.6902
-3.3369
-2.3411
-1.7987
-3.3339
-2.8234
-2.5583
-2.4758
-3.4122
-1.733
-4.7072
-2.2452
-4.182
-3.2799
-3.3087
-3.3388
-3.4028
-3.338
-3.327
-3.24
-3.1187
-3.1266
-3.1244
-3.002
-3.2038
-2.8712
-1.7682
-4.9109
1.846
-4.2463
0.26087
-6.146
9.2761
-10.945
5.312
-3.2905
-1.0735
2.2033
-2.0692
3.7708
-1.8847
1.6049
-0.11262
2.0718
1.2297
0.61835
1.9806
1.5436
2.0073
1.6767
1.6907
1.6843
2.0155
2.0294
2.1183
2.1826
2.2811
2.1233
1.9218
2.6828
3.1698
3.2193
0.31257
-0.33375
-0.011443
0.14039
0.030042
0.0093478
0.0031491
-0.0042211
-0.0043321
-0.0063812
-0.010525
-0.01081
-0.0092661
-0.014442
-0.014096
-0.018359
-0.028385
-0.0039819
0.062594
0.087057
0.18055
-0.20721
-0.30103
-0.40286
-0.24376
-0.15955
-0.10433
-0.089266
-0.05197
-0.034652
-0.025961
-0.020177
-0.017296
-0.014348
-0.015332
-0.016882
-0.020509
-0.016875
-0.021239
-0.023126
-0.024436
-0.018658
-0.023468
-0.02291
-0.020406
-0.016137
-0.017543
-0.015829
-0.011816
-0.0093085
-0.0077827
-0.0063321
-0.0032937
-0.0014821
0.00092689
0.0013672
0.002389
0.0044816
0.0056964
0.0053307
0.004741
0.0072784
0.0063431
0.0054985
0.0049502
0.006773
0.004411
0.0036965
0.0036031
0.0044811
0.0016763
0.0015512
0.0017301
0.0018844
-0.00051736
3.1181e-06
0.00021404
-0.00017437
-0.0015492
-0.00069065
-0.00046074
-0.0013919
-0.0015456
-0.00076801
-0.00023484
-0.0016518
-0.001002
-0.00034678
0.0004996
-0.0011008
-0.00019071
0.0004602
0.0013094
-0.00021274
0.00047887
0.0012549
0.0014422
0.00015777
0.00048789
0.0012612
0.00013362
-0.00051005
-0.00010723
0.00065225
-0.0010195
0.00028838
0.0016236
0.0045869
0.0072819
0.012072
0.017871
0.030038
0.047728
0.048823
0.070638
0.09804
0.16812
0.12959
0.14409
-0.064898
-0.061296
-0.04122
0.013159
0.01559
0.013223
0.013244
0.014673
0.017123
0.019533
0.020485
0.021679
0.023458
0.021837
0.02451
0.034748
0.0046652
-0.19645
-0.16161
0.39913
1.1423
0.8487
0.78771
0.54286
0.84223
0.62901
0.88284
0.7778
0.83663
0.71083
1.003
0.7487
0.71758
0.97158
0.65835
1.0767
0.69346
1.357
0.67062
0.89823
0.9694
0.73154
1.3308
0.84712
0.49174
1.9197
0.19539
1.3642
1.0775
0.87797
0.98809
1.4646
0.50735
1.6085
1.2507
0.80653
1.3518
1.2214
1.0902
1.1901
0.9956
1.9527
0.24342
1.8332
1.2698
1.4865
0.98198
1.2496
1.3822
2.1325
0.059079
2.7689
0.85927
1.7024
1.5489
0.96575
1.8621
1.5396
1.9726
1.2918
1.9854
1.478
2.3119
1.4697
1.5409
2.4782
0.62257
4.0775
0.72458
2.4482
2.0634
2.1025
2.3956
1.911
2.7834
2.5364
3.1968
2.1717
1.6732
3.2339
2.6971
1.9804
3.1683
1.8366
3.9557
2.4175
3.836
3.1202
3.363
3.1433
3.1832
3.2204
3.1677
3.1182
2.8884
2.8393
2.0041
1.0139
6.9342
2.2137
2.5827
1.7065
4.8544
-2.0191
4.0608
-0.41177
6.003
-9.4357
10.781
-5.461
3.1228
0.91561
-2.3684
1.9047
-3.9355
1.7194
-1.7754
-0.047588
-2.2464
-1.398
-0.77451
-2.1497
-1.7207
-2.1768
-1.8275
-1.8382
-1.8424
-2.1781
-2.1939
-2.2836
-2.3474
-2.4448
-2.2725
-2.0787
-2.8458
-3.3625
-3.4279
-0.33375
