-10.619
-11.491
-11.405
-11.352
-11.299
-11.206
-11.166
-11.11
-11.139
-11.131
-11.112
-11.073
-10.998
-11.006
-10.992
-11.026
-10.999
-10.918
-10.993
-8.8854
-21.892
-24.373
-24.328
-24.215
-24.017
-23.844
-23.708
-23.602
-23.507
-23.45
-23.383
-23.363
-23.314
-23.321
-23.283
-23.308
-23.278
-23.313
-23.289
-23.329
-23.31
-23.349
-23.335
-23.371
-23.36
-23.391
-23.385
-23.408
-23.406
-23.422
-23.424
-23.432
-23.438
-23.437
-23.449
-23.444
-23.456
-23.447
-23.46
-23.447
-23.46
-23.446
-23.457
-23.442
-23.452
-23.437
-23.446
-23.431
-23.438
-23.424
-23.43
-23.417
-23.422
-23.41
-23.413
-23.403
-23.405
-23.396
-23.397
-23.389
-23.389
-23.382
-23.381
-23.376
-23.374
-23.371
-23.368
-23.367
-23.362
-23.363
-23.357
-23.359
-23.352
-23.355
-23.347
-23.351
-23.342
-23.345
-23.335
-23.338
-23.326
-23.327
-23.312
-23.309
-23.29
-23.278
-23.253
-23.228
-23.193
-23.146
-23.093
-23.013
-22.932
-22.804
-22.675
-22.544
-22.456
-23.763
-30.848
-29.979
-30.006
-29.984
-29.973
-29.953
-29.951
-29.942
-29.957
-29.972
-29.968
-29.981
-29.963
-29.982
-30
-30.015
-30.055
-30.015
-30.084
-32.375
-29.635
-30.603
-30.056
-30.403
-30.244
-30.277
-30.639
-30.016
-30.498
-29.763
-30.46
-29.848
-30.463
-29.997
-30.469
-30.125
-30.497
-30.209
-30.586
-30.249
-30.759
-30.211
-30.972
-30.082
-30.91
-29.881
-30.697
-30.169
-30.435
-30.879
-30.236
-31.086
-30.205
-30.888
-30.951
-30.474
-31.432
-30.466
-30.963
-31.673
-30.316
-31.137
-31.392
-30.315
-31.318
-31.573
-30.555
-31.398
-31.942
-30.808
-31.263
-32.191
-31.517
-31.052
-32.07
-32.568
-31.341
-31.198
-32.233
-32.501
-31.433
-31.291
-32.174
-32.826
-32.378
-31.566
-31.72
-32.573
-33.068
-32.806
-31.994
-31.702
-32.1
-32.799
-33.025
-32.681
-32.098
-31.747
-31.575
-31.76
-32.23
-32.61
-32.689
-32.493
-32.12
-31.79
-31.448
-31.142
-30.903
-30.726
-30.592
-30.523
-30.469
-30.403
-30.326
-30.235
-30.092
-29.925
-29.663
-29.076
-28.178
-27.226
-26.523
-26.768
-27.063
-25.419
-24.015
-24.045
-23.206
-22.049
-21.487
-20.813
-19.845
-19.636
-19.049
-17.702
-17.642
-17.219
-16.265
-15.623
-15.397
-15.414
-14.991
-14.492
-14.052
-13.718
-13.781
-13.835
-13.642
-13.156
-12.356
-12.725
-13.058
-12.533
-12.639
-12.448
-13.159
-10.619
-10.619
-11.491
-11.405
-11.353
-11.299
-11.206
-11.167
-11.111
-11.139
-11.131
-11.112
-11.073
-10.999
-11.006
-10.991
-11.026
-10.999
-10.918
-10.993
-8.8851
-21.893
-24.375
-24.331
-24.218
-24.02
-23.846
-23.71
-23.603
-23.508
-23.45
-23.383
-23.363
-23.314
-23.321
-23.283
-23.308
-23.278
-23.313
-23.29
-23.329
-23.31
-23.349
-23.335
-23.371
-23.361
-23.391
-23.385
-23.408
-23.406
-23.422
-23.424
-23.432
-23.438
-23.438
-23.449
-23.444
-23.457
-23.447
-23.46
-23.447
-23.46
-23.446
-23.457
-23.442
-23.452
-23.437
-23.446
-23.431
-23.438
-23.425
-23.43
-23.418
-23.422
-23.41
-23.413
-23.403
-23.405
-23.396
-23.397
-23.389
-23.389
-23.382
-23.382
-23.377
-23.375
-23.371
-23.368
-23.367
-23.362
-23.363
-23.357
-23.359
-23.352
-23.355
-23.347
-23.351
-23.342
-23.345
-23.335
-23.338
-23.326
-23.327
-23.312
-23.309
-23.29
-23.279
-23.254
-23.228
-23.193
-23.146
-23.093
-23.013
-22.931
-22.803
-22.673
-22.542
-22.454
-23.763
-30.848
-29.98
-30.006
-29.984
-29.973
-29.953
-29.951
-29.943
-29.957
-29.972
-29.968
-29.981
-29.963
-29.982
-30
-30.015
-30.056
-30.015
-30.084
-32.375
-29.635
-30.603
-30.056
-30.403
-30.244
-30.278
-30.64
-30.016
-30.499
-29.763
-30.46
-29.848
-30.463
-29.997
-30.469
-30.125
-30.498
-30.21
-30.586
-30.249
-30.76
-30.211
-30.972
-30.083
-30.91
-29.881
-30.697
-30.169
-30.435
-30.879
-30.236
-31.086
-30.205
-30.888
-30.951
-30.475
-31.432
-30.467
-30.963
-31.673
-30.317
-31.137
-31.392
-30.315
-31.319
-31.573
-30.556
-31.398
-31.942
-30.808
-31.264
-32.191
-31.518
-31.053
-32.07
-32.568
-31.341
-31.198
-32.233
-32.501
-31.433
-31.291
-32.174
-32.826
-32.378
-31.566
-31.72
-32.573
-33.068
-32.806
-31.994
-31.702
-32.1
-32.799
-33.025
-32.681
-32.098
-31.747
-31.576
-31.76
-32.23
-32.61
-32.689
-32.493
-32.12
-31.79
-31.449
-31.142
-30.903
-30.726
-30.592
-30.524
-30.47
-30.403
-30.326
-30.236
-30.093
-29.925
-29.663
-29.076
-28.178
-27.227
-26.523
-26.768
-27.063
-25.419
-24.015
-24.045
-23.206
-22.049
-21.487
-20.814
-19.845
-19.636
-19.049
-17.702
-17.642
-17.219
-16.265
-15.623
-15.397
-15.414
-14.991
-14.492
-14.052
-13.718
-13.781
-13.835
-13.642
-13.156
-12.356
-12.725
-13.059
-12.533
-12.64
-12.448
-13.159
-10.619
