-0.044962
-0.056536
-0.087808
-0.073778
-0.067074
-0.094889
-0.052668
-0.099203
-0.062346
-0.082568
-0.08281
-0.063002
-0.10049
-0.054177
-0.097174
-0.069947
-0.077252
-0.091091
-0.079859
-0.035409
-0.0095882
0.0017553
0.0026436
0.00035138
0.0017877
0.00034199
0.0010639
0.00045576
0.00076012
0.00052614
0.00064332
0.00056895
0.00061303
0.00060356
0.00061848
0.00064127
0.00063265
0.00068597
0.00064368
0.00073752
0.00064702
0.00079322
0.00064212
0.00084973
0.00062939
0.00090184
0.0006125
0.00094748
0.00059276
0.00098498
0.00057235
0.0010097
0.00055425
0.0010039
0.00057501
0.0009722
0.00059523
0.00093533
0.00061578
0.00089325
0.00063578
0.00084856
0.00065506
0.00080139
0.00067499
0.00075235
0.0006922
0.00070448
0.00070892
0.00065639
0.00072495
0.0006089
0.00074056
0.0005621
0.00075639
0.00051634
0.00076921
0.0004748
0.00078011
0.00043698
0.00078824
0.00040389
0.00079338
0.00037635
0.00079479
0.00035567
0.00077853
0.00036486
0.00074809
0.0003782
0.00071657
0.00039424
0.0006858
0.00041189
0.00065623
0.00043087
0.00062867
0.0004482
0.0006053
0.0004642
0.00058611
0.00047906
0.00057153
0.00049573
0.00055983
0.00052147
0.00055038
0.00057323
0.00053661
0.00068616
0.00050893
0.00091648
0.00046146
0.0014121
0.00047119
0.0026176
0.0014376
0.0031858
-0.0010128
-0.0016893
-0.0018667
0.00147
0.0033878
-0.0024335
0.0058826
-0.0030537
0.0050002
0.00080453
0.00080082
0.0049069
-0.003248
0.005809
-0.00274
0.0032894
0.0012939
-0.0030147
0.00098351
-0.0038916
0.0035556
0.0063679
-0.0012255
0.0012995
0.00082283
0.0020746
-0.00069202
0.0020485
0.00058096
0.00092206
0.0021339
2.859e-05
0.001743
0.00083856
0.00085491
0.0015718
0.00061679
0.0012767
0.0010052
0.00040712
0.0018288
-0.00019791
0.0018342
0.00024483
-0.00029976
0.002651
-0.0021591
0.0029322
-0.0018153
0.001286
-0.00014217
0.00052355
-0.00012833
0.00039742
-0.00073026
0.00095992
-0.0020493
0.0027318
-0.0044602
0.00080934
0.0013578
-0.0057487
0.0019858
-0.0021972
-0.0012048
-0.0014623
-0.0020105
-0.00082317
-0.0023564
-0.0027688
-0.0011359
-0.0021813
-0.0043028
-0.00074411
-0.0036052
-0.0032247
-0.0043713
-0.0034792
-0.0035757
-0.0033629
-0.0061056
-0.0033308
-0.0043507
-0.0037378
-0.0058575
-0.0053333
-0.0043976
-0.0055212
-0.0041154
-0.0064888
-0.0070423
-0.0044246
-0.0070726
-0.0069462
-0.0053569
-0.0054364
-0.0077984
-0.0045889
-0.0070639
-0.006831
-0.0063887
-0.0062541
-0.0064319
-0.0062869
-0.0046857
-0.0058228
-0.0044296
-0.0051308
-0.0058045
-0.0054508
-0.0054988
-0.0052866
-0.0051129
-0.0049544
-0.0047962
-0.0043566
-0.0043313
-0.0046473
-0.0060373
-0.0025024
-0.000621
-0.00083108
0.0069386
-0.0046494
-0.00077088
0.010695
0.0061619
-0.024285
0.03757
-0.02902
0.015308
-0.013589
0.0037598
-0.015062
-0.0021129
-0.019596
-0.013619
-0.014925
-0.021335
-0.023262
-0.024313
-0.030026
-0.03415
-0.035642
-0.034113
-0.038171
-0.037975
-0.042797
-0.050885
-0.061332
-0.05708
-0.035105
-0.065785
-0.074277
-0.051049
-0.088681
-0.043308
-0.044962
-0.04496
-0.056534
-0.087805
-0.073775
-0.067071
-0.094885
-0.052666
-0.099198
-0.062342
-0.082564
-0.082828
-0.062977
-0.10046
-0.054199
-0.097162
-0.070018
-0.077188
-0.091108
-0.079836
-0.035414
-0.0095716
0.0017535
0.0026367
0.00035433
0.0017811
0.00034504
0.0010599
0.00045809
0.00075734
0.00052773
0.00064161
0.00056996
0.00061204
0.00060417
0.00061794
0.00064161
0.00063236
0.00068615
0.00064354
0.00073761
0.00064695
0.00079326
0.00064209
0.00084974
0.00062937
0.00090183
0.00061248
0.00094747
0.00059274
0.00098496
0.00057233
0.0010097
0.00055422
0.0010038
0.00057498
0.00097218
0.0005952
0.00093531
0.00061576
0.00089323
0.00063575
0.00084854
0.00065504
0.00080137
0.00067496
0.00075233
0.00069218
0.00070446
0.00070889
0.00065637
0.00072493
0.00060887
0.00074054
0.00056208
0.00075637
0.00051631
0.00076919
0.00047478
0.00078009
0.00043696
0.00078823
0.00040387
0.00079336
0.00037632
0.00079478
0.00035565
0.00077852
0.00036484
0.00074807
0.00037818
0.00071656
0.00039423
0.00068579
0.00041187
0.00065623
0.00043084
0.00062868
0.00044815
0.00060533
0.00046411
0.00058619
0.00047888
0.0005717
0.00049541
0.00056012
0.0005209
0.00055089
0.0005723
0.0005374
0.00068474
0.00051006
0.00091465
0.00046288
0.0014097
0.00047259
0.0026157
0.0014375
0.0031918
-0.0010142
-0.0016873
-0.0018741
0.0014828
0.0033768
-0.0024293
0.0058818
-0.0030497
0.0050052
0.00079999
0.00080294
0.0049079
-0.0032473
0.0058097
-0.0027394
0.00329
0.0012945
-0.0030143
0.00098393
-0.0038917
0.0035564
0.006368
-0.0012254
0.0012996
0.00082302
0.0020747
-0.00069176
0.0020485
0.0005811
0.00092223
0.002134
2.8797e-05
0.0017431
0.00083872
0.00085493
0.0015719
0.00061682
0.0012768
0.0010052
0.00040725
0.0018288
-0.00019778
0.0018341
0.0002449
-0.00029974
0.002651
-0.0021589
0.002932
-0.001815
0.0012858
-0.00014206
0.00052349
-0.00012842
0.00039754
-0.00073045
0.00095997
-0.0020493
0.0027315
-0.0044599
0.00080908
0.0013576
-0.0057484
0.0019854
-0.0021972
-0.0012047
-0.0014626
-0.0020106
-0.00082313
-0.0023566
-0.0027691
-0.0011359
-0.0021814
-0.0043032
-0.00074421
-0.0036051
-0.003225
-0.0043717
-0.0034792
-0.0035758
-0.0033632
-0.006106
-0.0033309
-0.0043508
-0.003738
-0.0058578
-0.0053335
-0.0043978
-0.0055213
-0.0041156
-0.006489
-0.0070425
-0.0044248
-0.0070727
-0.0069463
-0.0053571
-0.0054365
-0.0077986
-0.004589
-0.0070641
-0.0068311
-0.0063888
-0.0062542
-0.006432
-0.006287
-0.0046857
-0.0058229
-0.0044297
-0.0051308
-0.0058046
-0.0054509
-0.0054989
-0.0052867
-0.0051129
-0.0049544
-0.0047962
-0.0043566
-0.0043313
-0.0046473
-0.0060373
-0.0025024
-0.00062102
-0.00083099
0.0069388
-0.0046493
-0.00077071
0.010695
0.006162
-0.024285
0.03757
-0.02902
0.015308
-0.013588
0.0037602
-0.015061
-0.0021123
-0.019595
-0.013618
-0.014925
-0.021335
-0.023261
-0.024312
-0.030024
-0.034149
-0.03564
-0.034111
-0.03817
-0.037974
-0.042795
-0.050884
-0.06133
-0.057078
-0.035104
-0.065783
-0.074274
-0.051047
-0.088678
-0.043307
-0.04496
