-0.0099602
0.00013939
0.0036992
-0.00093639
0.0010848
-0.00017822
0.00025342
2.1045e-05
-0.0015561
0.00058165
-0.0010394
0.0010941
-0.00050391
-0.00078327
-0.00024361
-0.0020541
-0.00020409
-0.0003961
0.0060843
0.0071478
0.0010051
-0.007913
-0.0030535
-0.0041235
-0.0018489
-0.0019301
-0.0010017
-0.00091532
-0.00055493
-0.00043936
-0.00033561
-0.00022822
-0.00024172
-0.00013958
-0.00021174
-0.00010086
-0.00020561
-7.8552e-05
-0.00020327
-5.9807e-05
-0.00019371
-4.0632e-05
-0.0001719
-2.0721e-05
-0.00013775
-3.7972e-06
-9.3256e-05
1.1699e-05
-4.1775e-05
2.3821e-05
1.3067e-05
3.0413e-05
6.1055e-05
2.3175e-05
9.6097e-05
2.0388e-05
0.00012229
1.6484e-05
0.00014076
1.1193e-05
0.0001511
4.7238e-06
0.00015513
-2.2084e-06
0.00015312
-9.274e-06
0.00014703
-1.5124e-05
0.00013821
-1.8902e-05
0.00012738
-2.011e-05
0.00011563
-1.7774e-05
0.00010251
-1.1949e-05
8.9647e-05
-2.9421e-06
7.6873e-05
9.0902e-06
6.4119e-05
2.2865e-05
5.1366e-05
3.7347e-05
3.7236e-05
4.9778e-05
1.9153e-05
5.8363e-05
7.2417e-06
6.3932e-05
-5.4967e-06
6.427e-05
-2.0102e-05
5.8749e-05
-3.8501e-05
4.6679e-05
-5.8857e-05
2.7993e-05
-8.4743e-05
2.8456e-06
-0.00011711
-2.7718e-05
-0.000157
-6.0701e-05
-0.00020469
-9.1741e-05
-0.0002513
-0.00010675
-0.0002778
-8.6476e-05
-0.00024123
-6.0877e-06
-7.3292e-05
0.00018458
0.00045417
0.00066492
0.0025293
0.0015468
0.0022048
0.0016097
0.0019761
0.0015728
0.00095267
0.00080874
0.00081495
0.00093671
0.0008512
0.00083349
0.00076904
0.00069678
0.00059149
0.00061325
0.00060707
0.00094407
0.00047517
-0.0039083
-0.0022826
0.005741
0.0041343
0.0079746
-0.00066701
0.0026573
-0.00023894
0.0031267
-0.00046401
0.0016088
0.00069729
0.0010397
0.0022418
-1.7126e-05
0.0027689
0.00035291
0.0021721
0.0014401
0.001819
0.0015232
0.0025331
0.0010147
0.0033872
0.0013494
0.0032986
0.0022737
0.0021568
0.0040925
0.0016924
0.0060387
0.00075028
0.0062353
0.0030279
0.0049716
0.0052728
0.0038951
0.0063379
0.0055411
0.0049879
0.0089114
0.003868
0.0086599
0.007781
0.0054947
0.010443
0.0090587
0.0078381
0.011736
0.010724
0.0098128
0.012732
0.013343
0.01218
0.013532
0.015946
0.015624
0.014652
0.017775
0.018337
0.016978
0.018467
0.021111
0.022116
0.022057
0.021988
0.024177
0.02624
0.026781
0.026853
0.027057
0.029441
0.030842
0.031861
0.033033
0.03202
0.031319
0.034527
0.036328
0.03694
0.038594
0.039281
0.038612
0.039246
0.039709
0.04176
0.04192
0.042747
0.043208
0.044019
0.044655
0.045092
0.044756
0.044103
0.045872
0.046073
0.04591
0.045417
0.045822
0.042895
0.045452
0.043435
0.043503
0.039311
0.036251
0.034316
0.038853
0.02428
0.023406
0.016476
0.016806
0.006005
0.0080579
-0.0024992
-0.0025551
-0.012203
-0.01405
-0.011043
-0.015886
-0.02385
-0.028448
-0.028931
-0.035662
-0.034075
-0.030708
-0.038362
-0.044691
-0.047362
-0.050928
-0.049768
-0.042385
-0.042583
-0.040636
-0.058099
-0.065835
-0.053736
-0.043733
-0.052785
-0.047563
-0.075368
-0.0099602
0.00996
-0.00013924
-0.003699
0.00093643
-0.0010846
0.00017832
-0.00025331
-2.0401e-05
0.0015568
-0.00058431
0.0010363
-0.0010904
0.00050961
0.00077454
0.00024296
0.0020505
0.00020969
0.00039956
-0.0060866
-0.0071461
-0.0010119
0.0078842
0.0030408
0.0041017
0.0018382
0.001916
0.00099399
0.00090599
0.00054939
0.00043365
0.00033189
0.00022486
0.00023931
0.00013765
0.00021021
9.9771e-05
0.00020466
7.794e-05
0.00020269
5.9469e-05
0.00019336
4.0449e-05
0.0001717
2.0625e-05
0.00013764
3.7507e-06
9.3206e-05
-1.1718e-05
4.1758e-05
-2.3825e-05
-1.3065e-05
-3.0411e-05
-6.1042e-05
-2.3169e-05
-9.6082e-05
-2.0381e-05
-0.00012227
-1.6477e-05
-0.00014075
-1.1186e-05
-0.00015109
-4.7182e-06
-0.00015512
2.2125e-06
-0.00015312
9.2764e-06
-0.00014703
1.5124e-05
-0.00013821
1.89e-05
-0.00012738
2.0105e-05
-0.00011564
1.7767e-05
-0.00010252
1.1939e-05
-8.9653e-05
2.9302e-06
-7.688e-05
-9.1042e-06
-6.4126e-05
-2.288e-05
-5.1374e-05
-3.7362e-05
-3.7242e-05
-4.9792e-05
-1.9158e-05
-5.8372e-05
-7.2426e-06
-6.393e-05
5.5037e-06
-6.4249e-05
2.0124e-05
-5.8697e-05
3.8549e-05
-4.6576e-05
5.8952e-05
-2.7811e-05
8.492e-05
-2.5366e-06
0.00011743
2.8225e-05
0.00015758
6.1512e-05
0.00020571
9.3002e-05
0.00025305
0.00010865
0.00028071
8.9234e-05
0.00024584
9.7681e-06
7.9895e-05
-0.00017993
-0.00044499
-0.00065984
-0.0025183
-0.0015444
-0.0022037
-0.001614
-0.0019762
-0.0015731
-0.00095349
-0.00080778
-0.00081581
-0.00093718
-0.0008507
-0.00083332
-0.00076888
-0.00069653
-0.00059147
-0.00061331
-0.00060713
-0.00094416
-0.00047528
0.0039083
0.0022829
-0.005741
-0.004135
-0.0079743
0.00066721
-0.0026572
0.00023921
-0.0031265
0.00046422
-0.0016086
-0.00069709
-0.0010395
-0.0022416
1.7293e-05
-0.0027688
-0.00035275
-0.002172
-0.0014399
-0.0018189
-0.0015231
-0.0025331
-0.0010146
-0.0033872
-0.0013494
-0.0032986
-0.0022737
-0.0021568
-0.0040926
-0.0016925
-0.0060389
-0.00075037
-0.0062355
-0.0030281
-0.0049718
-0.005273
-0.0038953
-0.0063382
-0.0055414
-0.0049882
-0.0089118
-0.0038684
-0.0086603
-0.0077814
-0.0054952
-0.010443
-0.0090592
-0.0078387
-0.011737
-0.010724
-0.0098134
-0.012733
-0.013344
-0.012181
-0.013533
-0.015947
-0.015625
-0.014653
-0.017776
-0.018338
-0.016979
-0.018468
-0.021112
-0.022117
-0.022059
-0.021989
-0.024178
-0.026241
-0.026782
-0.026854
-0.027058
-0.029443
-0.030844
-0.031863
-0.033035
-0.032021
-0.03132
-0.034528
-0.036329
-0.036941
-0.038595
-0.039282
-0.038613
-0.039247
-0.03971
-0.041761
-0.041921
-0.042748
-0.043209
-0.04402
-0.044656
-0.045093
-0.044757
-0.044104
-0.045873
-0.046074
-0.045911
-0.045418
-0.045823
-0.042896
-0.045453
-0.043436
-0.043504
-0.039312
-0.036252
-0.034317
-0.038855
-0.024281
-0.023407
-0.016477
-0.016807
-0.0060058
-0.008059
0.0024982
0.0025539
0.012202
0.014049
0.011042
0.015884
0.023849
0.028446
0.028929
0.03566
0.034074
0.030707
0.038361
0.04469
0.04736
0.050927
0.049767
0.042383
0.042582
0.040634
0.058097
0.065833
0.053734
0.043731
0.052783
0.047562
0.075365
0.00996
