3.3828e-08,1.7809e-05,8.0253e-05,0.00019483,0.0003656,0.0005954,0.00088646,0.0012407,0.0016598,0.0021452,0.002698,0.003319,0.0040087,0.0047673,0.0055944,0.0064893,0.0074505,0.0084763,0.0095643,0.010712,0.011915,0.01317,0.014472,0.015817,0.017199,0.018612,0.020049,0.021505,0.022971,0.024441,0.025907,0.02736,0.028793,0.030197,0.031563,0.032883,0.034148,0.03535,0.03648,0.037531,0.038495,0.039366,0.040137,0.040804,0.041363,0.041812,0.042149,0.042377,0.042502,0.042537
-1.7892e-05,-6.9993e-06,5.2455e-05,0.00016524,0.00033466,0.00056333,0.00085343,0.0012068,0.0016252,0.00211,0.0026623,0.0032831,0.0039728,0.0047316,0.0055592,0.0064547,0.0074169,0.008444,0.0095335,0.010683,0.011888,0.013145,0.01445,0.015798,0.017183,0.018599,0.02004,0.021499,0.022969,0.024443,0.025913,0.027371,0.028808,0.030216,0.031587,0.032911,0.034181,0.035387,0.036521,0.037576,0.038544,0.039418,0.040192,0.040861,0.041421,0.041869,0.042206,0.042432,0.042552,0.042573
-7.9808e-05,-8.0497e-05,-2.8338e-05,7.9372e-05,0.00024486,0.00047025,0.00075749,0.0011084,0.0015247,0.0020077,0.0025587,0.0031787,0.0038683,0.0046276,0.0054564,0.0063539,0.0073189,0.0083495,0.0094435,0.010598,0.011809,0.013073,0.014386,0.015742,0.017136,0.018561,0.020012,0.021482,0.022964,0.02445,0.025932,0.027402,0.028852,0.030273,0.031657,0.032994,0.034277,0.035496,0.036642,0.037708,0.038686,0.039569,0.04035,0.041025,0.041589,0.042039,0.042373,0.042593,0.042699,0.042697
-0.0001943,-0.0002074,-0.00016458,-6.4153e-05,9.5296e-05,0.00031543,0.000598,0.00094477,0.0013574,0.0018375,0.0023863,0.0030049,0.0036941,0.0044541,0.0052848,0.0061856,0.0071551,0.0081918,0.0092931,0.010456,0.011677,0.012953,0.014278,0.015648,0.017056,0.018498,0.019966,0.021454,0.022954,0.02446,0.025962,0.027453,0.028925,0.030368,0.031773,0.033133,0.034436,0.035676,0.036843,0.037927,0.038923,0.039821,0.040615,0.0413,0.04187,0.042323,0.042656,0.042867,0.042957,0.042929
-0.00036589,-0.00039094,-0.00035823,-0.00026648,-0.00011473,9.84e-05,0.00037454,0.00071546,0.0011229,0.0015986,0.0021441,0.0027606,0.0034491,0.00421,0.0050433,0.0059485,0.0069244,0.0079693,0.0090808,0.010256,0.011491,0.012783,0.014126,0.015515,0.016944,0.018408,0.0199,0.021413,0.02294,0.024473,0.026003,0.027524,0.029025,0.030499,0.031936,0.033326,0.03466,0.03593,0.037125,0.038236,0.039256,0.040176,0.040989,0.041689,0.042269,0.042727,0.043058,0.043261,0.043335,0.043282
-0.00059691,-0.00063301,-0.0006106,-0.00052844,-0.00038576,-0.00018127,8.6667e-05,0.00041994,0.00082051,0.0012903,0.0018312,0.0024446,0.0031319,0.0038936,0.00473,0.0056406,0.0066246,0.0076801,0.0088048,0.0099957,0.011249,0.012561,0.013927,0.015341,0.016797,0.01829,0.019813,0.021358,0.022919,0.024487,0.026055,0.027613,0.029154,0.030667,0.032144,0.033574,0.034949,0.036257,0.037489,0.038636,0.039689,0.040638,0.041476,0.042196,0.042791,0.043256,0.043588,0.043784,0.043843,0.043765
-0.00088823,-0.00093441,-0.00092224,-0.00085038,-0.00071804,-0.00052385,-0.000266,5.7618e-05,0.00044931,0.00091138,0.001446,0.0020552,0.0027404,0.0035026,0.0043424,0.0052596,0.0062532,0.0073215,0.0084623,0.0096725,0.010948,0.012286,0.013679,0.015124,0.016614,0.018142,0.019702,0.021288,0.02289,0.024502,0.026115,0.02772,0.029309,0.030872,0.032398,0.033878,0.035302,0.036659,0.037939,0.03913,0.040224,0.04121,0.04208,0.042826,0.043441,0.043918,0.044253,0.044444,0.044487,0.044386
-0.0012397,-0.001295,-0.0012929,-0.0012321,-0.0011114,-0.0009293,-0.0006837,-0.00037207,8.3744e-06,0.00046045,0.00098687,0.0015901,0.0022721,0.0030344,0.0038777,0.0048021,0.0058069,0.0068904,0.0080503,0.0092834,0.010586,0.011953,0.01338,0.014861,0.016391,0.017961,0.019566,0.021199,0.022851,0.024515,0.026182,0.027843,0.02949,0.031111,0.032698,0.034238,0.035722,0.037138,0.038475,0.039721,0.040865,0.041897,0.042807,0.043586,0.044226,0.044719,0.045062,0.045249,0.045279,0.045155
-0.0016501,-0.0017136,-0.0017217,-0.0016725,-0.0015651,-0.0013972,-0.0011664,-0.00086962,-0.00050333,-6.407e-05,0.00045158,0.0010467,0.001724,0.0024854,0.0033321,0.0042644,0.0052817,0.0063826,0.0075646,0.0088244,0.010158,0.01156,0.013026,0.01455,0.016125,0.017745,0.019402,0.02109,0.0228,0.024524,0.026254,0.027981,0.029694,0.031385,0.033042,0.034654,0.036209,0.037695,0.0391,0.040411,0.041617,0.042704,0.043663,0.044483,0.045154,0.045669,0.046022,0.046209,0.046227,0.04608
-0.0021176,-0.0021883,-0.0022065,-0.0021702,-0.0020778,-0.0019268,-0.001714,-0.0014354,-0.0010869,-0.000664,-0.00016237,0.00042194,0.0010923,0.0018514,0.0027009,0.0036415,0.0046728,0.0057934,0.0070006,0.008291,0.0096602,0.011103,0.012614,0.014187,0.015814,0.01749,0.019207,0.020957,0.022733,0.024526,0.026328,0.028129,0.02992,0.031691,0.033429,0.035124,0.036762,0.038331,0.039816,0.041205,0.042483,0.043637,0.044655,0.045524,0.046235,0.046778,0.047146,0.047335,0.047343,0.047172
-0.0026392,-0.002716,-0.0027445,-0.0027223,-0.0026474,-0.0025165,-0.0023256,-0.0020697,-0.0017435,-0.0013414,-0.00085797,-0.0002881,0.00037255,0.0011274,0.0019788,0.0029279,0.0039744,0.0051169,0.0063527,0.0076779,0.0090877,0.010577,0.012138,0.013766,0.015454,0.017193,0.018977,0.020797,0.022647,0.024518,0.026401,0.028286,0.030165,0.032027,0.033858,0.035648,0.037383,0.039047,0.040627,0.042106,0.04347,0.044703,0.045791,0.04672,0.047479,0.048056,0.048445,0.04864,0.048637,0.048443
-0.0032106,-0.0032925,-0.0033317,-0.0033254,-0.0032709,-0.0031643,-0.0030002,-0.0027725,-0.0024743,-0.0020987,-0.0016387,-0.0010879,-0.00044074,0.0003073,0.0011593,0.0021167,0.0031796,0.0043465,0.0056143,0.0069789,0.0084347,0.0099757,0.011595,0.013285,0.015039,0.016849,0.018707,0.020606,0.022538,0.024495,0.026468,0.028448,0.030425,0.032389,0.034327,0.036225,0.038069,0.039844,0.041533,0.043118,0.044583,0.045909,0.04708,0.048081,0.048898,0.049518,0.049933,0.050136,0.050126,0.049906
-0.0038263,-0.0039121,-0.0039625,-0.0039744,-0.0039443,-0.0038671,-0.0037361,-0.0035435,-0.0032807,-0.0029387,-0.0025089,-0.0019831,-0.0013541,-0.0006163,0.00023424,0.0011997,0.0022802,0.0034741,0.004778,0.0061869,0.0076948,0.0092944,0.010978,0.012738,0.014566,0.016454,0.018394,0.020379,0.022401,0.024453,0.026525,0.028609,0.030696,0.032774,0.03483,0.036851,0.038821,0.040723,0.042537,0.044245,0.045827,0.047263,0.048533,0.049619,0.050505,0.051177,0.051625,0.051841,0.051823,0.051577
-0.004479,-0.0045675,-0.00463,-0.0046629,-0.0046621,-0.0046209,-0.0045309,-0.0043822,-0.0041639,-0.0038647,-0.0034735,-0.0029801,-0.0023754,-0.0016523,-0.00080574,0.00016704,0.0012664,0.0024904,0.0038349,0.005294,0.0068605,0.0085262,0.010282,0.012119,0.014029,0.016003,0.018033,0.020112,0.022231,0.024385,0.026565,0.028763,0.03097,0.033175,0.035364,0.037523,0.039635,0.041681,0.04364,0.045491,0.047209,0.048773,0.050159,0.051346,0.052315,0.053051,0.053539,0.053773,0.053749,0.053475
-0.0051596,-0.0052492,-0.0053247,-0.0053826,-0.0054173,-0.0054205,-0.0053814,-0.0052877,-0.0051254,-0.0048804,-0.0045386,-0.004087,-0.0035144,-0.0028116,-0.0019722,-0.00099299,0.00012664,0.0013842,0.0027747,0.0042909,0.005924,0.0076641,0.009501,0.011424,0.013424,0.015492,0.017619,0.019798,0.022022,0.024286,0.026582,0.028903,0.031241,0.033584,0.03592,0.038234,0.040507,0.042717,0.044843,0.046858,0.048736,0.050449,0.051972,0.053279,0.054347,0.055158,0.055697,0.055953,0.055925,0.05562
-0.005856,-0.0059448,-0.0060351,-0.0061227,-0.0062008,-0.0062589,-0.0062834,-0.0062586,-0.006167,-0.0059906,-0.0057117,-0.0053138,-0.0047828,-0.0041073,-0.0032793,-0.0022947,-0.001153,0.00014259,0.0015857,0.0031672,0.0048762,0.0067007,0.0086284,0.010647,0.012746,0.014915,0.017146,0.019432,0.021767,0.024147,0.026566,0.029019,0.031497,0.033992,0.03649,0.038976,0.041429,0.043827,0.046144,0.048349,0.050412,0.052301,0.053985,0.055433,0.05662,0.057522,0.058121,0.058407,0.058375,0.058037
-0.0065533,-0.0066392,-0.0067461,-0.0068696,-0.0070011,-0.0071274,-0.0072315,-0.0072933,-0.0072907,-0.0072011,-0.007002,-0.0066728,-0.0061955,-0.005556,-0.0047443,-0.0037554,-0.0025892,-0.0012499,0.00025409,0.0019112,0.0037077,0.0056284,0.0076584,0.0097831,0.01199,0.014268,0.01661,0.019008,0.021459,0.02396,0.026507,0.029098,0.031726,0.034384,0.03706,0.039737,0.042393,0.045004,0.047539,0.049964,0.052243,0.054338,0.056212,0.057829,0.059156,0.060167,0.06084,0.061163,0.06113,0.060754
-0.0072326,-0.007313,-0.007439,-0.0076062,-0.0078037,-0.008015,-0.0082186,-0.0083893,-0.008499,-0.0085191,-0.0084213,-0.0081793,-0.0077707,-0.0071778,-0.0063884,-0.0053964,-0.0042022,-0.0028117,-0.001236,0.00050985,0.002408,0.0044395,0.0065855,0.0088286,0.011154,0.013549,0.016006,0.018521,0.02109,0.023714,0.026393,0.029126,0.031912,0.034745,0.037613,0.0405,0.043384,0.046237,0.049023,0.051703,0.054234,0.056571,0.05867,0.060486,0.061982,0.063124,0.063887,0.064255,0.064224,0.063806
-0.0078701,-0.0079418,-0.0080903,-0.0083108,-0.0085902,-0.0089077,-0.0092362,-0.0095438,-0.0097952,-0.0099538,-0.009984,-0.0098527,-0.0095315,-0.0089983,-0.008238,-0.0072438,-0.0060165,-0.0045646,-0.0029031,-0.0010517,0.00096644,0.0031268,0.0054056,0.0077812,0.010236,0.012756,0.015334,0.017965,0.020652,0.023398,0.026207,0.029085,0.032033,0.035049,0.038125,0.041244,0.044383,0.04751,0.050585,0.053561,0.056387,0.05901,0.061375,0.06343,0.065127,0.066427,0.067299,0.067724,0.067696,0.067232
-0.0084363,-0.0084952,-0.0086703,-0.0089565,-0.0093378,-0.0097881,-0.010273,-0.010753,-0.011183,-0.011517,-0.011709,-0.011718,-0.011507,-0.011049,-0.010326,-0.00933,-0.0080623,-0.0065352,-0.0047689,-0.0027897,-0.00062816,0.0016841,0.0041163,0.0066415,0.0092378,0.01189,0.01459,0.017338,0.020137,0.022998,0.025932,0.028951,0.032062,0.035269,0.038566,0.041939,0.045363,0.048801,0.052209,0.05553,0.058704,0.061665,0.064347,0.066686,0.068626,0.070116,0.07112,0.071615,0.071594,0.071078
-0.0088941,-0.0089356,-0.0091422,-0.0095097,-0.010018,-0.010635,-0.011317,-0.012014,-0.012669,-0.013224,-0.01362,-0.013806,-0.013734,-0.013372,-0.012695,-0.011696,-0.010377,-0.0087554,-0.0068589,-0.0047226,-0.0023868,0.00010694,0.0027188,0.0054143,0.0081665,0.010958,0.01378,0.016637,0.019538,0.022501,0.025547,0.028696,0.031965,0.035365,0.038896,0.042545,0.046287,0.05008,0.053872,0.057597,0.061181,0.064543,0.067604,0.070286,0.072516,0.074237,0.075402,0.075983,0.075974,0.075397
-0.0091978,-0.0092157,-0.0094605,-0.0099283,-0.010595,-0.011421,-0.012351,-0.013322,-0.014261,-0.015095,-0.015749,-0.016157,-0.016261,-0.016018,-0.015398,-0.014392,-0.013006,-0.011264,-0.0092031,-0.0068705,-0.0043197,-0.0016058,0.0012192,0.0041108,0.007035,0.009971,0.012912,0.015865,0.018848,0.02189,0.025024,0.028284,0.031698,0.035288,0.039062,0.043009,0.047105,0.051304,0.055542,0.05974,0.06381,0.067653,0.071169,0.074262,0.076845,0.078845,0.080205,0.080894,0.080901,0.080255
-0.0092905,-0.0092773,-0.0095682,-0.010161,-0.011025,-0.012113,-0.013355,-0.014671,-0.015969,-0.017156,-0.018136,-0.018825,-0.019149,-0.019053,-0.018501,-0.017483,-0.016008,-0.014109,-0.011837,-0.0092553,-0.0064355,-0.0034506,-0.0003691,0.002751,0.0058665,0.0089522,0.012002,0.01503,0.018064,0.021149,0.024334,0.02767,0.031205,0.034973,0.038993,0.043261,0.047752,0.052413,0.057171,0.061929,0.066578,0.070996,0.075061,0.078653,0.081664,0.084003,0.085603,0.086423,0.086453,0.085728
-0.0091022,-0.0090486,-0.0093953,-0.010142,-0.011254,-0.01267,-0.014306,-0.016057,-0.017809,-0.019441,-0.020834,-0.021877,-0.022477,-0.022564,-0.022093,-0.021051,-0.019455,-0.017349,-0.014803,-0.011901,-0.0087398,-0.0054165,-0.0020216,0.0013687,0.0046986,0.0079372,0.01108,0.014149,0.017188,0.02026,0.023439,0.0268,0.030414,0.034336,0.038598,0.043208,0.048137,0.05333,0.058695,0.064118,0.06946,0.074573,0.079303,0.083502,0.087034,0.089788,0.09168,0.092663,0.092722,0.091905
-0.0085468,-0.0084409,-0.0088553,-0.0097939,-0.011215,-0.013044,-0.015174,-0.017475,-0.019802,-0.021998,-0.023913,-0.025403,-0.026349,-0.026661,-0.026284,-0.025202,-0.023439,-0.021058,-0.01815,-0.014833,-0.011233,-0.0074814,-0.0036981,1.6221e-05,0.0035891,0.0069816,0.010191,0.013251,0.016227,0.019207,0.022297,0.025605,0.029234,0.033267,0.037758,0.042725,0.048143,0.053947,0.060027,0.066242,0.072421,0.078377,0.083917,0.088855,0.093025,0.096286,0.098538,0.099719,0.099819,0.098893
-0.0075187,-0.0073456,-0.007842,-0.0090181,-0.010826,-0.013172,-0.015926,-0.018922,-0.021976,-0.024888,-0.027463,-0.029519,-0.0309,-0.031491,-0.03122,-0.030071,-0.028078,-0.025326,-0.021941,-0.018077,-0.013908,-0.0096075,-0.0053359,-0.0012268,0.0026248,0.0061694,0.0094072,0.012387,0.015201,0.017974,0.020855,0.023998,0.027548,0.031626,0.036315,0.04165,0.047611,0.05412,0.061048,0.068215,0.075407,0.082391,0.088922,0.094768,0.099719,0.1036,0.10629,0.10772,0.10787,0.10682
-0.0058892,-0.0056301,-0.0062256,-0.0076954,-0.0099848,-0.012981,-0.01652,-0.020396,-0.024371,-0.028193,-0.031607,-0.034379,-0.036308,-0.037241,-0.03709,-0.035834,-0.033522,-0.030269,-0.026245,-0.02166,-0.016745,-0.011733,-0.00684,-0.0022426,0.0019334,0.0056244,0.008834,0.011632,0.014146,0.016553,0.019056,0.021872,0.025205,0.029227,0.034061,0.039767,0.04633,0.053659,0.061595,0.069913,0.078342,0.086586,0.094336,0.1013,0.10721,0.11186,0.11509,0.11682,0.11704,0.11583
-0.0035025,-0.0031336,-0.0038479,-0.0056802,-0.0085695,-0.01238,-0.016909,-0.021897,-0.027043,-0.032021,-0.036504,-0.040186,-0.042804,-0.044161,-0.044142,-0.04272,-0.039964,-0.036032,-0.031151,-0.025604,-0.019704,-0.013764,-0.0080698,-0.0028595,0.0017002,0.0055268,0.0086283,0.011102,0.013126,0.014941,0.016831,0.019093,0.022011,0.02583,0.030725,0.03679,0.04402,0.052307,0.061452,0.07117,0.081118,0.090915,0.10017,0.10851,0.11561,0.12121,0.1251,0.1272,0.12749,0.12611
-0.00017107,0.00033783,-0.00051784,-0.0027956,-0.0064306,-0.011261,-0.017038,-0.023434,-0.030068,-0.03652,-0.042367,-0.047208,-0.050699,-0.05258,-0.0527,-0.051027,-0.047656,-0.042797,-0.036761,-0.02993,-0.022721,-0.015556,-0.0088199,-0.0028301,0.0021914,0.0061362,0.009018,0.010972,0.012241,0.013155,0.014103,0.015493,0.017719,0.02112,0.025948,0.032342,0.040308,0.04972,0.060325,0.07176,0.083584,0.095307,0.10643,0.11649,0.12506,0.13181,0.13652,0.13906,0.13946,0.13785
0.0043286,0.005016,0.0039939,0.0011712,-0.0033879,-0.0094939,-0.016841,-0.025023,-0.03355,-0.041886,-0.049478,-0.055801,-0.0604,-0.062932,-0.063194,-0.061148,-0.056921,-0.0508,-0.043202,-0.034643,-0.025686,-0.016897,-0.0087934,-0.0017997,0.0037873,0.0078242,0.010332,0.011496,0.011647,0.011234,0.010787,0.010864,0.012008,0.014688,0.019257,0.025917,0.034696,0.045438,0.057821,0.071377,0.085533,0.099658,0.11311,0.12529,0.13568,0.14387,0.14957,0.15267,0.15318,0.15131
0.010261,0.011175,0.0099602,0.0064747,0.00077449,-0.0069231,-0.016248,-0.026691,-0.037634,-0.048383,-0.058215,-0.066439,-0.072452,-0.075794,-0.076194,-0.0736,-0.068185,-0.060337,-0.050621,-0.039732,-0.028429,-0.017475,-0.0075631,0.00073686,0.0070283,0.01112,0.013044,0.013049,0.011585,0.0092605,0.0067939,0.0049488,0.0044659,0.0059933,0.010024,0.016848,0.026519,0.038846,0.053412,0.069605,0.08668,0.10382,0.12019,0.13502,0.14767,0.15762,0.16455,0.1683,0.16895,0.16675
0.017932,0.019135,0.017701,0.013416,0.0063123,-0.0033669,-0.015178,-0.028491,-0.042518,-0.056364,-0.069084,-0.07976,-0.087586,-0.091941,-0.092459,-0.089068,-0.082004,-0.07179,-0.059193,-0.045151,-0.03069,-0.016835,-0.0045181,0.0054973,0.01268,0.016777,0.017829,0.016174,0.012417,0.0073814,0.0020387,-0.002572,-0.0054389,-0.0056704,-0.002581,0.0042398,0.014884,0.029114,0.046381,0.065883,0.086635,0.10756,0.1276,0.14576,0.16121,0.17334,0.18175,0.1863,0.18709,0.18451
0.027693,0.029264,0.027588,0.022345,0.013525,0.0013858,-0.013548,-0.030501,-0.048476,-0.066312,-0.082768,-0.096621,-0.10678,-0.11241,-0.113,-0.10846,-0.099106,-0.085645,-0.069119,-0.050799,-0.032073,-0.014317,0.0012143,0.013499,0.021827,0.025859,0.025651,0.021656,0.014685,0.0058462,-0.0035477,-0.012087,-0.018391,-0.021235,-0.019667,-0.013108,-0.0014106,0.015122,0.035764,0.059447,0.084863,0.1106,0.13526,0.15758,0.17653,0.19133,0.20155,0.20705,0.208,0.20493
0.039937,0.041974,0.040041,0.033664,0.022757,0.0075742,-0.011278,-0.03285,-0.055885,-0.078879,-0.10019,-0.11818,-0.13137,-0.13861,-0.1392,-0.133,-0.12045,-0.10252,-0.080622,-0.056484,-0.03198,-0.0089651,0.010879,0.026183,0.036,0.039875,0.037885,0.030629,0.019194,0.0050635,-0.0099927,-0.024065,-0.035272,-0.041928,-0.042715,-0.036813,-0.023994,-0.0046517,0.020245,0.049257,0.080633,0.11249,0.14301,0.17057,0.19385,0.21195,0.22435,0.23096,0.23208,0.22841
0.055091,0.057716,0.055525,0.047822,0.034394,0.015462,-0.0082965,-0.035735,-0.065271,-0.094958,-0.12262,-0.14603,-0.16318,-0.17246,-0.17291,-0.16433,-0.14732,-0.12321,-0.093939,-0.061864,-0.029516,0.00060537,0.026249,0.045589,0.057361,0.060961,0.056484,0.044729,0.027136,0.0056874,-0.017238,-0.03906,-0.057211,-0.069374,-0.073712,-0.069066,-0.055087,-0.032286,-0.0019738,0.03389,0.072936,0.11265,0.15062,0.18476,0.21344,0.23557,0.25059,0.2585,0.25976,0.25537
0.073599,0.076964,0.074534,0.065303,0.048856,0.025323,-0.0045674,-0.039457,-0.077369,-0.11578,-0.15178,-0.18236,-0.2047,-0.21659,-0.21666,-0.20464,-0.18137,-0.14869,-0.10929,-0.066359,-0.023344,0.016398,0.049857,0.074605,0.088965,0.092134,0.084234,0.066312,0.040272,0.008752,-0.025067,-0.057701,-0.08565,-0.10572,-0.11534,-0.11286,-0.097742,-0.070648,-0.033375,0.011382,0.060378,0.11021,0.1577,0.20015,0.23554,0.26259,0.28075,0.29014,0.29152,0.28623
0.095898,0.10019,0.097568,0.086605,0.066571,0.037422,-0.00011667,-0.044475,-0.093206,-0.14304,-0.1901,-0.23021,-0.25944,-0.27466,-0.27395,-0.25694,-0.22483,-0.18021,-0.12681,-0.069002,-0.011459,0.041315,0.085313,0.11732,0.13512,0.13766,0.12509,0.098773,0.061207,0.015877,-0.032977,-0.080664,-0.12241,-0.15381,-0.17124,-0.17232,-0.15619,-0.12374,-0.07742,-0.020999,0.041023,0.104,0.16369,0.21664,0.26037,0.29341,0.31528,0.32636,0.32777,0.32138
0.12238,0.12781,0.12509,0.1122,0.087936,0.051966,0.0049125,-0.051482,-0.11424,-0.17915,-0.24096,-0.29388,-0.33234,-0.35182,-0.34964,-0.32532,-0.28062,-0.21927,-0.14645,-0.068208,0.0091434,0.079573,0.13777,0.17952,0.20192,0.20358,0.18469,0.147,0.093781,0.029585,-0.03997,-0.10859,-0.16978,-0.21741,-0.24636,-0.25314,-0.23639,-0.19719,-0.13899,-0.067099,0.012147,0.092322,0.16774,0.23398,0.28804,0.32836,0.3546,0.36755,0.36889,0.36116
0.15333,0.16016,0.15748,0.14245,0.11324,0.069032,0.010173,-0.061528,-0.14255,-0.22749,-0.30922,-0.37957,-0.43047,-0.4554,-0.45054,-0.41536,-0.35257,-0.2676,-0.16776,-0.061395,0.042968,0.13729,0.2146,0.26939,0.29793,0.2984,0.27103,0.21806,0.14367,0.053791,-0.044199,-0.14191,-0.2305,-0.30148,-0.34749,-0.36334,-0.34678,-0.2991,-0.2251,-0.1324,-0.030106,0.072767,0.16856,0.25163,0.3185,0.36761,0.39899,0.41401,0.41513,0.40579
0.18888,0.19741,0.19491,0.17754,0.14257,0.088438,0.014974,-0.076198,-0.1811,-0.29292,-0.40192,-0.49633,-0.56423,-0.59602,-0.58631,-0.53475,-0.44567,-0.32712,-0.18952,-0.044383,0.096789,0.22338,0.32632,0.39853,0.43523,0.43413,0.39547,0.32208,0.21924,0.094552,-0.042395,-0.1805,-0.30781,-0.41248,-0.48393,-0.51426,-0.49962,-0.4413,-0.34601,-0.22486,-0.091265,0.041883,0.16419,0.26863,0.35135,0.41107,0.44849,0.46583,0.46655,0.45529
0.22894,0.23945,0.2373,0.2173,0.17558,0.10954,0.018065,-0.09787,-0.2342,-0.38254,-0.52952,-0.65777,-0.74918,-0.78934,-0.77081,-0.69402,-0.56623,-0.39958,-0.20902,-0.010426,0.1808,0.3508,0.48794,0.58327,0.63081,0.62767,0.57413,0.47365,0.33283,0.16122,-0.028912,-0.22304,-0.40513,-0.55872,-0.66847,-0.72214,-0.71292,-0.6415,-0.51707,-0.35627,-0.17936,-0.0053031,0.15175,0.28331,0.3856,0.45817,0.50276,0.52276,0.52294,0.50946
0.27315,0.28592,0.28415,0.26103,0.21128,0.13093,0.017331,-0.13008,-0.30806,-0.50684,-0.70797,-0.88501,-1.0093,-1.0589,-1.0241,-0.90755,-0.72194,-0.48588,-0.22087,0.051321,0.31035,0.5384,0.72085,0.84664,0.90843,0.9027,0.82974,0.69371,0.5026,0.26817,0.0058101,-0.26584,-0.52553,-0.75054,-0.91858,-1.0105,-1.0138,-0.92695,-0.76209,-0.54451,-0.30622,-0.075962,0.12695,0.29292,0.41934,0.50753,0.56086,0.58414,0.58377,0.56778
0.32092,0.33609,0.3345,0.30733,0.24771,0.15006,0.0094304,-0.17794,-0.41162,-0.68159,-0.96243,-1.2121,-1.383,-1.441,-1.3752,-1.1946,-0.92139,-0.58462,-0.21493,0.15822,0.50849,0.81351,1.0554,1.2209,1.3012,1.2923,1.1943,1.0121,0.75517,0.43745,0.077709,-0.30069,-0.67018,-0.99993,-1.2577,-1.4133,-1.4439,-1.3412,-1.1194,-0.81769,-0.4895,-0.18034,0.083612,0.29321,0.4493,0.55668,0.62106,0.64883,0.64814,0.62952
0.37144,0.38892,0.38695,0.35396,0.28169,0.16308,-0.010286,-0.24822,-0.55739,-0.93089,-1.3343,-1.6971,-1.9338,-1.9925,-1.8663,-1.5796,-1.1724,-0.68914,-0.17276,0.33792,0.80975,1.2157,1.5345,1.751,1.8552,1.8423,1.7125,1.4714,1.1294,0.70256,0.21297,-0.31125,-0.83546,-1.319,-1.7163,-1.9802,-2.0685,-1.9563,-1.6539,-1.2217,-0.75591,-0.33259,0.013638,0.27828,0.47054,0.60176,0.68086,0.71528,0.71478,0.69366
0.42369,0.44321,0.44007,0.39826,0.30918,0.16537,-0.046524,-0.3478,-0.76122,-1.2917,-1.895,-2.4452,-2.7723,-2.8035,-2.5564,-2.0913,-1.4779,-0.7821,-0.06185,0.63395,1.2655,1.8015,2.2184,2.4994,2.6335,2.6159,2.4466,2.1313,1.6813,1.1141,0.45388,-0.26693,-1.0071,-1.7153,-2.3301,-2.7806,-2.9913,-2.8976,-2.4834,-1.8352,-1.1456,-0.55009,-0.091061,0.24211,0.4772,0.63792,0.73742,0.78217,0.78216,0.75866
0.47537,0.49783,0.49378,0.43836,0.32673,0.15445,-0.098946,-0.47639,-1.0368,-1.8196,-2.7741,-3.6623,-4.0973,-4.0148,-3.5226,-2.7552,-1.8261,-0.82574,0.17351,1.1141,1.9514,2.6519,3.1909,3.5513,3.7225,3.6992,3.4817,3.0754,2.4914,1.7472,0.86756,-0.11326,-1.1496,-2.1817,-3.133,-3.9057,-4.3744,-4.3902,-3.8372,-2.7983,-1.7168,-0.84599,-0.22974,0.18443,0.46559,0.66087,0.78913,0.85017,0.84851,0.82069
0.51914,0.55189,0.5525,0.47559,0.33439,0.13566,-0.1504,-0.60503,-1.3691,-2.5866,-4.2061,-5.7819,-6.2679,-5.8302,-4.8443,-3.5733,-2.1725,-0.74638,0.6255,1.8818,2.9774,3.88,4.5669,5.0229,5.2383,5.2086,4.9338,4.4187,3.6731,2.712,1.5578,0.24231,-1.1895,-2.6758,-4.134,-5.451,-6.4524,-6.8402,-6.1959,-4.3561,-2.5388,-1.1972,-0.36788,0.12417,0.44047,0.66983,0.83839,0.92636,0.91128,0.8677
0.53373,0.60633,0.6359,0.52001,0.34004,0.12834,-0.15302,-0.63429,-1.6209,-3.5946,-6.4765,-9.7173,-9.8537,-8.4626,-6.5422,-4.4801,-2.4084,-0.41013,1.4422,3.0919,4.5005,5.643,6.503,7.0696,7.3361,7.299,6.9585,6.3179,5.3838,4.1666,2.6813,0.951,-0.98844,-3.0837,-5.2644,-7.4442,-9.4693,-10.888,-10.565,-6.7622,-3.58,-1.4391,-0.3923,0.11397,0.42164,0.67208,0.89848,1.0397,0.96677,0.86696
0.63085,0.84774,0.99147,0.77485,0.5359,0.3338,0.12733,-0.21093,-1.1553,-3.887,-8.4041,-16.843,-15.117,-11.751,-8.4037,-5.2859,-2.3384,0.39751,2.849,4.9697,6.74,8.1533,9.2066,9.8966,10.22,10.175,9.7609,8.9806,7.8369,6.332,4.4669,2.2446,-0.32111,-3.1924,-6.3078,-9.6369,-13.234,-16.822,-18.47,-8.4639,-3.6725,-0.84902,0.099524,0.42779,0.64887,0.89806,1.2199,1.5127,1.221,0.948
15.068,17.041,17.131,16.548,16.211,16.034,15.938,15.967,15.862,13.842,11.813,-27.233,-19.459,-13.91,-9.498,-5.5271,-1.6206,2.0106,5.1767,7.8315,9.9956,11.698,12.954,13.772,14.153,14.098,13.609,12.683,11.319,9.5096,7.235,4.4629,1.167,-2.615,-6.7071,-10.923,-15.674,-21.688,-30.058,16.374,17.693,19.726,19.727,19.642,19.744,19.975,20.461,21.332,20.568,18.718
1247.7,1345.6,1302.5,1302.5,1302.7,1302.7,1302.4,1301.4,1297.9,1285.6,1064.6,59.272,-14.04,-13.722,-9.4065,-5.0351,0.11256,4.9331,8.9267,12.124,14.66,16.631,18.085,19.036,19.482,19.417,18.842,17.764,16.186,14.093,11.436,8.1193,4.0081,-0.9252,-6.1895,-10.73,-15.352,-15.381,75.39,1278,1568.5,1582.8,1586.7,1587.8,1588.1,1588,1587.7,1587.4,1618.8,1539.9
1281.7,1355.2,1318.5,1318,1318.1,1318,1317.6,1316.7,1314.4,1310.4,1336.7,1119.5,298.92,-4.3004,-9.0191,-4.9357,2.9425,9.8052,14.774,18.427,21.249,23.446,25.068,26.12,26.605,26.528,25.89,24.69,22.925,20.595,17.651,13.892,8.8463,1.9525,-5.916,-10.003,-4.4515,341.14,1328,1623.6,1598.7,1603,1605.4,1606.4,1606.8,1606.9,1606.8,1607.1,1628.3,1587.1
1277.5,1357,1318.5,1318.2,1318.3,1318.3,1318.1,1317.9,1317.5,1318.1,1324.5,1324.5,1313,451.51,7.0063,-6.1286,8.0414,18.043,23.683,27.426,30.295,32.583,34.351,35.566,36.157,36.064,35.29,33.902,31.974,29.544,26.559,22.733,17.059,7.091,-6.9245,8.0114,512.33,1554.1,1611.8,1613.5,1606.9,1606.3,1606.7,1607,1607.1,1607.1,1607.1,1607.2,1630.5,1581.9
1278.3,1356.5,1318.6,1318.4,1318.6,1318.7,1318.8,1319,1319.3,1320.5,1323.8,1327.2,1330.2,1326,831.95,10.762,19.006,32.116,36.472,39.554,42.434,44.895,46.755,47.993,48.592,48.479,47.66,46.215,44.171,41.561,38.574,35.428,31.034,17.949,11.66,906.12,1577.6,1618.8,1616.4,1612.9,1609.5,1608.2,1607.9,1607.7,1607.6,1607.5,1607.3,1607.4,1630,1583
1280.2,1355.2,1319.1,1319,1319.2,1319.5,1319.7,1320,1320.5,1321.4,1323.6,1327.2,1334.3,1353.8,1508.1,505.16,46.509,52.325,51.665,54.674,57.813,60.37,62.586,64.384,65.381,65.238,63.963,61.912,59.486,56.778,53.556,50.52,51.163,46.296,565.9,1757.9,1641.7,1623.4,1616.3,1612.6,1610.4,1609.4,1609,1608.6,1608.4,1608.2,1607.9,1607.8,1628.7,1585
1284.6,1352.5,1320,1320,1320.4,1320.7,1321.1,1321.5,1322,1322.6,1323.7,1325.6,1328.7,1332.9,1335.5,1744.5,631.41,83.547,55.45,69.754,77.94,81.207,83.292,85.325,86.697,86.512,84.783,82.431,80.081,76.637,68.406,54.162,83.05,674.69,1988,1623.8,1622,1617.8,1614.6,1612.7,1611.5,1610.8,1610.4,1610,1609.6,1609.2,1608.9,1608.7,1626.1,1589.2
1291.6,1348.2,1321.3,1321.5,1322,1322.5,1323.2,1323.9,1324.7,1325.5,1326.5,1327.6,1328.6,1327.5,1316.5,1283.6,1592.3,556.93,35.933,93.184,103.33,104.51,108.33,113.49,116.8,116.54,112.74,107.15,103,101.63,91.48,34.435,574,1799,1571,1605.6,1616.6,1617.5,1616.5,1615.3,1614.3,1613.5,1612.7,1612,1611.3,1610.8,1610.3,1610,1622,1595.9
1301.6,1342.1,1323.1,1323.5,1324.1,1325,1326.1,1327.5,1329.1,1330.9,1332.6,1334.3,1335.9,1337.6,1342.4,1368.3,1474.6,473.77,194.37,184.88,146.23,132.59,137.95,148.64,155.81,155.45,147.58,136.3,130.46,143.75,182.52,196.37,620.04,1758.8,1656.8,1631.3,1626.4,1624.6,1623,1621.3,1619.5,1617.7,1616.2,1614.8,1613.7,1612.8,1612.2,1611.7,1616.3,1605.4
1314.3,1334.4,1325.2,1325.8,1326.7,1328,1329.8,1332.1,1334.9,1338,1341.3,1344.3,1346.4,1347.7,1350.4,1362.9,1417,2291.6,1392.2,255.54,126.8,131.79,169.44,200.99,216.65,216.12,199.41,166.91,128.51,123,251.29,1438.9,2560.1,1706.3,1651.9,1639.1,1636.3,1634.9,1632.7,1629.7,1626.4,1623.2,1620.5,1618.2,1616.5,1615.2,1614.4,1613.7,1609,1617.3
1329.1,1325.3,1327.6,1328.3,1329.3,1331.1,1333.6,1336.9,1341.1,1345.9,1351.2,1356.2,1359.9,1360.3,1353,1324.7,1236.1,1059.7,721.11,-43.845,-35.782,103.23,212.31,277.18,305.85,305.06,274.81,208.5,98.364,-40.559,-41.652,909.22,1347.3,1525.2,1613.5,1641.6,1648.6,1648.1,1644.3,1639.2,1634,1629.2,1625.1,1621.9,1619.4,1617.8,1616.7,1615.9,1600.4,1631.2
1344.7,1315.4,1330,1330.7,1331.9,1333.9,1337,1341.2,1346.6,1352.9,1360.1,1367.6,1374.4,1378.6,1376,1356.6,1298.3,1130.5,287.2,1023,-335.49,60.825,315.63,419.92,454.08,452.98,416.47,309.49,51.753,-346.25,1054.7,563.92,1419.5,1587.1,1645.1,1664.2,1666.7,1662.3,1655.4,1647.9,1640.8,1634.5,1629.2,1625.1,1622.1,1620.1,1619,1618.1,1591.2,1645.8
1360,1305.5,1332.1,1332.8,1334,1336.2,1339.7,1344.4,1350.4,1357.7,1366,1375.2,1384.8,1394.1,1402.3,1408.2,1413.2,1428.3,1418.2,-698.23,-463.71,375.25,601.27,658.65,671.27,669.83,654.03,592.64,361.81,-479.11,-596.69,1701.2,1716.3,1701.6,1696.4,1690.3,1681.9,1672.4,1662.8,1653.6,1645.3,1638.1,1632.2,1627.5,1624.2,1622.1,1620.9,1620.1,1582,1660.1
1373.8,1296.2,1333.8,1334.5,1335.6,1337.7,1341.2,1345.9,1352,1359.4,1367.9,1377.3,1387.5,1398.3,1409.8,1421.1,1427.2,1425.2,1434.4,1342.8,1895.8,1374.3,1126.9,1005.5,954.69,953.22,1000.4,1116.1,1354.2,1871,1579.3,1720.3,1713.2,1715.5,1709.1,1697.6,1685.9,1674.9,1664.7,1655.3,1646.8,1639.6,1633.5,1628.9,1625.6,1623.5,1622.4,1621.7,1573.4,1672.7
1385.2,1288.1,1335.1,1335.6,1336.5,1338.4,1341.6,1346,1351.7,1358.5,1366.2,1374.6,1383.6,1393.1,1403.4,1415.7,1432.3,1462,1532.8,1573.2,1791.8,1763.9,1518.7,1327.5,1237.5,1236.6,1324,1510.8,1746.8,1753.4,1711.2,1824.7,1751.2,1720.5,1703.4,1690.9,1680.4,1670.9,1661.9,1653.4,1645.8,1639,1633.5,1629.2,1626.1,1624.3,1623.5,1622.8,1566,1683.1
1393.8,1281.6,1335.9,1336.3,1336.9,1338.5,1341.1,1344.9,1349.8,1355.6,1362.1,1369,1376.1,1383.1,1390,1397.6,1408.1,1430.8,1499.6,1232,2312.5,2124.9,1798.8,1572.4,1467.2,1467.4,1573.1,1799.7,2127.7,2384.2,1584.5,1784.1,1717.8,1695.6,1685,1677.3,1670.2,1663.2,1656.1,1649.3,1642.8,1637.1,1632.3,1628.6,1626,1624.6,1624,1623.5,1560.2,1690.7
1399.5,1276.9,1336.2,1336.6,1336.9,1338,1340.1,1343.1,1347.1,1351.8,1357,1362.4,1367.6,1372.3,1376.2,1378.8,1380.1,1380.5,1378.2,854.79,2113.7,2047.8,1855.5,1692,1608.8,1610.5,1697.1,1863.4,2053.2,2148.2,1135,1669.6,1669.2,1667.7,1666.2,1663.4,1659.4,1654.7,1649.4,1644.1,1638.9,1634.3,1630.5,1627.5,1625.5,1624.4,1624.2,1623.7,1556.1,1695.6
1402.7,1273.8,1336.2,1336.5,1336.6,1337.3,1338.8,1341.1,1344.1,1347.7,1351.7,1355.9,1359.9,1363.2,1365.3,1365.3,1361.7,1353.3,1331,686.52,1703.2,1785.8,1776.2,1712.1,1668.4,1671.6,1722.4,1796.2,1820.2,1756.5,949.13,1620.9,1641.4,1649.1,1652.5,1652.4,1650.3,1646.9,1643,1638.8,1634.9,1631.3,1628.4,1626.2,1624.8,1624.1,1624,1623.6,1553.6,1697.9
1403.5,1272.3,1335.9,1336.2,1336.1,1336.5,1337.5,1339.1,1341.3,1344,1347,1350.2,1353.4,1356.3,1358.1,1357.6,1353.1,1342.5,1316.2,600.3,1550.3,1652.9,1703.1,1694.4,1678.4,1682.1,1706.2,1725,1687,1598.7,880.92,1602.6,1629.5,1640.2,1644.7,1645.2,1643.3,1640.5,1637.3,1634.1,1631.1,1628.5,1626.4,1624.9,1623.9,1623.6,1623.7,1623.3,1552.7,1698.1
1402.6,1272.1,1335.5,1335.8,1335.6,1335.7,1336.3,1337.3,1338.8,1340.7,1343,1345.5,1348.3,1351.1,1353.6,1354.6,1351.9,1342.3,1315.4,610.04,1571.5,1638.4,1673.6,1673,1665.3,1668.7,1683.2,1690.6,1660.3,1596.6,862.29,1601.5,1629.2,1639,1641.8,1640.8,1638.3,1635.4,1632.6,1630.1,1627.9,1626.1,1624.6,1623.6,1623.1,1623,1623.2,1622.8,1552.9,1696.5
1400.3,1273,1334.9,1335.3,1335,1335,1335.3,1335.9,1336.8,1338,1339.6,1341.5,1343.9,1346.9,1350.6,1354.3,1356.3,1351.7,1325.4,605.03,1626.6,1667.2,1667.9,1651,1638.9,1641.5,1658.7,1679.7,1680.6,1642.4,843.97,1611.6,1638.8,1643.5,1641.6,1637.8,1634.1,1631.1,1628.7,1626.8,1625.2,1624,1623.1,1622.6,1622.3,1622.4,1622.6,1622.2,1554.3,1693.8
1397.1,1274.7,1334.4,1334.7,1334.5,1334.3,1334.4,1334.7,1335.1,1335.8,1336.8,1338.1,1339.9,1342.7,1347.1,1354,1363.8,1373.4,1365.7,740.9,1739.3,1726.6,1663.5,1617.3,1596.2,1598.2,1622.8,1671.3,1734.6,1748.6,956.02,1652.2,1660.8,1651.2,1641.4,1634.4,1629.9,1627.1,1625.3,1624,1623.1,1622.4,1621.9,1621.7,1621.7,1621.8,1622,1621.6,1556.3,1690.1
1393.3,1277,1333.8,1334.2,1333.9,1333.8,1333.7,1333.7,1333.9,1334.2,1334.5,1335.1,1336,1337.7,1341.4,1349.4,1367,1401.4,1435.9,731.85,1873,1700.8,1600.7,1549.6,1529.8,1531.3,1553.8,1606.3,1706.2,1879,920.33,1722.7,1689.2,1654.6,1636.9,1628.7,1625,1623.3,1622.4,1621.8,1621.4,1621.2,1621,1621,1621,1621.2,1621.4,1621,1558.9,1685.9
1389.1,1279.6,1333.2,1333.6,1333.4,1333.2,1333.1,1333,1332.9,1332.9,1332.8,1332.7,1332.6,1332.5,1333,1336.3,1350.9,1412.5,1660.3,969.3,1445,1453.8,1450.4,1444.9,1442.3,1443.6,1448.6,1455.5,1458.9,1450.7,1127.1,1947.8,1700.6,1638.6,1623.8,1620.3,1619.8,1619.9,1620,1620.1,1620.2,1620.2,1620.3,1620.4,1620.5,1620.7,1620.9,1620.4,1561.8,1681.4
1384.9,1282.5,1332.6,1333.1,1333,1332.8,1332.6,1332.5,1332.3,1332,1331.7,1331.2,1330.2,1328.4,1324.9,1317.1,1295.9,1222.4,913.65,525.39,1170.3,1253.9,1309.4,1340,1353.1,1354.4,1343.8,1315,1260.3,1177.7,647.47,1201.2,1510.3,1583.3,1604.4,1612.2,1615.7,1617.5,1618.4,1619,1619.3,1619.5,1619.7,1619.9,1620,1620.2,1620.3,1619.8,1564.9,1676.9
1380.7,1285.4,1332.1,1332.6,1332.5,1332.4,1332.2,1332,1331.8,1331.5,1331.1,1330.4,1329.3,1327.4,1323.9,1317.2,1305.4,1290.1,1304.1,339.96,1101.5,1172.5,1225.2,1261.1,1278.6,1280,1265.2,1231.8,1181,1111.7,421.45,1588.7,1576.8,1592.3,1604.3,1611.1,1614.6,1616.6,1617.6,1618.3,1618.7,1619,1619.3,1619.4,1619.6,1619.7,1619.8,1619.3,1568.1,1672.5
1376.7,1288.3,1331.7,1332.2,1332.1,1332,1331.9,1331.7,1331.4,1331.1,1330.7,1330.2,1329.4,1328.3,1326.4,1323.1,1316.3,1298.2,1185.5,763.97,1149.4,1159.5,1184.1,1208.9,1223.2,1224.6,1213.1,1191.1,1169.2,1162,810.74,1463.6,1583.5,1602.9,1610.2,1613.6,1615.5,1616.6,1617.4,1618,1618.4,1618.7,1618.9,1619.1,1619.2,1619.3,1619.4,1618.8,1571.1,1668.3
1373,1291,1331.3,1331.8,1331.7,1331.7,1331.5,1331.4,1331.2,1330.9,1330.6,1330.2,1329.8,1329.5,1329.7,1331,1334.5,1337.6,876.32,950.83,1116.9,1138.7,1156.8,1173.1,1183,1184.3,1176.9,1162.9,1146.7,1126.7,968.83,1131,1623.7,1621.5,1618.2,1616.9,1616.7,1617,1617.4,1617.8,1618.1,1618.4,1618.6,1618.8,1618.9,1618.9,1619,1618.4,1574,1664.4
1369.6,1293.6,1330.9,1331.4,1331.4,1331.4,1331.3,1331.1,1330.9,1330.7,1330.4,1330.1,1329.9,1330,1331,1334.6,1344,1354.3,666.75,1131.3,1137.1,1136.3,1140.5,1147.8,1153.3,1154.4,1150.9,1145.2,1141.4,1141.4,1136.1,877.89,1642,1631.7,1622,1618.3,1617.2,1617.1,1617.3,1617.6,1617.9,1618.1,1618.3,1618.5,1618.5,1618.6,1618.6,1618.1,1576.7,1660.8
1366.5,1295.9,1330.6,1331.1,1331.1,1331.1,1331,1330.9,1330.7,1330.5,1330.2,1329.9,1329.6,1329.3,1329.5,1331.5,1341.7,1385.9,848.47,1149.8,1131.9,1124.6,1123.7,1126.5,1129.5,1130.5,1129.2,1127.5,1128.6,1134.9,1152.8,998.18,1673.4,1629.4,1618.9,1616.8,1616.5,1616.8,1617.1,1617.4,1617.7,1617.9,1618.1,1618.2,1618.2,1618.3,1618.3,1617.7,1579.2,1657.5
1363.7,1298.1,1330.4,1330.8,1330.9,1330.8,1330.8,1330.7,1330.5,1330.3,1330.1,1329.7,1329.2,1328.3,1326.3,1320.6,1300.2,1215.8,579.79,1082.8,1098,1101.4,1103.7,1106.6,1109.1,1109.9,1109.1,1107.4,1105.7,1102.4,1087.4,659.91,1499.3,1586.8,1607.6,1613.5,1615.5,1616.4,1616.9,1617.2,1617.5,1617.7,1617.8,1617.9,1618,1618,1618,1617.5,1581.5,1654.6
1361.2,1300,1330.2,1330.6,1330.6,1330.6,1330.6,1330.5,1330.4,1330.2,1329.9,1329.6,1329.1,1328.3,1327,1324.6,1318.5,1138,821.26,1074.5,1078.5,1081.9,1085.6,1089,1091.4,1092.2,1091.4,1089.3,1086.8,1084.3,1081.8,854.54,1407.8,1604.3,1611.5,1614.1,1615.5,1616.3,1616.8,1617.1,1617.3,1617.5,1617.6,1617.7,1617.7,1617.7,1617.7,1617.2,1583.6,1651.9
1359,1301.8,1330,1330.4,1330.4,1330.4,1330.4,1330.3,1330.2,1330.1,1329.9,1329.6,1329.2,1328.8,1328.5,1329.1,1329.3,933.32,1018,1052.1,1061.1,1066.6,1070.8,1074.1,1076.4,1077.2,1076.4,1074.2,1071,1066,1057.4,1027.5,1158.8,1616.9,1616.6,1615.8,1616,1616.4,1616.7,1617,1617.2,1617.3,1617.4,1617.5,1617.5,1617.5,1617.4,1617,1585.5,1649.5
1357,1303.4,1329.8,1330.2,1330.2,1330.2,1330.2,1330.2,1330.1,1330,1329.8,1329.6,1329.3,1329,1328.7,1328.5,1323.5,749.31,1044.9,1053.6,1055.7,1057.5,1059.7,1062.1,1063.9,1064.6,1064.1,1062.8,1061.2,1059.4,1056.8,1048.5,893.22,1610,1615.8,1615.9,1616.2,1616.5,1616.7,1616.9,1617.1,1617.2,1617.2,1617.3,1617.3,1617.3,1617.2,1616.8,1587.2,1647.4
1355.3,1304.8,1329.6,1330,1330,1330,1330,1330,1330,1329.9,1329.8,1329.6,1329.5,1329.2,1328.4,1325.4,1295.8,849.1,1056.9,1052.8,1050.5,1049.8,1050.6,1052.1,1053.5,1054.1,1053.9,1053.3,1053.1,1053.9,1056,1060,911.6,1576.3,1611.7,1615.4,1616.3,1616.6,1616.7,1616.9,1617,1617,1617.1,1617.1,1617.1,1617.1,1617,1616.6,1588.7,1645.5
1353.7,1306.1,1329.5,1329.8,1329.9,1329.9,1329.9,1329.9,1329.8,1329.8,1329.7,1329.7,1329.6,1329.7,1330.2,1329.4,1045.6,962.07,1041.1,1040.3,1040.7,1041.2,1042.1,1043.4,1044.6,1045.1,1045,1044.5,1044.2,1044,1043.9,1045.3,977.54,1293.8,1616.3,1617.4,1616.8,1616.7,1616.8,1616.8,1616.9,1616.9,1616.9,1616.9,1616.9,1616.9,1616.8,1616.5,1590.1,1643.7
1352.2,1307.3,1329.4,1329.7,1329.7,1329.7,1329.7,1329.7,1329.7,1329.7,1329.7,1329.6,1329.6,1329.7,1329.6,1322.8,846.95,990.25,1021.8,1029.4,1032.3,1033.7,1034.8,1036,1037,1037.5,1037.3,1036.8,1036.2,1034.9,1032.1,1024.5,995.3,1015.9,1609.7,1616.9,1616.8,1616.7,1616.7,1616.7,1616.7,1616.7,1616.7,1616.7,1616.7,1616.7,1616.6,1616.3,1591.5,1642
1350.8,1308.4,1329.2,1329.5,1329.6,1329.6,1329.6,1329.6,1329.6,1329.6,1329.6,1329.5,1329.6,1329.7,1329.3,1296.4,900.8,1033.3,1029,1028.2,1028.1,1028.4,1029,1029.9,1030.7,1031,1030.9,1030.6,1030.3,1030.1,1030,1030.5,1034.4,963.06,1576,1615.7,1616.6,1616.6,1616.6,1616.6,1616.6,1616.6,1616.6,1616.6,1616.5,1616.5,1616.5,1616.1,1592.7,1640.4
1349.5,1309.4,1329.1,1329.4,1329.4,1329.4,1329.5,1329.5,1329.5,1329.5,1329.4,1329.4,1329.4,1329.8,1329.2,1110.4,984.09,1027.2,1024.6,1024.1,1023.8,1023.8,1024.2,1024.8,1025.3,1025.6,1025.5,1025.3,1025.2,1025.3,1025.5,1026,1028.9,996.53,1352.9,1616.4,1617,1616.4,1616.4,1616.4,1616.5,1616.4,1616.4,1616.4,1616.3,1616.3,1616.3,1616,1593.9,1638.9
1348.2,1310.5,1329,1329.2,1329.3,1329.3,1329.3,1329.4,1329.4,1329.4,1329.3,1329.1,1328.7,1327.9,1320.8,885.01,993.46,1013.6,1018.1,1019.4,1019.8,1019.9,1020.1,1020.5,1020.9,1021,1021,1020.8,1020.8,1020.7,1020.3,1018.8,1014.3,995.64,1025.1,1605.8,1614.9,1615.7,1616.1,1616.3,1616.3,1616.3,1616.3,1616.2,1616.2,1616.1,1616.1,1615.8,1595.1,1637.3
1346.9,1311.5,1328.8,1329.1,1329.1,1329.1,1329.2,1329.3,1329.3,1329.4,1329.4,1329.1,1328.3,1326,1272.7,943.42,1016.2,1016.3,1017,1017.1,1017,1016.8,1016.7,1016.9,1017.1,1017.2,1017.1,1017.1,1017.2,1017.4,1017.5,1017.2,1016.4,1016.2,982.99,1545.9,1612.8,1615.2,1616.1,1616.3,1616.3,1616.2,1616.1,1616,1616,1615.9,1615.9,1615.6,1596.2,1635.8
1345.5,1312.5,1328.7,1328.9,1328.9,1329,1329,1329.1,1329.3,1329.5,1329.7,1329.7,1328.5,1317.3,1039.4,1004.2,1015.6,1015.6,1015.6,1015.2,1014.7,1014.1,1013.8,1013.8,1013.9,1013.9,1013.8,1013.8,1014,1014.5,1015,1015.3,1015.4,1016,1010.7,1241.3,1604.7,1615.6,1616.6,1616.5,1616.3,1616.1,1615.9,1615.8,1615.7,1615.7,1615.6,1615.4,1597.4,1634.1
1344,1313.6,1328.5,1328.7,1328.7,1328.8,1328.9,1329,1329.2,1329.5,1330.2,1331.7,1335.3,1322.7,961.08,1007.8,1012.3,1013.3,1013.4,1013,1012.4,1011.8,1011.3,1011.2,1011.1,1011,1010.9,1010.9,1011.2,1011.7,1012.2,1012.4,1012.1,1010.8,1005.7,1034.7,1601,1621.3,1618.3,1616.9,1616.3,1615.9,1615.7,1615.6,1615.5,1615.4,1615.4,1615.2,1598.6,1632.3
1342.4,1314.6,1328.3,1328.5,1328.5,1328.6,1328.6,1328.7,1328.9,1329.2,1329.8,1331.1,1332.6,1169.8,1013.2,1015.4,1011.4,1010.8,1010.8,1010.6,1010.1,1009.5,1009.1,1008.8,1008.7,1008.5,1008.4,1008.3,1008.5,1008.8,1009.1,1009.2,1009.1,1009.6,1014,1022.9,1399.6,1619.5,1617.9,1616.5,1615.9,1615.6,1615.4,1615.3,1615.2,1615.2,1615.2,1614.9,1599.8,1630.5
1340.9,1315.7,1328.1,1328.3,1328.3,1328.4,1328.4,1328.4,1328.5,1328.6,1328.7,1327.8,1309.7,988.01,991.34,1004.1,1006.7,1007.5,1008,1008.1,1007.9,1007.5,1007.1,1006.8,1006.6,1006.3,1006.1,1006,1006,1006.2,1006.2,1005.9,1005.3,1004.4,1001.6,989.09,1091.6,1590.9,1614.1,1615.3,1615.2,1615.1,1615,1615,1615,1614.9,1614.9,1614.7,1601,1628.8
1339.5,1316.6,1327.9,1328.1,1328.1,1328.1,1328.1,1328,1328,1327.9,1328.2,1329.5,1210.9,1000,1001.8,1003.4,1004.8,1005.6,1006,1006.2,1006.1,1005.8,1005.4,1005.1,1004.8,1004.5,1004.2,1004,1003.9,1003.9,1003.8,1003.5,1003,1002.2,1000.7,999.34,1014,1453.5,1616.5,1615,1614.5,1614.5,1614.6,1614.7,1614.7,1614.7,1614.7,1614.5,1602.1,1627.1
1338.3,1317.4,1327.8,1327.9,1328,1327.9,1327.9,1327.7,1327.4,1326.8,1325.1,1315.1,1047.9,997.94,1001.2,1002.9,1004,1004.5,1004.8,1004.9,1004.7,1004.4,1004,1003.6,1003.3,1002.9,1002.6,1002.3,1002.2,1002.2,1002.1,1002,1001.6,1001,999.91,998.03,995.95,1163.9,1596.4,1611.2,1613.3,1613.9,1614.2,1614.4,1614.4,1614.5,1614.4,1614.2,1602.9,1625.8
1337.5,1318,1327.6,1327.8,1327.8,1327.8,1327.7,1327.5,1327.2,1326.7,1324,1224.9,999.39,1002,1002.2,1003,1003.7,1004,1004.1,1004,1003.7,1003.3,1002.9,1002.4,1002,1001.6,1001.2,1001,1000.9,1000.9,1000.9,1000.9,1000.8,1000.4,999.76,998.96,999.19,1015.7,1465,1610.7,1613.2,1613.7,1613.9,1614.1,1614.2,1614.3,1614.3,1614.1,1603.5,1624.8
1336.8,1318.4,1327.6,1327.7,1327.7,1327.7,1327.6,1327.4,1327.3,1327.4,1319.5,1088.5,1000.8,1002,1002.6,1003.1,1003.5,1003.6,1003.5,1003.3,1002.9,1002.4,1001.9,1001.5,1001,1000.5,1000.1,999.88,999.79,999.86,1000,1000.1,1000.1,999.93,999.55,999.07,998.47,998.51,1197.4,1599.8,1613.3,1613.6,1613.7,1614,1614.1,1614.2,1614.2,1614,1604,1624
1338.2,1317.9,1327.5,1327.7,1327.7,1327.6,1327.5,1327.2,1327.1,1327,1233,1016.4,1005.7,1003.5,1003.1,1003.1,1003.2,1003.2,1003.1,1002.7,1002.3,1001.7,1001.2,1000.7,1000.2,999.67,999.26,998.99,998.92,999.02,999.21,999.38,999.46,999.4,999.28,999.27,999.76,1002.5,1027.2,1456.3,1613.7,1613.3,1613.4,1613.8,1614,1614.1,1614.1,1613.9,1603.1,1626.4
1322.3,1318.3,1323.3,1323.7,1323.9,1323.8,1323.6,1323.1,1321.6,1310.7,1124,1002.6,1003.4,1003.3,1003,1002.9,1002.8,1002.7,1002.5,1002.2,1001.7,1001.2,1000.6,1000,999.47,998.96,998.53,998.26,998.19,998.3,998.51,998.7,998.8,998.84,998.87,998.96,999.12,998.91,998.46,1229.5,1581.9,1602.9,1605.7,1606.4,1606.8,1606.8,1606.6,1606.1,1602.7,1599.3
1003,1003,1003.8,1003.4,1003.3,1003.3,1003.4,1003.8,1004.4,1000.5,1005.9,1002.2,1003,1003.1,1002.9,1002.7,1002.5,1002.3,1002,1001.7,1001.2,1000.6,1000.1,999.49,998.92,998.39,997.96,997.68,997.6,997.7,997.9,998.09,998.23,998.35,998.48,998.63,998.66,998.19,996.68,1004.1,998.26,1005.2,1004.1,1003.3,1003.2,1003.2,1003.5,1004,1002.9,1002.7
999.39,999.42,999.6,999.54,999.49,999.52,999.65,999.9,1000.1,999.98,1002.3,1002.4,1002.8,1002.9,1002.7,1002.4,1002.2,1001.9,1001.6,1001.3,1000.8,1000.2,999.65,999.06,998.49,997.95,997.5,997.21,997.13,997.22,997.4,997.61,997.79,997.99,998.2,998.39,998.44,998.19,997.71,998.18,995.59,996.54,996.42,996.14,996.01,995.99,996.09,996.19,995.9,995.79
999.46,999.46,999.5,999.49,999.49,999.55,999.68,999.89,1000.2,1000.6,1001.6,1002.1,1002.5,1002.6,1002.5,1002.2,1001.9,1001.6,1001.3,1000.9,1000.5,999.91,999.33,998.74,998.16,997.61,997.16,996.87,996.77,996.85,997.04,997.27,997.5,997.76,998.01,998.2,998.24,998.07,997.72,997.39,996.43,996.33,996.22,996.06,995.96,995.93,995.96,995.97,995.89,995.86
999.52,999.49,999.49,999.49,999.52,999.58,999.71,999.92,1000.2,1000.7,1001.3,1001.8,1002.2,1002.3,1002.3,1002.1,1001.8,1001.4,1001.1,1000.7,1000.2,999.67,999.1,998.51,997.92,997.38,996.92,996.63,996.53,996.61,996.81,997.06,997.33,997.62,997.88,998.05,998.06,997.89,997.57,997.16,996.63,996.36,996.19,996.06,995.97,995.93,995.93,995.93,995.92,995.93
999.55,999.52,999.5,999.5,999.53,999.6,999.74,999.95,1000.2,1000.6,1001.1,1001.6,1001.9,1002.1,1002.1,1001.9,1001.7,1001.3,1001,1000.5,1000.1,999.53,998.95,998.36,997.77,997.22,996.77,996.49,996.39,996.47,996.68,996.95,997.25,997.55,997.79,997.93,997.91,997.74,997.44,997.07,996.68,996.39,996.2,996.06,995.97,995.92,995.91,995.91,995.92,995.95
999.57,999.53,999.51,999.51,999.54,999.62,999.76,999.96,1000.2,1000.6,1001,1001.4,1001.7,1001.9,1002,1001.9,1001.6,1001.3,1000.9,1000.5,1000,999.45,998.87,998.27,997.68,997.14,996.7,996.42,996.33,996.42,996.63,996.92,997.23,997.52,997.74,997.84,997.79,997.62,997.34,997.01,996.68,996.41,996.21,996.06,995.97,995.92,995.9,995.9,995.92,995.95
999.59,999.55,999.52,999.52,999.56,999.64,999.78,999.98,1000.2,1000.6,1000.9,1001.3,1001.6,1001.8,1001.9,1001.8,1001.6,1001.3,1000.9,1000.5,999.98,999.44,998.85,998.25,997.66,997.12,996.68,996.41,996.33,996.42,996.64,996.93,997.23,997.5,997.69,997.76,997.7,997.53,997.27,996.97,996.68,996.42,996.22,996.07,995.97,995.92,995.9,995.9,995.92,995.95
999.61,999.57,999.54,999.55,999.58,999.66,999.8,999.99,1000.2,1000.5,1000.9,1001.2,1001.5,1001.7,1001.8,1001.7,1001.6,1001.3,1000.9,1000.5,1000,999.46,998.87,998.27,997.67,997.14,996.71,996.44,996.37,996.46,996.68,996.96,997.25,997.5,997.66,997.7,997.63,997.45,997.21,996.94,996.67,996.43,996.23,996.08,995.98,995.92,995.9,995.9,995.92,995.95
999.63,999.59,999.57,999.57,999.61,999.69,999.82,1000,1000.3,1000.5,1000.8,1001.1,1001.4,1001.6,1001.7,1001.7,1001.6,1001.3,1001,1000.5,1000.1,999.51,998.92,998.31,997.72,997.19,996.77,996.51,996.43,996.52,996.73,997,997.27,997.49,997.62,997.64,997.56,997.39,997.17,996.92,996.66,996.44,996.24,996.1,995.99,995.93,995.91,995.91,995.93,995.95
999.66,999.62,999.6,999.6,999.64,999.72,999.85,1000,1000.3,1000.5,1000.8,1001.1,1001.3,1001.5,1001.6,1001.7,1001.5,1001.3,1001,1000.6,1000.1,999.57,998.99,998.38,997.79,997.26,996.84,996.59,996.51,996.6,996.79,997.04,997.29,997.48,997.59,997.59,997.51,997.34,997.13,996.9,996.66,996.44,996.26,996.11,996.01,995.95,995.92,995.92,995.94,995.96
999.69,999.66,999.64,999.64,999.68,999.76,999.88,1000.1,1000.3,1000.5,1000.8,1001,1001.3,1001.5,1001.6,1001.6,1001.5,1001.3,1001,1000.6,1000.2,999.64,999.06,998.46,997.87,997.34,996.93,996.68,996.6,996.67,996.85,997.08,997.3,997.47,997.56,997.55,997.46,997.3,997.1,996.88,996.66,996.45,996.27,996.13,996.03,995.97,995.94,995.94,995.95,995.98
999.73,999.7,999.68,999.68,999.72,999.8,999.92,1000.1,1000.3,1000.5,1000.8,1001,1001.3,1001.4,1001.6,1001.6,1001.5,1001.3,1001.1,1000.7,1000.2,999.72,999.14,998.54,997.96,997.44,997.03,996.77,996.69,996.75,996.91,997.11,997.31,997.46,997.52,997.51,997.42,997.27,997.07,996.87,996.66,996.46,996.29,996.15,996.06,995.99,995.96,995.96,995.98,996
999.78,999.74,999.72,999.73,999.76,999.84,999.96,1000.1,1000.3,1000.5,1000.8,1001,1001.2,1001.4,1001.5,1001.6,1001.5,1001.3,1001.1,1000.7,1000.3,999.78,999.22,998.63,998.05,997.53,997.12,996.87,996.77,996.82,996.96,997.14,997.31,997.44,997.5,997.47,997.38,997.24,997.06,996.86,996.66,996.47,996.31,996.18,996.08,996.02,995.99,995.99,996,996.03
999.82,999.79,999.77,999.77,999.81,999.89,1000,1000.2,1000.3,1000.6,1000.8,1001,1001.2,1001.4,1001.5,1001.5,1001.5,1001.3,1001.1,1000.8,1000.3,999.85,999.29,998.71,998.13,997.62,997.21,996.96,996.85,996.88,997,997.16,997.32,997.43,997.47,997.44,997.35,997.21,997.04,996.85,996.67,996.49,996.33,996.21,996.11,996.05,996.02,996.02,996.04,996.06
999.87,999.84,999.82,999.82,999.86,999.93,1000,1000.2,1000.4,1000.6,1000.8,1001,1001.2,1001.4,1001.5,1001.5,1001.5,1001.3,1001.1,1000.8,1000.4,999.9,999.36,998.78,998.21,997.7,997.3,997.04,996.93,996.94,997.04,997.18,997.32,997.41,997.45,997.42,997.33,997.2,997.03,996.86,996.68,996.51,996.36,996.24,996.14,996.09,996.06,996.05,996.07,996.1
999.93,999.89,999.87,999.88,999.91,999.98,1000.1,1000.2,1000.4,1000.6,1000.8,1001,1001.2,1001.4,1001.5,1001.5,1001.5,1001.3,1001.1,1000.8,1000.4,999.96,999.42,998.85,998.29,997.79,997.38,997.12,996.99,996.99,997.08,997.2,997.32,997.4,997.43,997.4,997.31,997.18,997.03,996.86,996.69,996.53,996.39,996.27,996.18,996.12,996.09,996.09,996.11,996.13
999.98,999.95,999.93,999.93,999.97,1000,1000.1,1000.3,1000.4,1000.6,1000.8,1001,1001.2,1001.3,1001.5,1001.5,1001.5,1001.3,1001.1,1000.8,1000.5,1000,999.48,998.92,998.36,997.86,997.46,997.19,997.06,997.04,997.11,997.22,997.33,997.4,997.42,997.38,997.3,997.18,997.03,996.87,996.71,996.55,996.42,996.3,996.21,996.16,996.13,996.13,996.14,996.17
1000,1000,999.98,999.99,1000,1000.1,1000.2,1000.3,1000.5,1000.7,1000.8,1001,1001.2,1001.3,1001.4,1001.5,1001.5,1001.4,1001.2,1000.9,1000.5,1000,999.53,998.98,998.43,997.93,997.53,997.26,997.12,997.09,997.15,997.24,997.33,997.39,997.41,997.37,997.29,997.18,997.04,996.88,996.73,996.58,996.45,996.34,996.25,996.2,996.17,996.17,996.18,996.21
1000.1,1000.1,1000,1000,1000.1,1000.1,1000.2,1000.4,1000.5,1000.7,1000.9,1001.1,1001.2,1001.4,1001.4,1001.5,1001.5,1001.4,1001.2,1000.9,1000.5,1000.1,999.58,999.03,998.49,998,997.6,997.32,997.17,997.14,997.18,997.26,997.34,997.39,997.4,997.37,997.29,997.18,997.05,996.9,996.75,996.61,996.48,996.37,996.29,996.24,996.21,996.21,996.22,996.25
1000.1,1000.1,1000.1,1000.1,1000.1,1000.2,1000.3,1000.4,1000.6,1000.7,1000.9,1001.1,1001.2,1001.4,1001.5,1001.5,1001.5,1001.4,1001.2,1000.9,1000.5,1000.1,999.62,999.08,998.55,998.06,997.66,997.38,997.23,997.18,997.21,997.27,997.34,997.39,997.4,997.36,997.29,997.18,997.06,996.92,996.77,996.63,996.51,996.41,996.33,996.28,996.25,996.25,996.26,996.29
1000.2,1000.2,1000.1,1000.1,1000.2,1000.2,1000.3,1000.5,1000.6,1000.8,1000.9,1001.1,1001.3,1001.4,1001.5,1001.5,1001.5,1001.4,1001.2,1000.9,1000.6,1000.1,999.66,999.13,998.6,998.12,997.72,997.44,997.28,997.22,997.24,997.29,997.35,997.39,997.4,997.36,997.29,997.19,997.07,996.93,996.8,996.66,996.54,996.44,996.37,996.31,996.29,996.29,996.3,996.33
1000.3,1000.2,1000.2,1000.2,1000.2,1000.3,1000.4,1000.5,1000.6,1000.8,1001,1001.1,1001.3,1001.4,1001.5,1001.5,1001.5,1001.4,1001.2,1000.9,1000.6,1000.2,999.69,999.17,998.65,998.17,997.77,997.49,997.32,997.26,997.26,997.31,997.36,997.4,997.4,997.37,997.3,997.2,997.08,996.95,996.82,996.69,996.58,996.48,996.4,996.35,996.33,996.33,996.34,996.37
1000.3,1000.3,1000.2,1000.2,1000.3,1000.3,1000.4,1000.5,1000.7,1000.8,1001,1001.2,1001.3,1001.4,1001.5,1001.5,1001.5,1001.4,1001.2,1000.9,1000.6,1000.2,999.72,999.2,998.69,998.21,997.82,997.54,997.36,997.29,997.29,997.33,997.37,997.4,997.4,997.37,997.3,997.21,997.1,996.97,996.84,996.72,996.61,996.51,996.44,996.39,996.37,996.36,996.38,996.41
1000.3,1000.3,1000.3,1000.3,1000.3,1000.4,1000.5,1000.6,1000.7,1000.9,1001,1001.2,1001.3,1001.4,1001.5,1001.5,1001.5,1001.4,1001.2,1000.9,1000.6,1000.2,999.74,999.23,998.72,998.26,997.87,997.58,997.4,997.32,997.31,997.34,997.38,997.41,997.41,997.37,997.31,997.22,997.11,996.99,996.87,996.75,996.64,996.54,996.47,996.42,996.4,996.4,996.42,996.45
1000.4,1000.4,1000.3,1000.3,1000.4,1000.4,1000.5,1000.6,1000.8,1000.9,1001.1,1001.2,1001.3,1001.4,1001.5,1001.5,1001.5,1001.4,1001.2,1001,1000.6,1000.2,999.76,999.26,998.76,998.29,997.91,997.62,997.44,997.35,997.34,997.36,997.39,997.41,997.41,997.38,997.32,997.23,997.12,997.01,996.89,996.77,996.67,996.57,996.51,996.46,996.43,996.43,996.45,996.48
1000.4,1000.4,1000.4,1000.4,1000.4,1000.5,1000.5,1000.7,1000.8,1000.9,1001.1,1001.2,1001.3,1001.4,1001.5,1001.5,1001.5,1001.4,1001.2,1001,1000.6,1000.2,999.77,999.28,998.78,998.33,997.94,997.66,997.47,997.38,997.36,997.37,997.4,997.42,997.41,997.38,997.32,997.24,997.14,997.02,996.91,996.79,996.69,996.6,996.53,996.49,996.47,996.46,996.48,996.51
1000.5,1000.4,1000.4,1000.4,1000.4,1000.5,1000.6,1000.7,1000.8,1001,1001.1,1001.2,1001.3,1001.4,1001.5,1001.5,1001.5,1001.4,1001.2,1000.9,1000.6,1000.2,999.78,999.29,998.8,998.35,997.97,997.69,997.5,997.41,997.38,997.39,997.41,997.42,997.42,997.38,997.32,997.24,997.15,997.04,996.92,996.82,996.71,996.63,996.56,996.52,996.49,996.49,996.51,996.54
1000.5,1000.4,1000.4,1000.4,1000.5,1000.5,1000.6,1000.7,1000.8,1001,1001.1,1001.2,1001.4,1001.4,1001.5,1001.5,1001.5,1001.4,1001.2,1000.9,1000.6,1000.2,999.78,999.3,998.82,998.37,998,997.71,997.53,997.43,997.39,997.4,997.41,997.42,997.42,997.38,997.33,997.25,997.15,997.05,996.94,996.83,996.74,996.65,996.59,996.54,996.52,996.52,996.54,996.57
1000.5,1000.5,1000.4,1000.5,1000.5,1000.5,1000.6,1000.7,1000.9,1001,1001.1,1001.2,1001.4,1001.4,1001.5,1001.5,1001.5,1001.3,1001.2,1000.9,1000.6,1000.2,999.78,999.31,998.83,998.39,998.02,997.74,997.55,997.44,997.4,997.4,997.42,997.42,997.42,997.38,997.33,997.25,997.16,997.06,996.95,996.85,996.75,996.67,996.61,996.56,996.54,996.54,996.56,996.59
1000.5,1000.5,1000.5,1000.5,1000.5,1000.6,1000.6,1000.7,1000.9,1001,1001.1,1001.2,1001.3,1001.4,1001.5,1001.5,1001.4,1001.3,1001.2,1000.9,1000.6,1000.2,999.77,999.31,998.84,998.4,998.03,997.75,997.56,997.46,997.41,997.41,997.42,997.42,997.41,997.38,997.33,997.25,997.16,997.06,996.96,996.86,996.77,996.69,996.62,996.58,996.56,996.56,996.58,996.61
1000.5,1000.5,1000.5,1000.5,1000.5,1000.6,1000.6,1000.7,1000.9,1001,1001.1,1001.2,1001.3,1001.4,1001.5,1001.5,1001.4,1001.3,1001.1,1000.9,1000.6,1000.2,999.76,999.3,998.84,998.41,998.04,997.76,997.58,997.47,997.42,997.41,997.41,997.42,997.41,997.37,997.32,997.25,997.16,997.07,996.97,996.87,996.78,996.7,996.64,996.59,996.57,996.57,996.59,996.62
1000.5,1000.5,1000.5,1000.5,1000.5,1000.6,1000.6,1000.7,1000.9,1001,1001.1,1001.2,1001.3,1001.4,1001.4,1001.4,1001.4,1001.3,1001.1,1000.8,1000.5,1000.2,999.74,999.28,998.83,998.41,998.05,997.77,997.58,997.47,997.42,997.41,997.41,997.41,997.4,997.36,997.31,997.24,997.16,997.06,996.97,996.87,996.78,996.7,996.64,996.6,996.58,996.58,996.6,996.63
1000.5,1000.5,1000.5,1000.5,1000.5,1000.6,1000.6,1000.7,1000.8,1001,1001.1,1001.2,1001.3,1001.4,1001.4,1001.4,1001.3,1001.2,1001,1000.8,1000.5,1000.1,999.71,999.26,998.81,998.4,998.05,997.77,997.58,997.47,997.42,997.4,997.4,997.4,997.38,997.35,997.3,997.23,997.15,997.06,996.96,996.87,996.78,996.71,996.65,996.61,996.59,996.59,996.6,996.63
1000.5,1000.5,1000.4,1000.4,1000.5,1000.5,1000.6,1000.7,1000.8,1000.9,1001.1,1001.2,1001.3,1001.3,1001.4,1001.3,1001.3,1001.2,1001,1000.8,1000.5,1000.1,999.67,999.23,998.79,998.38,998.04,997.77,997.58,997.47,997.41,997.39,997.39,997.38,997.37,997.33,997.28,997.22,997.14,997.05,996.96,996.86,996.78,996.71,996.65,996.61,996.59,996.59,996.6,996.63
1000.5,1000.4,1000.4,1000.4,1000.4,1000.5,1000.6,1000.7,1000.8,1000.9,1001,1001.1,1001.2,1001.3,1001.3,1001.3,1001.2,1001.1,1000.9,1000.7,1000.4,1000,999.63,999.19,998.76,998.36,998.02,997.76,997.57,997.46,997.4,997.37,997.37,997.36,997.35,997.31,997.26,997.2,997.12,997.03,996.94,996.85,996.77,996.7,996.64,996.6,996.58,996.58,996.6,996.63
1000.4,1000.4,1000.4,1000.4,1000.4,1000.5,1000.6,1000.6,1000.8,1000.9,1001,1001.1,1001.2,1001.2,1001.2,1001.2,1001.2,1001.1,1000.9,1000.6,1000.3,999.97,999.57,999.15,998.72,998.33,998,997.74,997.55,997.44,997.38,997.36,997.35,997.34,997.32,997.29,997.24,997.18,997.1,997.02,996.93,996.84,996.76,996.69,996.63,996.59,996.57,996.57,996.59,996.62
1000.4,1000.3,1000.3,1000.3,1000.4,1000.4,1000.5,1000.6,1000.7,1000.8,1000.9,1001,1001.1,1001.2,1001.2,1001.2,1001.1,1001,1000.8,1000.6,1000.3,999.91,999.51,999.09,998.68,998.3,997.97,997.71,997.53,997.42,997.36,997.33,997.32,997.31,997.29,997.26,997.21,997.15,997.07,996.99,996.91,996.82,996.74,996.67,996.61,996.58,996.56,996.56,996.57,996.6
1000.3,1000.3,1000.3,1000.3,1000.3,1000.4,1000.4,1000.5,1000.6,1000.8,1000.9,1001,1001,1001.1,1001.1,1001.1,1001,1000.9,1000.7,1000.5,1000.2,999.83,999.44,999.03,998.62,998.25,997.93,997.68,997.5,997.39,997.33,997.3,997.29,997.28,997.26,997.22,997.18,997.12,997.04,996.96,996.88,996.79,996.72,996.65,996.59,996.56,996.54,996.54,996.55,996.58
1000.2,1000.2,1000.2,1000.2,1000.2,1000.3,1000.4,1000.5,1000.6,1000.7,1000.8,1000.9,1000.9,1001,1001,1001,1000.9,1000.8,1000.6,1000.4,1000.1,999.74,999.36,998.96,998.56,998.2,997.89,997.64,997.47,997.36,997.29,997.26,997.25,997.24,997.22,997.18,997.14,997.08,997.01,996.93,996.85,996.76,996.69,996.62,996.57,996.53,996.51,996.51,996.52,996.55
1000.2,1000.1,1000.1,1000.1,1000.2,1000.2,1000.3,1000.4,1000.5,1000.6,1000.7,1000.8,1000.9,1000.9,1000.9,1000.9,1000.8,1000.7,1000.5,1000.3,999.98,999.64,999.27,998.88,998.49,998.14,997.83,997.6,997.43,997.32,997.25,997.22,997.21,997.19,997.17,997.14,997.09,997.04,996.97,996.89,996.81,996.73,996.65,996.58,996.53,996.49,996.48,996.48,996.49,996.52
1000.1,1000,1000,1000,1000.1,1000.1,1000.2,1000.3,1000.4,1000.5,1000.6,1000.7,1000.7,1000.8,1000.8,1000.8,1000.7,1000.6,1000.4,1000.2,999.87,999.54,999.17,998.79,998.41,998.07,997.77,997.54,997.38,997.27,997.21,997.18,997.16,997.14,997.12,997.09,997.04,996.99,996.92,996.84,996.76,996.68,996.61,996.54,996.49,996.46,996.44,996.44,996.45,996.48
999.96,999.93,999.92,999.93,999.97,1000,1000.1,1000.2,1000.3,1000.4,1000.5,1000.6,1000.6,1000.7,1000.7,1000.6,1000.6,1000.4,1000.3,1000,999.75,999.42,999.06,998.69,998.32,997.99,997.7,997.48,997.32,997.22,997.15,997.12,997.1,997.09,997.07,997.04,996.99,996.93,996.87,996.79,996.71,996.64,996.56,996.5,996.45,996.41,996.39,996.39,996.41,996.44
999.84,999.81,999.8,999.81,999.85,999.91,999.99,1000.1,1000.2,1000.3,1000.4,1000.4,1000.5,1000.5,1000.5,1000.5,1000.4,1000.3,1000.1,999.89,999.61,999.29,998.94,998.58,998.22,997.9,997.63,997.41,997.26,997.15,997.1,997.06,997.05,997.03,997.01,996.97,996.93,996.87,996.81,996.73,996.66,996.58,996.51,996.45,996.39,996.36,996.34,996.34,996.35,996.38
999.71,999.68,999.67,999.69,999.72,999.78,999.86,999.95,1000,1000.1,1000.2,1000.3,1000.4,1000.4,1000.4,1000.4,1000.3,1000.1,999.97,999.74,999.47,999.15,998.81,998.46,998.12,997.8,997.54,997.33,997.18,997.09,997.03,997,996.98,996.96,996.94,996.91,996.86,996.81,996.74,996.67,996.6,996.52,996.45,996.39,996.34,996.3,996.28,996.28,996.3,996.32
999.57,999.54,999.53,999.54,999.58,999.64,999.72,999.8,999.9,999.99,1000.1,1000.2,1000.2,1000.2,1000.2,1000.2,1000.1,999.99,999.81,999.58,999.31,999,998.67,998.33,998,997.7,997.45,997.25,997.11,997.01,996.96,996.93,996.91,996.89,996.87,996.84,996.79,996.74,996.67,996.6,996.53,996.45,996.38,996.32,996.27,996.23,996.22,996.21,996.23,996.26
999.41,999.38,999.37,999.39,999.43,999.48,999.56,999.65,999.74,999.83,999.92,999.99,1000,1000.1,1000.1,1000,999.94,999.81,999.63,999.41,999.14,998.84,998.52,998.19,997.87,997.58,997.34,997.15,997.02,996.93,996.88,996.85,996.83,996.81,996.79,996.76,996.71,996.66,996.6,996.53,996.46,996.38,996.31,996.25,996.2,996.16,996.14,996.14,996.16,996.18
999.24,999.21,999.2,999.22,999.26,999.32,999.39,999.48,999.57,999.66,999.74,999.81,999.86,999.88,999.88,999.83,999.75,999.62,999.44,999.22,998.96,998.67,998.35,998.04,997.73,997.46,997.23,997.05,996.92,996.84,996.79,996.76,996.74,996.73,996.71,996.67,996.63,996.58,996.52,996.45,996.37,996.3,996.23,996.17,996.12,996.08,996.06,996.06,996.08,996.1
999.05,999.02,999.02,999.04,999.08,999.13,999.21,999.3,999.39,999.47,999.55,999.62,999.67,999.69,999.68,999.63,999.55,999.42,999.24,999.03,998.77,998.48,998.18,997.87,997.58,997.32,997.11,996.94,996.82,996.74,996.7,996.67,996.65,996.64,996.61,996.58,996.54,996.49,996.43,996.36,996.29,996.22,996.15,996.09,996.03,996,995.98,995.98,995.99,996.02
998.85,998.83,998.82,998.84,998.88,998.94,999.01,999.1,999.19,999.27,999.35,999.42,999.46,999.48,999.47,999.42,999.33,999.2,999.03,998.82,998.57,998.29,998,997.7,997.42,997.18,996.97,996.82,996.71,996.64,996.59,996.57,996.56,996.54,996.52,996.49,996.45,996.39,996.33,996.27,996.19,996.12,996.05,995.99,995.94,995.9,995.88,995.88,995.9,995.92
998.64,998.61,998.61,998.63,998.67,998.73,998.8,998.89,998.98,999.06,999.14,999.2,999.24,999.25,999.24,999.19,999.1,998.97,998.8,998.59,998.35,998.08,997.8,997.52,997.26,997.02,996.83,996.69,996.59,996.52,996.48,996.46,996.45,996.44,996.41,996.38,996.34,996.29,996.23,996.17,996.09,996.02,995.95,995.89,995.84,995.8,995.78,995.78,995.79,995.82
998.41,998.39,998.38,998.4,998.45,998.51,998.58,998.66,998.75,998.83,998.91,998.97,999,999.02,999,998.95,998.86,998.73,998.57,998.36,998.12,997.86,997.59,997.33,997.08,996.86,996.68,996.55,996.46,996.4,996.37,996.35,996.34,996.33,996.3,996.28,996.23,996.18,996.12,996.06,995.99,995.92,995.85,995.79,995.73,995.7,995.68,995.67,995.68,995.71
998.17,998.14,998.14,998.16,998.21,998.27,998.34,998.43,998.51,998.59,998.66,998.72,998.76,998.77,998.75,998.7,998.61,998.48,998.31,998.11,997.88,997.63,997.37,997.12,996.89,996.68,996.52,996.4,996.32,996.27,996.24,996.23,996.22,996.21,996.19,996.16,996.12,996.07,996.01,995.94,995.87,995.8,995.73,995.67,995.62,995.58,995.56,995.55,995.57,995.59
997.91,997.89,997.89,997.91,997.95,998.02,998.09,998.17,998.26,998.34,998.41,998.46,998.49,998.5,998.48,998.43,998.34,998.21,998.05,997.85,997.63,997.39,997.14,996.9,996.69,996.5,996.35,996.24,996.17,996.13,996.11,996.1,996.09,996.08,996.06,996.04,996,995.95,995.89,995.82,995.75,995.68,995.61,995.55,995.5,995.46,995.44,995.43,995.44,995.47
997.64,997.62,997.62,997.64,997.69,997.75,997.82,997.91,997.99,998.07,998.14,998.19,998.22,998.23,998.2,998.15,998.06,997.93,997.77,997.58,997.37,997.14,996.9,996.68,996.47,996.3,996.17,996.08,996.02,995.98,995.97,995.96,995.96,995.95,995.93,995.91,995.87,995.82,995.76,995.7,995.63,995.55,995.48,995.42,995.37,995.33,995.3,995.3,995.31,995.33
997.35,997.34,997.34,997.36,997.41,997.47,997.54,997.63,997.71,997.79,997.85,997.9,997.93,997.93,997.91,997.85,997.76,997.64,997.48,997.3,997.09,996.87,996.65,996.44,996.25,996.1,995.98,995.9,995.85,995.83,995.82,995.82,995.82,995.81,995.8,995.77,995.73,995.68,995.63,995.56,995.49,995.42,995.35,995.28,995.23,995.19,995.16,995.16,995.17,995.19
997.05,997.04,997.04,997.07,997.11,997.17,997.25,997.33,997.41,997.49,997.55,997.6,997.63,997.63,997.6,997.55,997.46,997.33,997.18,997,996.8,996.59,996.38,996.19,996.02,995.88,995.78,995.71,995.67,995.66,995.66,995.67,995.67,995.66,995.65,995.63,995.59,995.54,995.48,995.42,995.35,995.28,995.2,995.14,995.08,995.04,995.02,995.01,995.02,995.04
996.74,996.73,996.73,996.76,996.8,996.87,996.94,997.02,997.1,997.18,997.24,997.29,997.31,997.31,997.28,997.23,997.14,997.02,996.87,996.69,996.5,996.3,996.11,995.93,995.77,995.65,995.57,995.51,995.49,995.49,995.49,995.5,995.51,995.51,995.5,995.47,995.44,995.39,995.33,995.27,995.2,995.13,995.05,994.99,994.93,994.89,994.86,994.85,994.86,994.89
996.42,996.4,996.41,996.43,996.48,996.54,996.62,996.7,996.78,996.85,996.91,996.96,996.98,996.98,996.95,996.89,996.8,996.68,996.54,996.37,996.19,996,995.82,995.66,995.52,995.41,995.34,995.31,995.3,995.3,995.32,995.33,995.34,995.35,995.34,995.31,995.28,995.23,995.18,995.11,995.04,994.97,994.89,994.83,994.77,994.72,994.7,994.69,994.7,994.72
996.07,996.06,996.07,996.1,996.14,996.21,996.28,996.36,996.44,996.51,996.57,996.61,996.64,996.63,996.6,996.54,996.46,996.34,996.2,996.04,995.86,995.69,995.52,995.37,995.25,995.16,995.11,995.09,995.09,995.11,995.13,995.15,995.17,995.17,995.17,995.15,995.11,995.07,995.01,994.95,994.87,994.8,994.73,994.66,994.6,994.55,994.52,994.52,994.52,994.55
995.72,995.71,995.72,995.75,995.79,995.86,995.93,996.01,996.09,996.16,996.22,996.26,996.28,996.27,996.24,996.18,996.1,995.98,995.84,995.69,995.52,995.36,995.21,995.08,994.97,994.9,994.87,994.86,994.88,994.9,994.94,994.96,994.99,994.99,994.99,994.97,994.94,994.89,994.84,994.77,994.7,994.62,994.55,994.48,994.42,994.37,994.34,994.33,994.34,994.36
995.35,995.34,995.35,995.38,995.43,995.49,995.57,995.65,995.73,995.79,995.85,995.89,995.91,995.9,995.87,995.81,995.72,995.61,995.48,995.33,995.18,995.02,994.88,994.77,994.68,994.63,994.61,994.62,994.65,994.69,994.73,994.77,994.79,994.8,994.8,994.79,994.76,994.71,994.66,994.59,994.52,994.44,994.36,994.29,994.23,994.18,994.15,994.14,994.15,994.17
994.97,994.96,994.97,995,995.05,995.12,995.19,995.27,995.35,995.42,995.47,995.51,995.52,995.51,995.48,995.42,995.34,995.23,995.1,994.96,994.81,994.67,994.55,994.45,994.38,994.35,994.35,994.37,994.41,994.46,994.51,994.56,994.59,994.61,994.61,994.59,994.56,994.52,994.46,994.4,994.33,994.25,994.17,994.1,994.04,993.99,993.96,993.94,993.95,993.97
994.58,994.57,994.58,994.61,994.66,994.73,994.8,994.88,994.96,995.02,995.08,995.11,995.12,995.11,995.08,995.02,994.94,994.83,994.71,994.58,994.44,994.31,994.2,994.12,994.07,994.06,994.07,994.11,994.17,994.23,994.29,994.34,994.38,994.4,994.4,994.39,994.36,994.32,994.26,994.2,994.12,994.05,993.97,993.89,993.83,993.78,993.75,993.74,993.74,993.76
994.17,994.17,994.18,994.21,994.26,994.32,994.4,994.48,994.55,994.62,994.67,994.7,994.71,994.7,994.67,994.61,994.53,994.43,994.31,994.18,994.06,993.94,993.85,993.78,993.75,993.75,993.78,993.84,993.91,993.98,994.05,994.11,994.15,994.18,994.19,994.18,994.15,994.11,994.05,993.99,993.91,993.84,993.76,993.68,993.62,993.57,993.53,993.52,993.53,993.55
993.76,993.75,993.76,993.79,993.84,993.91,993.98,994.06,994.13,994.2,994.25,994.28,994.29,994.28,994.24,994.18,994.1,994.01,993.89,993.77,993.66,993.56,993.48,993.43,993.41,993.43,993.48,993.55,993.64,993.72,993.8,993.87,993.92,993.95,993.96,993.95,993.93,993.89,993.84,993.77,993.69,993.61,993.53,993.46,993.39,993.34,993.31,993.29,993.3,993.32
993.32,993.32,993.33,993.36,993.41,993.48,993.55,993.63,993.7,993.76,993.81,993.84,993.85,993.84,993.8,993.75,993.67,993.57,993.47,993.36,993.25,993.16,993.09,993.06,993.07,993.1,993.17,993.26,993.36,993.45,993.54,993.62,993.68,993.71,993.73,993.72,993.7,993.66,993.61,993.54,993.46,993.38,993.3,993.22,993.16,993.11,993.07,993.06,993.06,993.08
992.88,992.88,992.89,992.92,992.97,993.04,993.11,993.18,993.26,993.32,993.37,993.39,993.4,993.39,993.35,993.3,993.22,993.13,993.03,992.92,992.83,992.75,992.7,992.69,992.71,992.76,992.85,992.95,993.06,993.17,993.27,993.36,993.42,993.46,993.48,993.48,993.46,993.42,993.37,993.3,993.22,993.14,993.06,992.98,992.91,992.86,992.83,992.81,992.82,992.84
992.43,992.42,992.44,992.47,992.52,992.58,992.65,992.73,992.8,992.86,992.91,992.93,992.94,992.93,992.89,992.83,992.76,992.67,992.58,992.48,992.4,992.33,992.3,992.3,992.34,992.41,992.51,992.63,992.76,992.88,992.99,993.08,993.15,993.2,993.22,993.22,993.2,993.17,993.11,993.05,992.97,992.89,992.81,992.73,992.66,992.61,992.57,992.56,992.56,992.58
991.96,991.96,991.97,992,992.05,992.12,992.19,992.26,992.33,992.39,992.43,992.46,992.47,992.45,992.41,992.36,992.29,992.2,992.11,992.03,991.95,991.9,991.88,991.9,991.95,992.05,992.16,992.3,992.44,992.57,992.7,992.8,992.87,992.92,992.95,992.96,992.94,992.9,992.85,992.79,992.71,992.63,992.54,992.46,992.39,992.34,992.31,992.29,992.29,992.31
991.48,991.48,991.5,991.53,991.58,991.64,991.71,991.78,991.85,991.9,991.95,991.97,991.98,991.96,991.93,991.87,991.8,991.72,991.64,991.56,991.5,991.46,991.46,991.49,991.56,991.67,991.8,991.95,992.11,992.26,992.39,992.5,992.58,992.64,992.67,992.68,992.66,992.63,992.58,992.51,992.43,992.35,992.27,992.19,992.12,992.07,992.03,992.01,992.02,992.04
990.99,990.99,991.01,991.04,991.09,991.15,991.22,991.29,991.35,991.41,991.45,991.47,991.48,991.46,991.43,991.37,991.31,991.23,991.16,991.09,991.03,991.01,991.02,991.07,991.16,991.28,991.43,991.6,991.77,991.93,992.07,992.19,992.28,992.34,992.38,992.39,992.37,992.34,992.29,992.22,992.15,992.06,991.98,991.9,991.83,991.78,991.74,991.73,991.73,991.75
990.49,990.49,990.51,990.54,990.59,990.65,990.71,990.78,990.84,990.9,990.94,990.96,990.97,990.95,990.92,990.86,990.8,990.73,990.66,990.6,990.56,990.54,990.57,990.63,990.74,990.88,991.05,991.23,991.41,991.58,991.74,991.86,991.96,992.03,992.07,992.08,992.07,992.04,991.99,991.93,991.85,991.76,991.68,991.6,991.53,991.48,991.45,991.43,991.43,991.45
989.98,989.98,990,990.03,990.08,990.13,990.2,990.26,990.33,990.38,990.42,990.44,990.44,990.43,990.39,990.34,990.28,990.22,990.15,990.1,990.07,990.07,990.11,990.19,990.31,990.47,990.65,990.85,991.04,991.23,991.39,991.52,991.63,991.7,991.75,991.77,991.76,991.73,991.68,991.61,991.54,991.45,991.37,991.29,991.22,991.17,991.14,991.12,991.13,991.14
989.46,989.46,989.48,989.51,989.55,989.61,989.67,989.74,989.8,989.85,989.89,989.91,989.91,989.89,989.86,989.81,989.75,989.69,989.63,989.59,989.57,989.58,989.64,989.73,989.87,990.05,990.25,990.46,990.66,990.86,991.03,991.17,991.29,991.37,991.42,991.44,991.43,991.4,991.35,991.29,991.21,991.13,991.04,990.97,990.9,990.85,990.82,990.8,990.81,990.83
988.93,988.93,988.95,988.98,989.02,989.07,989.13,989.2,989.25,989.3,989.34,989.36,989.36,989.35,989.31,989.27,989.21,989.16,989.11,989.07,989.06,989.09,989.16,989.27,989.42,989.61,989.83,990.05,990.27,990.48,990.66,990.81,990.93,991.02,991.07,991.09,991.09,991.06,991.02,990.95,990.87,990.79,990.71,990.63,990.57,990.52,990.49,990.47,990.48,990.5
988.39,988.39,988.41,988.44,988.48,988.53,988.59,988.65,988.7,988.75,988.79,988.8,988.8,988.79,988.76,988.71,988.66,988.61,988.57,988.54,988.55,988.58,988.67,988.79,988.96,989.17,989.4,989.63,989.87,990.08,990.28,990.44,990.56,990.65,990.71,990.74,990.74,990.71,990.66,990.6,990.52,990.44,990.36,990.28,990.22,990.17,990.15,990.13,990.14,990.16
987.84,987.85,987.86,987.89,987.93,987.98,988.03,988.09,988.14,988.19,988.22,988.24,988.24,988.22,988.19,988.15,988.1,988.06,988.02,988.01,988.02,988.07,988.16,988.31,988.49,988.71,988.95,989.2,989.45,989.68,989.88,990.05,990.18,990.28,990.34,990.37,990.37,990.35,990.3,990.24,990.16,990.08,990,989.92,989.86,989.82,989.79,989.78,989.79,989.81
987.29,987.29,987.31,987.33,987.37,987.41,987.46,987.52,987.57,987.61,987.64,987.66,987.66,987.64,987.62,987.58,987.53,987.49,987.46,987.46,987.48,987.55,987.65,987.81,988.01,988.24,988.5,988.76,989.02,989.26,989.47,989.64,989.78,989.89,989.95,989.99,989.99,989.97,989.92,989.86,989.78,989.7,989.62,989.55,989.5,989.45,989.43,989.42,989.43,989.45
986.73,986.73,986.74,986.77,986.8,986.84,986.89,986.94,986.99,987.03,987.06,987.08,987.07,987.06,987.03,986.99,986.95,986.92,986.9,986.9,986.94,987.01,987.14,987.31,987.52,987.77,988.04,988.31,988.58,988.83,989.05,989.23,989.37,989.48,989.55,989.59,989.6,989.58,989.53,989.47,989.4,989.32,989.24,989.17,989.12,989.08,989.06,989.05,989.06,989.08
986.16,986.16,986.17,986.19,986.22,986.26,986.31,986.35,986.4,986.44,986.47,986.48,986.48,986.46,986.44,986.4,986.37,986.34,986.33,986.34,986.38,986.47,986.61,986.79,987.02,987.28,987.56,987.85,988.13,988.38,988.61,988.8,988.95,989.07,989.14,989.19,989.2,989.18,989.13,989.07,989,988.92,988.84,988.78,988.73,988.69,988.67,988.67,988.68,988.71
985.58,985.59,985.6,985.62,985.64,985.68,985.72,985.76,985.8,985.84,985.87,985.88,985.88,985.86,985.84,985.81,985.77,985.75,985.74,985.77,985.82,985.92,986.07,986.27,986.51,986.78,987.08,987.37,987.66,987.93,988.16,988.36,988.52,988.64,988.72,988.77,988.78,988.76,988.72,988.66,988.59,988.51,988.44,988.38,988.33,988.3,988.28,988.28,988.3,988.32
985,985.01,985.01,985.03,985.05,985.09,985.12,985.16,985.2,985.24,985.26,985.27,985.27,985.25,985.23,985.2,985.17,985.16,985.16,985.19,985.25,985.37,985.53,985.74,985.99,986.28,986.58,986.89,987.19,987.46,987.7,987.91,988.08,988.2,988.29,988.34,988.35,988.34,988.3,988.24,988.17,988.1,988.03,987.96,987.92,987.89,987.88,987.88,987.9,987.93
984.42,984.42,984.43,984.44,984.46,984.49,984.52,984.56,984.59,984.62,984.65,984.66,984.65,984.64,984.61,984.59,984.56,984.55,984.56,984.6,984.68,984.81,984.98,985.21,985.47,985.77,986.08,986.4,986.7,986.98,987.23,987.45,987.62,987.75,987.84,987.9,987.92,987.91,987.87,987.81,987.74,987.67,987.6,987.54,987.5,987.48,987.47,987.47,987.49,987.52
983.83,983.83,983.84,983.85,983.86,983.89,983.92,983.95,983.98,984.01,984.03,984.04,984.03,984.02,983.99,983.97,983.95,983.94,983.96,984.01,984.1,984.24,984.43,984.66,984.94,985.25,985.57,985.89,986.21,986.49,986.75,986.97,987.15,987.29,987.38,987.45,987.47,987.46,987.43,987.37,987.31,987.24,987.17,987.11,987.07,987.05,987.05,987.06,987.08,987.11
983.24,983.24,983.24,983.25,983.26,983.28,983.31,983.34,983.36,983.39,983.41,983.41,983.41,983.39,983.37,983.34,983.33,983.33,983.36,983.41,983.52,983.67,983.87,984.12,984.4,984.72,985.05,985.38,985.7,986,986.26,986.48,986.67,986.81,986.92,986.98,987.01,987.01,986.98,986.93,986.87,986.8,986.73,986.68,986.64,986.62,986.61,986.63,986.66,986.69
982.65,982.64,982.64,982.64,982.65,982.67,982.69,982.72,982.75,982.77,982.78,982.78,982.78,982.76,982.74,982.72,982.7,982.71,982.74,982.81,982.93,983.09,983.31,983.57,983.87,984.19,984.53,984.86,985.19,985.49,985.75,985.98,986.17,986.33,986.44,986.51,986.55,986.55,986.53,986.48,986.42,986.35,986.29,986.23,986.19,986.17,986.17,986.19,986.22,986.26
982.05,982.04,982.04,982.04,982.04,982.06,982.08,982.1,982.12,982.14,982.15,982.15,982.14,982.12,982.1,982.08,982.07,982.09,982.13,982.21,982.34,982.52,982.74,983.02,983.32,983.66,984,984.34,984.66,984.97,985.24,985.47,985.67,985.83,985.95,986.03,986.07,986.08,986.06,986.02,985.96,985.9,985.83,985.78,985.74,985.72,985.72,985.74,985.78,985.83
981.46,981.45,981.43,981.43,981.43,981.44,981.46,981.48,981.5,981.51,981.52,981.52,981.5,981.48,981.46,981.44,981.44,981.46,981.51,981.61,981.75,981.94,982.18,982.47,982.78,983.12,983.47,983.81,984.13,984.44,984.71,984.95,985.15,985.31,985.44,985.53,985.58,985.6,985.59,985.55,985.5,985.44,985.37,985.32,985.28,985.26,985.26,985.28,985.32,985.38
980.86,980.84,980.83,980.82,980.82,980.82,980.84,980.85,980.87,980.88,980.88,980.88,980.86,980.83,980.81,980.8,980.8,980.83,980.89,981,981.16,981.37,981.62,981.92,982.24,982.59,982.94,983.27,983.6,983.9,984.17,984.41,984.61,984.79,984.92,985.02,985.09,985.11,985.11,985.08,985.03,984.97,984.9,984.85,984.8,984.78,984.78,984.81,984.85,984.92
980.27,980.24,980.22,980.2,980.2,980.2,980.21,980.23,980.24,980.25,980.25,980.23,980.21,980.18,980.16,980.14,980.15,980.19,980.27,980.39,980.57,980.8,981.07,981.38,981.71,982.06,982.4,982.74,983.06,983.35,983.62,983.86,984.07,984.24,984.39,984.5,984.57,984.61,984.62,984.6,984.55,984.49,984.43,984.37,984.32,984.29,984.29,984.31,984.37,984.44
979.67,979.63,979.6,979.58,979.57,979.58,979.59,979.6,979.61,979.61,979.6,979.58,979.55,979.52,979.5,979.49,979.5,979.55,979.65,979.79,979.99,980.24,980.53,980.85,981.19,981.54,981.88,982.21,982.51,982.8,983.06,983.29,983.5,983.68,983.83,983.96,984.04,984.1,984.12,984.1,984.07,984.01,983.94,983.87,983.82,983.78,983.78,983.8,983.86,983.94
979.07,979.02,978.98,978.96,978.95,978.95,978.96,978.97,978.97,978.97,978.95,978.92,978.89,978.85,978.83,978.82,978.85,978.91,979.03,979.2,979.42,979.69,980,980.34,980.69,981.03,981.37,981.68,981.97,982.24,982.48,982.71,982.92,983.1,983.26,983.39,983.49,983.56,983.59,983.59,983.56,983.51,983.44,983.37,983.3,983.26,983.24,983.26,983.32,983.43
978.47,978.4,978.35,978.33,978.32,978.32,978.33,978.33,978.33,978.32,978.29,978.26,978.21,978.18,978.15,978.15,978.19,978.28,978.41,978.61,978.86,979.16,979.5,979.85,980.21,980.55,980.87,981.16,981.43,981.67,981.9,982.11,982.31,982.49,982.66,982.8,982.92,983,983.05,983.06,983.05,983,982.93,982.85,982.77,982.71,982.68,982.69,982.76,982.87
977.85,977.76,977.71,977.69,977.69,977.69,977.7,977.7,977.68,977.66,977.62,977.58,977.53,977.49,977.46,977.48,977.53,977.64,977.81,978.04,978.33,978.66,979.03,979.4,979.76,980.09,980.39,980.66,980.89,981.11,981.31,981.5,981.68,981.86,982.03,982.18,982.31,982.41,982.48,982.51,982.5,982.46,982.39,982.31,982.22,982.14,982.08,982.08,982.14,982.27
977.19,977.09,977.05,977.05,977.06,977.08,977.08,977.06,977.03,976.99,976.94,976.88,976.82,976.78,976.77,976.79,976.87,977,977.21,977.48,977.82,978.2,978.59,978.99,979.36,979.68,979.95,980.18,980.37,980.54,980.7,980.87,981.03,981.2,981.37,981.53,981.67,981.79,981.87,981.92,981.93,981.9,981.84,981.76,981.65,981.54,981.45,981.41,981.44,981.59
976.47,976.37,976.36,976.4,976.45,976.47,976.47,976.43,976.38,976.31,976.24,976.16,976.1,976.06,976.05,976.1,976.21,976.39,976.64,976.97,977.36,977.79,978.23,978.65,979.02,979.33,979.57,979.75,979.88,980,980.11,980.23,980.36,980.51,980.67,980.83,980.98,981.12,981.22,981.29,981.33,981.32,981.28,981.19,981.07,980.93,980.78,980.66,980.65,980.79
975.61,975.55,975.63,975.76,975.86,975.9,975.89,975.83,975.74,975.63,975.52,975.43,975.36,975.32,975.33,975.4,975.54,975.77,976.08,976.47,976.93,977.43,977.92,978.38,978.76,979.05,979.24,979.35,979.41,979.45,979.49,979.56,979.65,979.78,979.93,980.09,980.25,980.4,980.52,980.62,980.69,980.72,980.7,980.63,980.49,980.3,980.07,979.84,979.69,979.77
974.47,974.59,974.87,975.14,975.31,975.39,975.38,975.29,975.15,974.98,974.82,974.69,974.6,974.57,974.61,974.72,974.92,975.22,975.61,976.08,976.62,977.19,977.74,978.23,978.61,978.87,979.01,979.05,979.02,978.97,978.93,978.93,978.96,979.05,979.16,979.3,979.46,979.62,979.78,979.92,980.04,980.12,980.14,980.09,979.94,979.69,979.34,978.92,978.51,978.35
972.78,973.42,974.05,974.51,974.78,974.9,974.88,974.77,974.58,974.36,974.14,973.95,973.82,973.77,973.83,973.99,974.27,974.66,975.18,975.8,976.48,977.19,977.86,978.42,978.82,979.03,979.07,978.96,978.77,978.55,978.36,978.22,978.16,978.17,978.24,978.37,978.53,978.72,978.93,979.14,979.32,979.45,979.52,979.48,979.33,979.03,978.56,977.88,977.01,976.16
967.69,967.73,967.77,967.79,967.79,967.78,967.79,967.83,967.94,968.17,968.59,969.26,970.25,971.6,973.33,975.42,977.87,980.64,983.64,986.76,989.83,992.62,994.88,996.38,996.95,996.52,995.15,992.99,990.3,987.33,984.32,981.47,978.89,976.64,974.73,973.17,971.93,971,970.36,969.95,969.72,969.62,969.6,969.62,969.65,969.67,969.67,969.65,969.59,969.54
