720.14
793.3
797.6
801.42
802.46
803.3
803.55
803.75
803.86
803.94
803.99
804.03
804.08
804.19
804.34
810.41
818.46
801.61
780.39
759.15
1500.8
1534.1
1566.3
1561.8
1557.6
1558.6
1559.7
1561.5
1563.5
1567.3
1571.4
1577.5
1584
1592.6
1601.5
1612.5
1623.7
1636.3
1649.1
1662.6
1675.9
1689
1701.8
1713.6
1724.8
1734.5
1743.6
1750.8
1757.3
1762
1766
1768.4
1770.1
1770.5
1770.3
1769.1
1767.4
1765
1762.2
1758.9
1755.4
1751.6
1747.6
1743.5
1739.3
1735.1
1730.9
1726.8
1722.8
1718.8
1715
1711.3
1707.8
1704.4
1701.1
1698
1695.1
1692.3
1689.6
1687.1
1684.7
1682.4
1680.3
1678.2
1676.3
1674.4
1672.7
1671
1669.3
1667.7
1666.2
1664.7
1663.2
1661.7
1660.3
1658.8
1657.3
1655.8
1654.3
1652.7
1651.1
1649.5
1647.8
1646.1
1644.5
1642.9
1641.3
1639.8
1638.5
1637.3
1636.4
1635.6
1634.8
1634.1
1635.9
1637.9
1618.2
1597.8
1300.1
1301
1302
1303
1304.2
1305.1
1305.1
1305.1
1305
1305
1305
1305
1304.9
1304.9
1304.9
1304.5
1304.1
1297.8
1290.4
1203.4
1286.1
1307.6
1323.4
1316.5
1290.2
1266.8
1247.9
1271
1292.9
1282.1
1250.9
1222.9
1210.4
1256.8
1280.5
1263.6
1223
1176.3
1171.6
1233
1272.1
1262.1
1225.7
1169.2
1147.9
1167.1
1203.4
1233.4
1230
1189.4
1126.9
1063.4
1075.1
1157.9
1210.3
1216.8
1190.4
1142
1083.4
1027.9
1014.3
1089.9
1142.4
1170.7
1168.5
1140.3
1083.2
1009.1
932.56
945.45
1034.6
1103.8
1139
1140.7
1116.1
1043.3
949.64
841.9
884.6
938.33
994.58
968.18
946.91
961.18
1017.5
1053
1077.7
1088.7
1078.9
993.69
865.38
718.26
676.45
675.65
703.46
849.95
996.02
1129.9
1093.1
1073.1
1083.9
1117.7
1146.1
1148.7
1133.1
1116
1124.7
1141
1154.8
1172.6
1189
1206.7
1255.2
1302.6
1364
1471.6
1577.9
1690.8
1813
1939.4
1900.7
1801.6
1726.6
1705
1668.9
1206.4
338.87
-440.93
184.63
687.1
783.27
647.07
703.45
1030.9
1417.5
1828.8
1433.8
922.91
761.37
1068.3
1408.9
1387.8
1235.1
1346.1
1226.1
1026.7
1144.4
1212.7
1148.9
1017.5
914.65
1012.2
914.01
914.72
906.92
892.35
1126
720.14
593.95
649.9
653.68
657.04
657.99
658.77
659.02
659.22
659.32
659.4
659.44
659.47
659.5
659.61
659.78
668.3
679.61
658.97
632.69
606.42
1199
1222.3
1244.9
1241.2
1237.7
1238.5
1239.3
1241.1
1243.1
1247
1251.3
1257.7
1264.5
1273.6
1283
1294.6
1306.6
1320
1333.7
1348.1
1362.4
1376.5
1390.3
1403
1415.3
1426
1435.9
1444.1
1451.5
1457
1461.8
1465
1467.4
1468.5
1468.9
1468.3
1467.1
1465.2
1462.9
1460
1456.9
1453.4
1449.8
1445.9
1442.1
1438.1
1434.2
1430.3
1426.5
1422.8
1419.1
1415.6
1412.3
1409
1406
1403
1400.2
1397.6
1395.1
1392.7
1390.5
1388.4
1386.4
1384.5
1382.7
1381
1379.5
1377.9
1376.5
1375.1
1373.7
1372.4
1371.1
1369.9
1368.6
1367.4
1366.1
1364.8
1363.5
1362.2
1360.8
1359.4
1358
1356.6
1355.1
1353.7
1352.4
1351.1
1350
1348.9
1348.1
1347.3
1346.7
1346.1
1347.1
1348.3
1336.6
1324.4
1163.7
1162.6
1161.6
1160.9
1162.4
1163.6
1163.6
1163.6
1163.6
1163.6
1163.6
1163.5
1163.5
1163.5
1163.5
1163.3
1163.1
1159.7
1155.8
1110.3
1154.1
1163.3
1168.2
1162.8
1149.4
1134.4
1118
1126.5
1138.8
1133.2
1115.2
1092.5
1075.2
1105.5
1124.9
1118.9
1090.3
1049.1
1036.1
1080.1
1113.7
1116.1
1092.9
1047.6
1016.6
1014.6
1039.8
1078.1
1086.6
1059
999.04
929.2
926.38
999.63
1050.9
1068.2
1055
1018.3
957.73
889.28
856.89
928.06
981.6
1016.6
1026.1
1007.9
957.06
880.26
795.11
794.79
874.3
938.82
978.28
988.06
972.18
908.48
821.36
717.77
755.7
800.51
844.83
810.41
783.96
797.06
856.23
895.67
925.83
942.85
938.17
858
733.43
588.48
546.16
542.81
566.42
708.71
849.03
977.56
937.37
914.45
923.21
955.89
983.45
985.44
969.45
951.9
961.46
978.88
993.37
1006.8
1017.9
1030.8
1085
1137.4
1202.6
1311.9
1419.5
1525.2
1628.3
1731.9
1725.7
1683.1
1655.8
1596.5
1515.9
1037.4
194.29
-553.4
75.226
569.29
648.65
498.49
545.87
883.9
1289.1
1696.3
1286.9
773.27
620.75
929.54
1258.9
1240.8
1099.6
1195.7
1081.2
894.29
996.43
1073.9
1005.5
869.9
781.65
861.61
776.05
775.26
762.53
741.68
937.73
593.95
