1.1208e-05,2.1116e-05,2.5283e-05,2.6952e-05,2.7424e-05,2.7187e-05,2.6436e-05,2.5266e-05,2.3736e-05,2.1894e-05,1.9782e-05,1.7441e-05,1.4914e-05,1.2244e-05,9.4763e-06,6.6562e-06,3.8301e-06,1.044e-06,-1.6576e-06,-4.2324e-06,-6.6412e-06,-8.8492e-06,-1.0827e-05,-1.255e-05,-1.4001e-05,-1.5169e-05,-1.6051e-05,-1.6648e-05,-1.6971e-05,-1.7034e-05,-1.6858e-05,-1.6467e-05,-1.5888e-05,-1.5153e-05,-1.4292e-05,-1.3336e-05,-1.2317e-05,-1.1265e-05,-1.0205e-05,-9.1635e-06,-8.1602e-06,-7.2132e-06,-6.336e-06,-5.538e-06,-4.823e-06,-4.1868e-06,-3.6093e-06,-3.0331e-06,-2.3096e-06,-1.1058e-06
4.5937e-05,8.296e-05,9.9096e-05,0.00010593,0.00010802,0.00010721,0.00010432,9.9741e-05,9.3737e-05,8.6498e-05,7.8192e-05,6.8984e-05,5.904e-05,4.8531e-05,3.7633e-05,2.6527e-05,1.5394e-05,4.4147e-06,-6.2345e-06,-1.6387e-05,-2.589e-05,-3.4604e-05,-4.2414e-05,-4.9224e-05,-5.4965e-05,-5.9596e-05,-6.3099e-05,-6.5485e-05,-6.6792e-05,-6.7077e-05,-6.6421e-05,-6.4919e-05,-6.2681e-05,-5.9826e-05,-5.6476e-05,-5.2755e-05,-4.8785e-05,-4.4679e-05,-4.0545e-05,-3.6478e-05,-3.256e-05,-2.8859e-05,-2.5427e-05,-2.2299e-05,-1.9487e-05,-1.6967e-05,-1.4653e-05,-1.2323e-05,-9.4523e-06,-4.8136e-06
0.00010202,0.00018551,0.00022212,0.00023774,0.00024256,0.00024079,0.0002343,0.00022403,0.00021057,0.00019433,0.00017572,0.00015507,0.00013278,0.00010921,8.4772e-05,5.9858e-05,3.4879e-05,1.0241e-05,-1.3662e-05,-3.6454e-05,-5.779e-05,-7.7361e-05,-9.4903e-05,-0.0001102,-0.0001231,-0.00013351,-0.00014139,-0.00014677,-0.00014972,-0.00015038,-0.00014893,-0.00014559,-0.0001406,-0.00013423,-0.00012675,-0.00011844,-0.00010958,-0.00010042,-9.1202e-05,-8.2133e-05,-7.3398e-05,-6.5149e-05,-5.75e-05,-5.0526e-05,-4.4247e-05,-3.8604e-05,-3.3391e-05,-2.8099e-05,-2.1541e-05,-1.0933e-05
0.00017719,0.00032817,0.00039521,0.00042379,0.00043257,0.00042939,0.00041775,0.0003994,0.00037538,0.00034645,0.00031329,0.00027653,0.00023682,0.00019485,0.00015131,0.00010692,6.2409e-05,1.8496e-05,-2.4112e-05,-6.4745e-05,-0.00010278,-0.00013767,-0.00016894,-0.00019621,-0.0002192,-0.00023773,-0.00025175,-0.0002613,-0.00026653,-0.00026768,-0.00026506,-0.00025908,-0.00025017,-0.0002388,-0.00022549,-0.00021071,-0.00019495,-0.00017868,-0.00016232,-0.00014624,-0.00013076,-0.00011615,-0.00010262,-9.0281e-05,-7.9171e-05,-6.9165e-05,-5.9869e-05,-5.0327e-05,-3.8361e-05,-1.9085e-05
0.00026982,0.00051021,0.00061913,0.00066577,0.0006801,0.00067512,0.0006567,0.00062774,0.00058991,0.00054442,0.0004923,0.00043455,0.00037217,0.00030622,0.00023779,0.00016802,9.8039e-05,2.8992e-05,-3.801e-05,-0.00010191,-0.00016172,-0.00021657,-0.00026571,-0.00030853,-0.00034461,-0.00037366,-0.00039559,-0.00041047,-0.00041854,-0.00042019,-0.00041593,-0.00040637,-0.00039223,-0.00037426,-0.00035325,-0.00032997,-0.00030519,-0.00027965,-0.00025398,-0.0002288,-0.0002046,-0.00018178,-0.00016067,-0.00014144,-0.00012412,-0.00010849,-9.3871e-05,-7.8675e-05,-5.9429e-05,-2.8822e-05
0.000379,0.00073117,0.00089474,0.00096557,0.00098758,0.0009806,0.00095376,0.00091154,0.00085648,0.00079034,0.00071461,0.00063072,0.00054012,0.00044431,0.00034489,0.00024348,0.00014176,4.1374e-05,-5.6041e-05,-0.00014893,-0.00023587,-0.00031557,-0.00038693,-0.00044906,-0.00050133,-0.00054333,-0.00057493,-0.00059625,-0.00060763,-0.00060966,-0.00060309,-0.00058885,-0.00056796,-0.00054155,-0.00051076,-0.00047675,-0.00044064,-0.00040348,-0.00036622,-0.00032973,-0.00029472,-0.00026178,-0.00023134,-0.00020365,-0.00017872,-0.00015615,-0.0001349,-0.00011253,-8.4047e-05,-3.9659e-05
0.00050436,0.00099109,0.0012231,0.0013253,0.0013578,0.0013489,0.0013121,0.0012539,0.001178,0.0010868,0.00098256,0.00086706,0.00074231,0.00061037,0.00047341,0.00033368,0.00019348,5.5109e-05,-7.9174e-05,-0.00020721,-0.000327,-0.00043676,-0.00053494,-0.00062033,-0.00069202,-0.00074947,-0.0007925,-0.00082127,-0.00083629,-0.00083838,-0.0008286,-0.00080827,-0.00077883,-0.00074184,-0.00069892,-0.00065167,-0.00060165,-0.00055031,-0.00049897,-0.00044879,-0.00040077,-0.00035568,-0.0003141,-0.00027633,-0.00024232,-0.00021146,-0.00018215,-0.000151,-0.00011134,-5.1073e-05
0.00064601,0.0012905,0.0016059,0.0017476,0.001794,0.0017838,0.0017354,0.0016584,0.0015578,0.0014371,0.001299,0.001146,0.00098074,0.00080589,0.00062433,0.00043903,0.00025305,6.9474e-05,-0.00010869,-0.00027853,-0.00043738,-0.00058281,-0.00071277,-0.00082561,-0.00092012,-0.00099557,-0.0010517,-0.0010889,-0.0011077,-0.0011092,-0.001095,-0.0010668,-0.0010266,-0.00097657,-0.00091876,-0.0008554,-0.00078856,-0.00072018,-0.000652,-0.00058557,-0.00052217,-0.0004628,-0.00040817,-0.00035862,-0.00031401,-0.00027341,-0.00023456,-0.00019297,-0.00014028,-6.2504e-05
0.00080438,0.0016306,0.002045,0.0022352,0.0023,0.0022892,0.002228,0.0021293,0.0020001,0.001845,0.0016673,0.0014705,0.0012578,0.0010327,0.00079881,0.00056001,0.00032025,8.3536e-05,-0.0001462,-0.00036516,-0.00056984,-0.00075708,-0.00092418,-0.001069,-0.0011899,-0.001286,-0.001357,-0.0014032,-0.0014256,-0.0014257,-0.0014054,-0.0013672,-0.0013136,-0.0012474,-0.0011715,-0.0010887,-0.0010017,-0.00091302,-0.00082496,-0.00073944,-0.00065809,-0.00058215,-0.00051246,-0.00044937,-0.00039257,-0.0003407,-0.00029077,-0.00023707,-0.0001697,-7.3346e-05
0.00098023,0.0020131,0.002543,0.0027919,0.0028798,0.0028699,0.0027949,0.0026717,0.0025097,0.0023148,0.0020916,0.0018441,0.0015764,0.0012929,0.00099823,0.00069717,0.00039478,9.6139e-05,-0.0001937,-0.00046989,-0.00072792,-0.00096372,-0.0011738,-0.0013554,-0.0015065,-0.001626,-0.0017134,-0.0017692,-0.0017948,-0.001792,-0.0017636,-0.0017125,-0.0016421,-0.0015562,-0.0014583,-0.0013521,-0.0012412,-0.0011286,-0.0010172,-0.00090949,-0.0008074,-0.00071244,-0.00062557,-0.00054709,-0.00047643,-0.00041173,-0.00034914,-0.00028172,-0.00019827,-8.2955e-05
0.0011745,0.0024401,0.0031033,0.0034216,0.0035384,0.0035314,0.0034417,0.0032912,0.003092,0.0028519,0.0025765,0.0022708,0.0019399,0.0015892,0.0012242,0.00085119,0.00047626,0.00010588,-0.00025362,-0.00059611,-0.00091587,-0.0012077,-0.0014673,-0.001691,-0.0018764,-0.002022,-0.0021273,-0.002193,-0.0022208,-0.0022133,-0.0021738,-0.0021063,-0.0020151,-0.001905,-0.0017806,-0.0016465,-0.0015071,-0.0013664,-0.0012278,-0.0010944,-0.00096859,-0.00085199,-0.0007457,-0.0006499,-0.00056368,-0.00048457,-0.00040776,-0.00032515,-0.00022457,-9.0642e-05
0.0013885,0.0029143,0.0037296,0.0041292,0.0042814,0.0042797,0.0041748,0.0039942,0.0037536,0.0034624,0.0031276,0.0027556,0.0023524,0.0019245,0.0014789,0.0010229,0.0005643,0.00011109,-0.00032887,-0.0007479,-0.0011388,-0.0014952,-0.0018114,-0.0020832,-0.0023072,-0.0024817,-0.0026063,-0.0026817,-0.0027103,-0.0026954,-0.0026412,-0.0025528,-0.0024358,-0.0022961,-0.0021397,-0.0019722,-0.0017992,-0.0016255,-0.0014555,-0.0012926,-0.0011397,-0.00099865,-0.00087062,-0.00075554,-0.00065207,-0.00055697,-0.00046446,-0.00036536,-0.00024705,-9.5689e-05
0.0016236,0.0034389,0.0044263,0.0049201,0.005115,0.0051217,0.0050016,0.0047884,0.0045016,0.0041531,0.0037515,0.0033042,0.0028187,0.0023026,0.0017645,0.0012133,0.00065845,0.00010981,-0.00042289,-0.00093012,-0.001403,-0.0018334,-0.0022144,-0.0025406,-0.0028081,-0.0030145,-0.0031594,-0.003244,-0.0032712,-0.0032452,-0.0031716,-0.0030568,-0.0029077,-0.002732,-0.0025369,-0.0023296,-0.0021169,-0.0019047,-0.0016982,-0.0015016,-0.0013181,-0.0011497,-0.00099758,-0.00086129,-0.0007389,-0.00062635,-0.0005168,-0.00040022,-0.00026407,-9.7353e-05
0.0018812,0.0040175,0.0051985,0.0058005,0.0060465,0.0060654,0.0059303,0.0056822,0.0053447,0.0049324,0.0044556,0.0039234,0.0033444,0.0027279,0.0020841,0.0014237,0.00075826,9.9787e-05,-0.00053973,-0.0011486,-0.0017156,-0.002231,-0.0026861,-0.003074,-0.00339,-0.0036313,-0.0037974,-0.00389,-0.0039127,-0.003871,-0.0037719,-0.0036235,-0.0034348,-0.0032149,-0.0029732,-0.0027185,-0.0024591,-0.002202,-0.0019535,-0.0017185,-0.0015005,-0.0013019,-0.0011232,-0.0009639,-0.00082111,-0.00068982,-0.00056216,-0.00042745,-0.00027393,-9.4892e-05
0.0021631,0.0046539,0.0060517,0.0067774,0.0070838,0.0071196,0.0069705,0.0066854,0.0062926,0.0058096,0.005249,0.0046212,0.0039365,0.0032059,0.0024413,0.0016558,0.00086336,7.8462e-05,-0.00068416,-0.0014101,-0.0020856,-0.0026985,-0.0032381,-0.003696,-0.0040662,-0.0043455,-0.0045332,-0.0046317,-0.0046457,-0.0045821,-0.0044498,-0.0042591,-0.0040211,-0.0037474,-0.0034496,-0.0031384,-0.0028238,-0.0025146,-0.0022179,-0.0019394,-0.001683,-0.0014509,-0.0012436,-0.0010596,-0.00089519,-0.0007442,-0.00059771,-0.0004447,-0.00027497,-8.7593e-05
0.0024709,0.0053523,0.0069921,0.0078583,0.0082357,0.0082941,0.0081328,0.0078091,0.0073566,0.0067961,0.0061422,0.0054073,0.0046034,0.0037431,0.0028408,0.001912,0.00097352,4.2959e-05,-0.00086169,-0.0017227,-0.0025234,-0.0032484,-0.0038847,-0.0044218,-0.0048525,-0.0051728,-0.0053822,-0.0054835,-0.005483,-0.0053895,-0.0052142,-0.0049701,-0.0046712,-0.0043318,-0.0039661,-0.0035876,-0.0032082,-0.0028384,-0.0024866,-0.0021591,-0.0018602,-0.0015918,-0.0013539,-0.001144,-0.00095722,-0.00078604,-0.00062053,-0.00044962,-0.00026555,-7.4813e-05
0.0028065,0.0061172,0.0080261,0.0090515,0.009512,0.0096,0.0094292,0.009066,0.0085497,0.0079046,0.0071478,0.0062933,0.005355,0.0043478,0.0032884,0.0021953,0.0010888,-9.8909e-06,-0.0010788,-0.0020961,-0.0030413,-0.0038956,-0.0046426,-0.0052698,-0.0057679,-0.0061323,-0.0063625,-0.0064625,-0.0064399,-0.0063061,-0.0060755,-0.0057641,-0.0053896,-0.0049699,-0.0045225,-0.0040637,-0.0036082,-0.0031682,-0.0027535,-0.0023712,-0.0020256,-0.0017184,-0.0014485,-0.0012121,-0.0010029,-0.00081173,-0.00062769,-0.00044003,-0.00024427,-5.6038e-05
0.0031715,0.006953,0.0091605,0.010366,0.010923,0.011049,0.010873,0.010471,0.0098871,0.0091506,0.0082805,0.007293,0.0062037,0.00503,0.0037914,0.0025098,0.0012096,-8.3504e-05,-0.0013427,-0.0025415,-0.0036543,-0.0046579,-0.0055324,-0.0062619,-0.0068353,-0.0072469,-0.0074964,-0.0075887,-0.0075341,-0.0073469,-0.0070451,-0.0066492,-0.0061811,-0.0056632,-0.0051171,-0.0045627,-0.0040177,-0.0034965,-0.0030104,-0.0025673,-0.0021713,-0.0018232,-0.0015207,-0.0012582,-0.0010275,-0.00081758,-0.00061645,-0.00041401,-0.00021005,-3.0969e-05
0.0035674,0.0078641,0.010402,0.01181,0.012481,0.012656,0.01248,0.012039,0.011386,0.010552,0.0095582,0.0084232,0.0071646,0.0058024,0.0043592,0.0028611,0.0013371,-0.00018147,-0.0016621,-0.003072,-0.0043799,-0.005557,-0.0065786,-0.0074249,-0.0080825,-0.0085442,-0.0088101,-0.0088867,-0.0087869,-0.0085292,-0.0081363,-0.0076341,-0.0070502,-0.0064121,-0.0057468,-0.0050784,-0.0044283,-0.0038135,-0.0032469,-0.0027368,-0.002287,-0.001897,-0.0015626,-0.0012759,-0.0010261,-0.0008,-0.00058441,-0.00037023,-0.00016236,3.7366e-07
0.0039954,0.0088543,0.011758,0.013395,0.014197,0.014434,0.014266,0.013791,0.013068,0.01213,0.011002,0.0097044,0.0082565,0.006681,0.0050041,0.0032567,0.0014736,-0.00030742,-0.0020465,-0.0037034,-0.0052393,-0.0066187,-0.0078108,-0.0087912,-0.0095429,-0.010058,-0.010336,-0.010385,-0.010223,-0.0098735,-0.0093643,-0.0087286,-0.0080008,-0.0072157,-0.0064061,-0.0056019,-0.0048285,-0.0041061,-0.0034492,-0.0028662,-0.0023603,-0.0019289,-0.0015652,-0.0012581,-0.00099357,-0.00075572,-0.00052988,-0.00030821,-0.00010154,3.7501e-05
0.0044563,0.0099269,0.013234,0.015128,0.016085,0.016399,0.016251,0.015748,0.014955,0.013909,0.012638,0.011162,0.0095026,0.0076858,0.0057418,0.0037069,0.0016227,-0.00046481,-0.0025068,-0.0044538,-0.0062578,-0.0078743,-0.0092652,-0.0104,-0.011258,-0.011828,-0.012111,-0.012119,-0.011874,-0.011404,-0.010746,-0.0099426,-0.0090364,-0.0080709,-0.0070867,-0.0061205,-0.0052027,-0.004357,-0.0035994,-0.0029385,-0.0023756,-0.0019057,-0.0015179,-0.0011971,-0.00092498,-0.00068219,-0.0004523,-0.0002288,-2.9106e-05,7.9269e-05
0.0049501,0.011084,0.014835,0.017019,0.018156,0.018568,0.018455,0.017934,0.017076,0.015921,0.014497,0.012826,0.010932,0.0088424,0.0065927,0.0042253,0.0017902,-0.00065661,-0.0030554,-0.005345,-0.0074656,-0.0093618,-0.010986,-0.012299,-0.013276,-0.013905,-0.014185,-0.014132,-0.013773,-0.013147,-0.012301,-0.011287,-0.010159,-0.0089718,-0.0077761,-0.0066165,-0.0055297,-0.0045431,-0.0036745,-0.0029318,-0.0023139,-0.0018115,-0.0014087,-0.0010847,-0.00081572,-0.00057804,-0.0003528,-0.00013478,5.1685e-05,0.00012363
0.0054757,0.012326,0.016565,0.019076,0.020422,0.020959,0.0209,0.020377,0.019462,0.018199,0.016616,0.014736,0.012581,0.010184,0.0075835,0.0048308,0.0019853,-0.00088483,-0.003706,-0.0064023,-0.0088991,-0.011127,-0.013026,-0.014548,-0.015661,-0.016349,-0.016613,-0.016473,-0.015965,-0.015138,-0.014051,-0.012772,-0.011368,-0.0099084,-0.008456,-0.0070655,-0.005781,-0.0046344,-0.0036449,-0.0028189,-0.0021514,-0.0016273,-0.0012237,-0.00091231,-0.00066215,-0.00044375,-0.00023503,-3.1616e-05,0.00013523,0.00016732
0.0060308,0.01365,0.018424,0.021303,0.022896,0.023588,0.023613,0.023108,0.022152,0.020788,0.019043,0.016937,0.014496,0.011751,0.0087493,0.0055486,0.0022212,-0.0011498,-0.0044737,-0.0076557,-0.010602,-0.013227,-0.015453,-0.01722,-0.018487,-0.019235,-0.019466,-0.019207,-0.018502,-0.017415,-0.016022,-0.014408,-0.01266,-0.010865,-0.0091004,-0.007434,-0.0059188,-0.0045916,-0.0034725,-0.0025652,-0.001859,-0.0013306,-0.00094754,-0.00067152,-0.00046224,-0.00028263,-0.00010616,7.1479e-05,0.00021275,0.00020547
0.0066109,0.015051,0.020409,0.023702,0.025587,0.026475,0.026618,0.026163,0.025189,0.023738,0.021832,0.01949,0.016735,0.013599,0.010136,0.0064131,0.0025175,-0.0014493,-0.0053746,-0.0091402,-0.012628,-0.015729,-0.018347,-0.020404,-0.021848,-0.022657,-0.022833,-0.022409,-0.021446,-0.020023,-0.01824,-0.016204,-0.014027,-0.011817,-0.009673,-0.0076768,-0.0058928,-0.0043631,-0.0031082,-0.0021272,-0.0014008,-0.00089459,-0.00056306,-0.00035456,-0.00021657,-0.00010209,2.167e-05,0.00016025,0.00027123,0.00023113
0.0072093,0.016518,0.022512,0.026272,0.028499,0.029634,0.029944,0.029581,0.028624,0.02711,0.025054,0.022469,0.019371,0.015797,0.011804,0.0074705,0.002902,-0.001777,-0.0064262,-0.010897,-0.015042,-0.01872,-0.021809,-0.024212,-0.025862,-0.02673,-0.02682,-0.026175,-0.024874,-0.023019,-0.020738,-0.018169,-0.015454,-0.012732,-0.010123,-0.0077328,-0.0056361,-0.0038818,-0.0024891,-0.00145,-0.000733,-0.00028793,-5.1784e-05,4.4712e-05,7.0185e-05,8.4659e-05,0.00012956,0.00021368,0.00029213,0.00023465
0.0078159,0.018034,0.024716,0.029002,0.031634,0.03308,0.033619,0.033406,0.032517,0.030978,0.028794,0.025964,0.022501,0.018436,0.013832,0.0087833,0.0034144,-0.0021204,-0.0076462,-0.012976,-0.017921,-0.022303,-0.025966,-0.028785,-0.030676,-0.031598,-0.031562,-0.030623,-0.028879,-0.026468,-0.02355,-0.020306,-0.016917,-0.013557,-0.010383,-0.0075195,-0.0050605,-0.0030601,-0.0015345,-0.00046474,0.00019814,0.00052604,0.0006056,0.00052947,0.00038732,0.00025624,0.00018946,0.00020185,0.00024976,0.00020303
0.0084168,0.019575,0.026997,0.031874,0.034984,0.03682,0.037669,0.037687,0.036937,0.035432,0.033156,0.030094,0.026243,0.021633,0.016327,0.010436,0.0041109,-0.0024584,-0.0090519,-0.015433,-0.021361,-0.026608,-0.030974,-0.034298,-0.036472,-0.037445,-0.037229,-0.035898,-0.033579,-0.030448,-0.026717,-0.022615,-0.018377,-0.014225,-0.010356,-0.0069267,-0.0040492,-0.0017839,-0.00014103,0.00091496,0.0014579,0.0015894,0.0014282,0.0010978,0.00071531,0.00038002,0.00016105,8.3221e-05,0.00010934,0.00011906
0.0089927,0.021103,0.029314,0.034853,0.03853,0.040855,0.04212,0.042474,0.041964,0.040576,0.03827,0.035004,0.030755,0.025541,0.019428,0.012543,0.0050697,-0.0027567,-0.010659,-0.018336,-0.02548,-0.031798,-0.037032,-0.040974,-0.043485,-0.0445,-0.044034,-0.042184,-0.039115,-0.035056,-0.030281,-0.025088,-0.019778,-0.014637,-0.0099141,-0.0058063,-0.0024478,9.5444e-05,0.0018237,0.0027973,0.003125,0.0029499,0.0024332,0.0017397,0.0010219,0.00040794,-1.216e-05,-0.00019869,-0.00017534,-3.956e-05
0.0095187,0.022571,0.031612,0.03789,0.042237,0.045173,0.04699,0.047821,0.047686,0.046539,0.044297,0.040881,0.036236,0.03036,0.02332,0.015259,0.0064,-0.0029632,-0.01248,-0.021765,-0.030422,-0.038074,-0.044387,-0.049093,-0.05201,-0.053054,-0.052247,-0.049711,-0.045666,-0.040408,-0.034291,-0.027704,-0.021036,-0.014657,-0.0088823,-0.0039603,-5.2147e-05,0.0027716,0.0045292,0.0053174,0.0052943,0.0046597,0.003633,0.0024324,0.001257,0.0002711,-0.00040789,-0.00071937,-0.00066458,-0.00030117
0.0099624,0.023912,0.033812,0.040911,0.046047,0.049743,0.052285,0.053779,0.054207,0.053472,0.051435,0.047959,0.042944,0.036355,0.02825,0.018793,0.0082533,-0.0029996,-0.01452,-0.025812,-0.036366,-0.045693,-0.053357,-0.059013,-0.062423,-0.063479,-0.062209,-0.058773,-0.053456,-0.046644,-0.038799,-0.030426,-0.022034,-0.014097,-0.0070228,-0.001123,0.0034077,0.0064973,0.0081926,0.0086434,0.008078,0.0067745,0.0050301,0.0031341,0.0013448,-0.00012757,-0.0011314,-0.0015782,-0.0014358,-0.00070113
0.010283,0.025041,0.035811,0.043811,0.049871,0.05451,0.057993,0.060393,0.061636,0.061554,0.059928,0.056539,0.051214,0.04387,0.034547,0.023427,0.010839,-0.0027515,-0.016774,-0.030589,-0.043534,-0.054974,-0.064343,-0.071189,-0.075206,-0.076251,-0.07436,-0.069742,-0.062767,-0.05394,-0.043863,-0.033196,-0.022602,-0.012699,-0.0040131,0.0030618,0.0082898,0.011603,0.013091,0.012984,0.011607,0.0093487,0.0066103,0.0037743,0.0011743,-0.00092267,-0.0023234,-0.0029039,-0.0025864,-0.0012825
0.010433,0.025851,0.03747,0.046443,0.053579,0.059376,0.064074,0.067694,0.07009,0.070996,0.070078,0.067,0.061482,0.053365,0.042653,0.029546,0.014448,-0.0020535,-0.019221,-0.036226,-0.052204,-0.066326,-0.077858,-0.086208,-0.090977,-0.09198,-0.089261,-0.083093,-0.073957,-0.062511,-0.049545,-0.035919,-0.022504,-0.010109,0.00058451,0.009073,0.01507,0.018519,0.019581,0.018595,0.016033,0.01243,0.0083307,0.0042398,0.00058493,-0.0022987,-0.0041694,-0.0048611,-0.0042375,-0.0020968
0.010352,0.026206,0.038609,0.048612,0.056983,0.064191,0.070439,0.075685,0.079684,0.082039,0.082255,0.079827,0.074318,0.065447,0.05316,0.037672,0.019478,-0.00067049,-0.021817,-0.042877,-0.062724,-0.080271,-0.09456,-0.10482,-0.11053,-0.11145,-0.10764,-0.099439,-0.087485,-0.072632,-0.055913,-0.038458,-0.021413,-0.0058406,0.0073652,0.017557,0.024384,0.027815,0.028115,0.025792,0.021519,0.016044,0.010102,0.0043551,-0.00065205,-0.0045056,-0.0069113,-0.0076568,-0.0065354,-0.0032031
0.0099744,0.025945,0.039001,0.050058,0.05982,0.068725,0.076929,0.084316,0.090516,0.094953,0.096911,0.095639,0.090466,0.080929,0.066872,0.048518,0.02648,0.0017297,-0.024482,-0.050731,-0.075536,-0.097476,-0.1153,-0.128,-0.1349,-0.13568,-0.13042,-0.11957,-0.10394,-0.084647,-0.063043,-0.040615,-0.018874,0.00077138,0.01714,0.029387,0.037082,0.040237,0.039275,0.034955,0.028242,0.020178,0.011761,0.0038536,-0.0028595,-0.007879,-0.01086,-0.011547,-0.0096535,-0.0046677
0.0092281,0.024877,0.038369,0.050443,0.061731,0.072638,0.083279,0.093454,0.10264,0.11003,0.11459,0.11523,0.11091,0.1009,0.084876,0.063056,0.036212,0.0056109,-0.027093,-0.060017,-0.091207,-0.1188,-0.14116,-0.15698,-0.16539,-0.16598,-0.15882,-0.14451,-0.12408,-0.099001,-0.071024,-0.04211,-0.014263,0.010639,0.031018,0.045756,0.054313,0.056774,0.053806,0.046537,0.036363,0.024744,0.013028,0.002336,-0.0064884,-0.012864,-0.016411,-0.01684,-0.013791,-0.0065606
0.0080389,0.022788,0.036375,0.049336,0.062229,0.075441,0.089066,0.10283,0.11603,0.12756,0.13596,0.13961,0.13697,0.12684,0.10866,0.082625,0.049714,0.011615,-0.029467,-0.071021,-0.11047,-0.14536,-0.17357,-0.1934,-0.20374,-0.20404,-0.1944,-0.17558,-0.14892,-0.11628,-0.079969,-0.042564,-0.0067299,0.02501,0.050521,0.068296,0.077638,0.078746,0.072661,0.061068,0.046001,0.029518,0.013444,-0.00078742,-0.012163,-0.020046,-0.024056,-0.023903,-0.019168,-0.0089509
0.0063382,0.019449,0.032629,0.046203,0.060669,0.076438,0.093633,0.11194,0.13049,0.14778,0.16178,0.17009,0.17038,0.16076,0.14028,0.10906,0.068418,0.020618,-0.031348,-0.084118,-0.13427,-0.1786,-0.21435,-0.23935,-0.25214,-0.25205,-0.23921,-0.21454,-0.17976,-0.13726,-0.090035,-0.041471,0.0048774,0.045593,0.077749,0.099263,0.1092,0.10793,0.097062,0.079141,0.057163,0.034053,0.012269,-0.0063796,-0.02074,-0.03018,-0.034393,-0.033152,-0.026015,-0.0119
0.0040716,0.014631,0.0267,0.040399,0.056215,0.074658,0.095986,0.11994,0.14553,0.1708,0.19291,0.20836,0.21353,0.20547,0.18258,0.14493,0.094282,0.033806,-0.032406,-0.099817,-0.16389,-0.22043,-0.26589,-0.29751,-0.31345,-0.31285,-0.29586,-0.26365,-0.21834,-0.163,-0.10147,-0.038183,0.0221,0.074724,0.11561,0.14181,0.15199,0.14675,0.12858,0.10138,0.069623,0.037512,0.0083416,-0.015689,-0.033373,-0.044223,-0.048134,-0.045045,-0.034557,-0.015451
0.0012108,0.0081299,0.018137,0.031182,0.047813,0.068776,0.094649,0.12544,0.16016,0.19642,0.2303,0.2566,0.2697,0.26489,0.23957,0.19375,0.12998,0.052747,-0.032247,-0.11884,-0.20101,-0.27334,-0.33128,-0.37137,-0.39133,-0.39008,-0.36779,-0.32588,-0.26699,-0.19496,-0.11467,-0.031915,0.046967,0.11558,0.16816,0.20039,0.21023,0.19857,0.16924,0.12833,0.0827,0.038419,-0.00015327,-0.030501,-0.051596,-0.063351,-0.066084,-0.060048,-0.04499,-0.019621
-0.0022381,-0.00019633,0.006526,0.017751,0.034189,0.057023,0.087464,0.12617,0.17252,0.22382,0.2748,0.31769,0.34352,0.34467,0.31696,0.26048,0.17912,0.079462,-0.030467,-0.14226,-0.24798,-0.34063,-0.41453,-0.4654,-0.49045,-0.48838,-0.45937,-0.40513,-0.32883,-0.23519,-0.13036,-0.021791,0.082095,0.17248,0.24109,0.28139,0.29005,0.26815,0.22165,0.16027,0.094837,0.034215,-0.01601,-0.053329,-0.077386,-0.08895,-0.089091,-0.078585,-0.057443,-0.024391
-0.0062293,-0.01038,-0.0084158,-0.00064478,0.013901,0.037124,0.071351,0.11856,0.17924,0.25095,0.32687,0.39542,0.44173,0.45308,0.42298,0.35203,0.24655,0.11645,-0.0268,-0.17175,-0.30799,-0.42668,-0.52082,-0.58527,-0.61673,-0.61365,-0.57624,-0.50646,-0.40805,-0.28665,-0.14981,-0.006988,0.13072,0.25118,0.34235,0.3941,0.40054,0.36254,0.28922,0.19669,0.10279,0.020515,-0.043497,-0.087631,-0.11318,-0.12253,-0.11793,-0.10093,-0.071917,-0.029696
-0.010675,-0.022251,-0.026647,-0.024478,-0.014476,0.0063188,0.042024,0.097027,0.17439,0.27326,0.3858,0.49495,0.57454,0.60268,0.56969,0.47801,0.33855,0.16659,-0.021415,-0.20994,-0.38553,-0.53728,-0.65681,-0.73817,-0.77758,-0.7733,-0.72554,-0.63647,-0.51031,-0.35358,-0.17526,0.012932,0.19662,0.35921,0.48312,0.55225,0.55568,0.49255,0.37645,0.23509,0.099997,-0.010184,-0.089042,-0.13798,-0.16175,-0.16544,-0.15305,-0.12702,-0.088153,-0.035392
-0.015425,-0.035246,-0.047403,-0.053435,-0.051865,-0.038323,-0.0061285,0.053071,0.14751,0.28113,0.44738,0.6235,0.75845,0.81318,0.7749,0.65165,0.46299,0.23276,-0.015496,-0.26103,-0.48691,-0.68009,-0.83099,-0.93306,-0.98219,-0.97651,-0.91621,-0.80359,-0.64318,-0.4421,-0.2106,0.037376,0.28368,0.50599,0.67883,0.77634,0.7777,0.67592,0.48931,0.26764,0.073092,-0.070657,-0.16197,-0.20983,-0.22551,-0.21822,-0.19397,-0.15598,-0.10535,-0.041129
-0.020187,-0.048062,-0.068426,-0.08543,-0.09755,-0.098732,-0.079297,-0.025286,0.080857,0.25444,0.49679,0.79171,1.022,1.1166,1.0651,0.89065,0.62893,0.31692,-0.012271,-0.33171,-0.62094,-0.86518,-1.0541,-1.1809,-1.2416,-1.2343,-1.1593,-1.0186,-0.81677,-0.56103,-0.26234,0.063555,0.39482,0.7024,0.95015,1.097,1.1031,0.94383,0.63592,0.27136,-0.0050317,-0.18169,-0.27423,-0.30789,-0.30471,-0.27901,-0.23824,-0.18551,-0.12165,-0.046056
-0.024351,-0.058222,-0.084706,-0.11501,-0.14695,-0.17261,-0.18048,-0.15088,-0.052042,0.15347,0.48367,1.0166,1.4185,1.5661,1.4788,1.2175,0.84552,0.41838,-0.018898,-0.43282,-0.80012,-1.1054,-1.339,-1.4949,-1.5693,-1.5603,-1.468,-1.2946,-1.0442,-0.72309,-0.34155,0.084329,0.52993,0.95931,1.3232,1.5588,1.593,1.355,0.82811,0.17592,-0.18545,-0.37126,-0.43529,-0.43041,-0.39284,-0.34059,-0.27974,-0.21103,-0.13372,-0.048393
-0.026694,-0.062164,-0.087068,-0.13175,-0.18825,-0.24661,-0.29862,-0.32361,-0.27355,-0.078731,0.2334,1.3295,2.0505,2.2501,2.0701,1.657,1.1178,0.53072,-0.047719,-0.57933,-1.0407,-1.4181,-1.7032,-1.8908,-1.9792,-1.9683,-1.8582,-1.6491,-1.3429,-0.94489,-0.46364,0.086861,0.68221,1.282,1.8247,2.2217,2.3459,2.0217,1.0881,-0.24528,-0.53216,-0.65261,-0.63322,-0.55614,-0.46879,-0.38615,-0.30681,-0.22552,-0.13721,-0.045454
-0.024611,-0.057249,-0.062218,-0.12104,-0.19918,-0.2858,-0.38699,-0.4927,-0.54073,-0.40432,-0.82068,1.8094,3.0705,3.2887,2.9176,2.2448,1.4459,0.63304,-0.12733,-0.79979,-1.3665,-1.8198,-2.1593,-2.3851,-2.4937,-2.4808,-2.3465,-2.0951,-1.7302,-1.2515,-0.65913,0.039589,0.82708,1.6672,2.4884,3.1638,3.4852,3.107,1.4921,-1.6956,-0.9516,-0.94381,-0.79301,-0.62383,-0.48796,-0.38604,-0.30139,-0.22067,-0.13013,-0.036009
-0.011588,-0.044892,-0.0021138,-0.071236,-0.14573,-0.22445,-0.33656,-0.49147,-0.61381,-0.27653,-3.7212,2.7829,4.3121,4.5259,3.9878,3.0067,1.8518,0.7235,-0.27542,-1.1154,-1.8032,-2.3481,-2.7472,-2.9988,-3.1123,-3.0975,-2.9545,-2.6732,-2.2442,-1.669,-0.94955,-0.074904,0.96275,2.1308,3.3155,4.2949,4.7706,4.3874,2.4544,-5.4313,-0.6399,-0.93066,-0.72192,-0.51819,-0.3833,-0.3011,-0.24052,-0.18667,-0.12167,-0.029022
0.017656,0.0048724,0.02449,0.019165,0.020719,0.021005,0.018562,0.027113,-0.0019684,0.1227,-0.32477,0.45013,3.124,4.6919,4.7127,3.6677,2.1624,0.68429,-0.575,-1.5927,-2.3827,-2.9791,-3.4296,-3.7487,-3.9113,-3.8941,-3.6973,-3.3448,-2.8612,-2.2308,-1.4049,-0.35063,0.93856,2.4221,3.8807,4.7998,4.5495,2.5828,-0.73311,-0.61412,0.093259,-0.14536,-0.089747,-0.1057,-0.10133,-0.10124,-0.10605,-0.089852,-0.14874,-0.071385
-0.013642,-0.047932,0.0055579,-0.074586,-0.14541,-0.2252,-0.33803,-0.49051,-0.62005,-0.2492,2.3518,0.60423,3.543,6.0677,6.4559,4.9513,2.6162,0.50301,-1.0723,-2.2264,-3.1481,-3.8839,-4.3814,-4.648,-4.7518,-4.7333,-4.5926,-4.2886,-3.7529,-2.9798,-2.025,-0.84908,0.71789,2.7659,4.9625,6.2686,5.6832,2.9082,0.40065,2.7645,-0.58663,-0.94262,-0.71927,-0.52017,-0.38396,-0.30063,-0.24456,-0.17695,-0.12571,-0.031592
-0.02974,-0.085132,-0.35527,-0.6828,-0.93609,-1.1596,-1.4186,-1.7422,-1.9793,-1.065,6.1239,2.0141,2.5139,8.2998,10.246,7.8612,3.5879,0.32748,-1.8258,-3.2134,-4.055,-4.6539,-5.2439,-5.7645,-6.0461,-6.0238,-5.6978,-5.1354,-4.5091,-3.8785,-3.0135,-1.6303,0.46727,3.6097,7.7168,9.9313,8.0491,2.4019,2.3204,6.2539,-1.4063,-2.3818,-2.0721,-1.673,-1.3612,-1.1099,-0.84416,-0.49379,-0.17566,-0.061614
-0.036942,-0.11217,-1.0232,-1.6984,-2.0985,-2.2868,-2.2916,-2.0372,-1.2631,0.59527,3.8663,2.3702,2.1977,4.6518,19.122,14.375,5.2832,-0.14977,-2.4903,-3.9685,-5.3503,-6.376,-6.804,-6.898,-6.9356,-6.9127,-6.8319,-6.696,-6.2231,-5.1616,-3.7758,-2.3339,-0.068453,5.2591,14.24,19.117,4.5395,2.3685,2.333,3.7737,0.29577,-1.6316,-2.3712,-2.559,-2.4933,-2.2636,-1.8398,-1.1452,-0.19638,-0.06462
-0.048685,-0.14407,-1.9308,-3.0477,-3.5683,-3.6005,-3.1586,-2.1452,-0.41941,1.9929,4.2998,3.9881,1.7347,-1.2012,6.5105,33.875,13.427,0.96589,-3.7962,-5.3699,-5.7614,-6.4142,-7.6569,-8.7601,-9.2455,-9.2172,-8.671,-7.5094,-6.2347,-5.58,-5.1979,-3.6464,1.084,13.543,33.907,6.4201,-1.4387,1.6887,3.8676,4.1274,1.736,-0.71159,-2.4143,-3.3741,-3.7595,-3.6846,-3.1407,-2.0165,-0.22622,-0.076153
-0.058489,-0.17285,-3.0567,-4.7288,-5.4323,-5.371,-4.6046,-3.0718,-0.70571,2.3831,5.6808,8.2388,9.4785,6.1491,-18.529,20.551,34.961,9.8161,1.8732,-4.9106,-8.8849,-10.117,-9.7736,-9.5459,-9.7585,-9.7246,-9.4596,-9.6557,-9.9547,-8.6695,-4.6945,2.0512,10.036,35.391,20.435,-18.74,5.7474,9.1665,7.9779,5.4522,2.1641,-0.90848,-3.2381,-4.7201,-5.4358,-5.4603,-4.7442,-3.0897,-0.25196,-0.084836
-0.068035,-0.19967,-4.3577,-6.7262,-7.7661,-7.8304,-7.0829,-5.5381,-3.1727,-0.05518,3.533,7.0038,9.3491,8.3774,1.5529,-0.52542,36.055,15.347,11.824,1.0721,-4.1978,-7.6837,-11.24,-13.423,-14.028,-13.996,-13.306,-11.014,-7.3996,-3.9649,1.2519,12.119,16.17,36.035,-1.0577,1.1004,7.8826,8.9161,6.6654,3.2892,-0.22121,-3.2735,-5.5786,-7.0665,-7.7663,-7.6736,-6.6382,-4.3219,-0.27596,-0.09347
-0.076031,-0.2222,-5.7443,-8.9358,-10.495,-10.95,-10.595,-9.5287,-7.7326,-5.1405,-1.7131,2.4032,6.4758,8.4844,5.6355,2.4116,46.68,32.384,38.507,-7.0627,-13.623,-12.943,-11.436,-12.453,-14.277,-14.211,-12.297,-11.279,-12.791,-13.337,-6.5276,39.665,32.598,46.111,1.7805,4.9343,7.8221,5.9412,2.0271,-1.9355,-5.2313,-7.7169,-9.4278,-10.427,-10.734,-10.261,-8.7278,-5.6303,-0.29563,-0.10051
-0.082082,-0.23919,-7.0625,-11.136,-13.357,-14.406,-14.704,-14.431,-13.564,-11.885,-8.9675,-4.1575,3.3314,13.972,26.404,31.838,-9.9718,59.567,51.65,5.4778,-2.7527,-7.3273,-15.923,-20.627,-21.894,-21.86,-20.487,-15.568,-6.7201,-2.0437,6.3395,52.479,59.114,-10.54,30.774,25.403,13.169,2.7552,-4.513,-9.1246,-11.874,-13.417,-14.179,-14.374,-14.029,-12.973,-10.803,-6.8686,-0.30976,-0.10561
-0.085631,-0.24934,-8.1224,-13.027,-15.956,-17.679,-18.711,-19.313,-19.508,-19.09,-17.615,-14.33,-8.003,3.3947,22.654,50.113,68.406,3.4289,78.856,-17.807,10.764,1.4126,-6.7285,-18.03,-25.283,-25.159,-17.69,-6.3316,1.7406,11.465,-15.71,78.938,2.2768,67.258,48.939,21.649,2.6328,-8.5112,-14.598,-17.668,-18.956,-19.221,-18.907,-18.22,-17.142,-15.424,-12.573,-7.8549,-0.31704,-0.10821
-0.086482,-0.25215,-8.7487,-14.305,-17.871,-20.207,-21.865,-23.153,-24.158,-24.778,-24.786,-23.888,-21.706,-17.539,-9.7505,5.172,34.495,98.096,166.3,-56.271,79.606,22.963,-21.576,-36.142,-40.509,-40.466,-35.978,-21.046,24.287,81.483,-54.893,165.39,96.594,32.977,3.8664,-10.75,-18.231,-22.117,-24.048,-24.722,-24.517,-23.733,-22.599,-21.221,-19.522,-17.205,-13.747,-8.4202,-0.31695,-0.1081
-0.084715,-0.24779,-8.8319,-14.748,-18.771,-21.549,-23.588,-25.193,-26.468,-27.376,-27.852,-27.998,-28.329,-30,-34.546,-41.223,-36.155,38.273,367.19,6.2177,48.736,44.334,-10.516,-45.409,-57.267,-57.103,-44.815,-9.3918,45.825,51.009,6.7884,365.17,36.345,-37.815,-42.441,-35.383,-30.534,-28.605,-28.037,-27.671,-26.995,-25.916,-24.506,-22.81,-20.736,-17.995,-14.108,-8.4593,-0.30966,-0.10536
-0.080697,-0.23716,-8.3556,-14.274,-18.498,-21.487,-23.627,-25.158,-26.149,-26.529,-26.201,-25.193,-23.826,-22.753,-22.399,-20.463,-5.1386,51.253,169.59,148.98,296.15,-89.714,-94.953,-87.266,-85.707,-85.716,-87.256,-94.43,-86.889,300.47,148.34,167.21,48.583,-6.9015,-21.495,-23.011,-23.102,-23.96,-25.116,-25.914,-26.043,-25.488,-24.36,-22.739,-20.573,-17.64,-13.579,-7.9572,-0.29601,-0.10035
-0.074954,-0.22156,-7.3939,-12.947,-17.089,-20.049,-22.052,-23.237,-23.604,-23.025,-21.307,-18.288,-13.914,-8.2458,-1.4109,6.3112,14.299,24.862,53.814,106.98,382.45,-30.817,-118.02,-117.72,-111.93,-111.95,-117.46,-116.46,-27.469,386.18,106.05,48.232,22.538,13.564,5.9815,-1.6483,-8.3951,-13.924,-18.117,-20.934,-22.454,-22.856,-22.351,-21.082,-19.065,-16.181,-12.225,-6.9873,-0.27731,-0.093579
-0.068097,-0.2026,-6.0839,-10.953,-14.745,-17.464,-19.168,-19.89,-19.569,-18.053,-15.134,-10.618,-4.391,3.5448,12.982,23.18,31.923,33.514,17.006,1.142,386.14,19.325,-114.02,-132.35,-129.23,-129.56,-133.6,-117.31,14.283,410.2,-19.576,19.27,36.031,32.912,23.374,12.909,3.4672,-4.3472,-10.393,-14.703,-17.42,-18.758,-18.943,-18.146,-16.441,-13.817,-10.229,-5.6841,-0.25512,-0.085653
-0.060689,-0.18179,-4.5881,-8.5421,-11.765,-14.079,-15.397,-15.657,-14.77,-12.61,-9.0508,-4.0405,2.3219,9.7263,17.636,25.352,32.11,36.288,27.159,-67.059,341.16,52.321,-98.666,-134.33,-136.65,-136.93,-135.15,-99.274,56.359,344.37,-70.109,26.304,35.646,31.586,24.9,17.296,9.5475,2.3427,-3.7992,-8.5856,-11.935,-13.917,-14.674,-14.349,-13.047,-10.844,-7.8363,-4.2064,-0.23096,-0.077129
-0.053215,-0.1605,-3.0606,-5.973,-8.4803,-10.277,-11.17,-11.03,-9.7614,-7.2958,-3.6381,1.0538,6.378,11.632,15.883,18.318,18.924,18.349,10.808,-50.379,277.36,79.607,-76.969,-127.31,-135.98,-136.05,-127.2,-75.166,85.393,267.36,-40.487,8.5029,15.924,17.312,17.29,15.261,11.332,6.3614,1.2997,-3.1498,-6.5929,-8.8841,-10.033,-10.122,-9.2608,-7.5876,-5.3014,-2.7046,-0.20617,-0.068489
-0.046055,-0.13984,-1.6249,-3.4724,-5.1945,-6.4154,-6.8744,-6.404,-4.9107,-2.3853,1.0478,5.0435,8.9345,11.666,11.901,8.56,2.1375,-3.7365,-4.8244,-11.371,221.39,91.156,-58.76,-117.52,-131.09,-131.06,-117.19,-57.289,93.394,216.74,-7.5495,-4.4889,-5.0385,0.70677,7.4666,11.207,11.335,8.9205,5.3105,1.5625,-1.66,-4.0215,-5.4092,-5.845,-5.4325,-4.3456,-2.8448,-1.2984,-0.18188,-0.060115
-0.039463,-0.12062,-0.36533,-1.2096,-2.149,-2.7834,-2.8219,-2.0757,-0.45408,2.0172,5.1441,8.4733,11.173,11.921,8.9514,0.67018,-12.301,-23.015,-16.201,14.533,193.35,86.247,-48.114,-108.59,-124.82,-124.76,-108.2,-46.823,87.754,188.42,18.298,-16.065,-24.082,-13.523,-0.29837,8.339,11.655,11.217,8.7904,5.6968,2.765,0.43977,-1.0952,-1.8246,-1.8467,-1.353,-0.63063,-0.069334,-0.15888,-0.052261
-0.033635,-0.10343,0.67195,0.70826,0.49002,0.40855,0.75847,1.7369,3.439,5.8379,8.7363,11.678,13.807,13.666,9.0464,-2.6699,-22.204,-41.372,-32.529,35.6,177.32,76.733,-43.684,-101.72,-118.53,-118.47,-101.34,-42.627,77.493,172.97,38.104,-32.433,-42.253,-23.194,-3.4254,8.6107,13.54,13.958,12.073,9.3395,6.6104,4.3332,2.6954,1.7154,1.2925,1.2295,1.2381,0.9387,-0.1378,-0.04513
-0.02865,-0.088581,1.4714,2.23,2.6293,3.0309,3.715,4.8776,6.6244,8.9555,11.73,14.596,16.842,17.126,13.001,0.50993,-24.577,-58.23,-62.075,55.541,159.37,66.806,-39.576,-94.69,-111.6,-111.54,-94.353,-38.721,67.104,155.1,57.349,-62.367,-59.119,-25.374,0.0038253,12.795,17.185,17.131,15.085,12.391,9.7532,7.5156,5.8095,4.6274,3.86,3.3128,2.713,1.7116,-0.11894,-0.038803
-0.024546,-0.076216,2.0397,3.3484,4.2372,5.0255,5.9669,7.2466,8.9784,11.198,13.848,16.743,19.477,21.168,19.806,10.857,-14.483,-65.073,-107.97,65.424,156.29,44.786,-39.476,-87.288,-103.44,-103.39,-87.021,-38.842,44.688,152.15,66.498,-108.78,-66.012,-15.063,10.635,19.856,21.427,19.911,17.329,14.565,12.017,9.8628,8.1489,6.8337,5.8009,4.8679,3.7891,2.2568,-0.10248,-0.033326
-0.021306,-0.066328,2.3981,4.088,5.3299,6.3946,7.4995,8.8083,10.428,12.412,14.757,17.417,20.29,23.157,25.298,23.958,9.143,-48.722,-186.67,90.928,73.187,69.038,-22.637,-74.506,-92.846,-92.829,-74.364,-22.321,68.433,69.444,91.32,-188.19,-49.651,8.8552,24.046,25.597,23.598,20.849,18.083,15.518,13.245,11.301,9.6788,8.3215,7.1196,5.913,4.4917,2.5959,-0.088419,-0.028691
-0.018869,-0.058767,2.5764,4.494,5.9583,7.1885,8.36,9.6029,10.999,12.578,14.322,16.175,18.077,20.047,22.362,25.738,29.612,12.027,-234.19,52.688,35.458,77.143,-7.7008,-61.757,-82.117,-82.149,-61.795,-7.7928,75.981,32.185,52.667,-236.63,11.3,29.685,26.097,22.839,20.605,18.715,16.89,15.106,13.411,11.852,10.44,9.139,7.8678,6.4997,4.8664,2.7586,-0.076619,-0.024835
-0.017164,-0.05334,2.6084,4.6236,6.1957,7.4929,8.6465,9.7466,10.834,11.889,12.814,13.404,13.294,11.832,7.7444,-1.7909,-23.03,-61.903,-37.323,29.063,34.163,67.909,-1.4812,-52.914,-73.587,-73.679,-53.174,-2.0568,66.078,30.848,29.697,-40.642,-62.245,-22.734,-1.3634,8.2402,12.402,13.944,14.127,13.596,12.709,11.662,10.549,9.3854,8.1318,6.7018,4.9706,2.7789,-0.066913,-0.0217
-0.016077,-0.049744,2.529,4.5385,6.1262,7.4128,8.4887,9.4058,10.166,10.703,10.851,10.294,8.4853,4.5498,-2.7343,-14.403,-28.797,-35.061,-15.787,49.325,21.92,50.737,-1.9364,-48.066,-67.802,-67.953,-48.545,-2.9924,48.214,18.26,50.495,-18.121,-35.38,-28.831,-14.259,-2.4106,5.0289,9.0876,10.989,11.611,11.498,10.964,10.173,9.191,8.0171,6.6033,4.8656,2.691,-0.059002,-0.019171
-0.015499,-0.047672,2.3709,4.2986,5.8335,7.0558,8.0213,8.7531,9.2295,9.3654,8.9841,7.7735,5.2279,0.6029,-6.9745,-17.772,-28.936,-28.77,7.2818,48.159,24.567,39.469,-3.5722,-45.223,-63.927,-64.126,-45.877,-4.9841,36.606,21.237,48.13,7.6336,-29.844,-29.73,-18.067,-6.8796,0.96183,5.7624,8.4246,9.7088,10.127,9.9943,9.487,8.6913,7.6313,6.2879,4.6111,2.5278,-0.052591,-0.017144
-0.015316,-0.046799,2.1629,3.9572,5.3933,6.518,7.3612,7.9284,8.1914,8.0771,7.4522,6.1039,3.7134,-0.17491,-6.1751,-14.925,-25.884,-30.425,18.713,44.429,26.997,32.28,-4.7708,-43.055,-61.018,-61.255,-43.836,-6.3699,29.571,24.535,41.643,20.167,-31.788,-26.91,-15.344,-6.1586,0.1246,4.1992,6.7134,8.1399,8.8046,8.9236,8.6317,8.0038,7.0707,5.831,4.2602,2.3175,-0.047363,-0.015509
-0.015417,-0.046809,1.9288,3.5589,4.8679,5.8769,6.5973,7.025,7.136,6.8832,6.197,4.9917,3.1796,0.67386,-2.7199,-7.8764,-18.131,-40.557,27.277,26.721,34.134,30.279,-4.6536,-40.879,-58.486,-58.768,-41.816,-6.5201,27.352,31.162,23.104,27.683,-41.745,-18.709,-8.0421,-2.6157,0.97842,3.6385,5.5652,6.8481,7.5765,7.8373,7.7013,7.2175,6.4126,5.2946,3.8568,2.0837,-0.042998,-0.014151
-0.015708,-0.047421,1.6869,3.1384,4.3062,5.1916,5.7927,6.0996,6.0934,5.7472,5.0345,3.9468,2.5283,0.92562,-0.58978,-1.9696,-6.4669,-41.867,15.538,19.32,39.575,30.261,-3.9778,-38.787,-56.204,-56.55,-39.941,-6.2374,26.821,35.76,15.45,15.602,-43.435,-6.6356,-1.9318,-0.43822,1.2131,2.9493,4.4788,5.6466,6.4062,6.7657,6.7525,6.3953,5.7156,4.7268,3.4352,1.8445,-0.039229,-0.012981
-0.016098,-0.048372,1.4509,2.7218,3.7446,4.5059,4.9934,5.1925,5.0848,4.6494,3.8671,2.7266,1.225,-0.66392,-3.1281,-6.894,-13.415,-17.595,24.356,17.183,34.662,27.589,-4.1051,-37.159,-54.261,-54.687,-38.578,-6.8466,23.448,29.793,12.727,24.976,-18.421,-13.763,-7.1064,-3.1368,-0.47522,1.5772,3.2053,4.4361,5.2736,5.73,5.8255,5.583,5.0231,4.1638,3.0213,1.6133,-0.035789,-0.011908
-0.016517,-0.049448,1.2306,2.328,3.21,3.8525,4.2357,4.3405,4.1466,3.6314,2.7693,1.5281,-0.1418,-2.3314,-5.1821,-8.6662,-11.144,-3.3507,25.663,20.233,30.797,24.386,-4.7113,-35.941,-52.637,-53.15,-37.639,-7.9228,19.684,25.556,16.212,24.522,-2.2813,-12.295,-9.3452,-5.3989,-2.2523,0.137,1.9506,3.2939,4.2213,4.7667,4.9569,4.8163,4.3673,3.6319,2.6333,1.3995,-0.032465,-0.010859
-0.016905,-0.050466,1.0323,1.9701,2.7214,3.2554,3.5474,3.5761,3.3207,2.7589,1.8655,0.60986,-1.0426,-3.1124,-5.5121,-7.7207,-8.2713,6.4499,16.24,26.531,30.786,22.274,-5.2509,-34.933,-51.235,-51.839,-36.913,-8.9073,17.117,25.355,22.519,13.529,6.8342,-9.1379,-8.0851,-5.6425,-3.0522,-0.81244,0.98231,2.3476,3.3162,3.9181,4.1792,4.1228,3.7716,3.1495,2.284,1.2094,-0.029078,-0.0097781
-0.017212,-0.051281,0.85987,1.656,2.2908,2.7297,2.9466,2.9207,2.6346,2.0724,1.22,0.069632,-1.3653,-3.0119,-4.6505,-5.6251,-2.8492,3.846,18.608,26.75,29.89,20.401,-5.7713,-34.067,-49.985,-50.687,-36.34,-9.8839,14.745,23.998,22.043,15.257,3.9121,-3.5594,-5.8483,-4.7951,-3.0102,-1.1966,0.38863,1.6595,2.5984,3.2117,3.5134,3.5201,3.2507,2.7281,1.9809,1.0465,-0.025475,-0.0086124
-0.017407,-0.051784,0.71509,1.3896,1.9237,2.2821,2.4398,2.3796,2.0907,1.5675,0.81149,-0.16073,-1.2911,-2.4166,-3.1681,-3.093,-4.3767,7.1279,18.813,27.06,28.945,18.736,-6.2663,-33.301,-48.845,-49.649,-35.882,-10.856,12.519,22.399,21.476,14.929,7.1949,-4.1138,-3.763,-3.5902,-2.5502,-1.2023,0.10105,1.2082,2.0634,2.6495,2.9645,3.0143,2.8107,2.3726,1.7274,0.91243,-0.021563,-0.0073345
-0.017462,-0.051887,0.598,1.1714,1.6208,1.9124,2.0239,1.9436,1.6692,1.2065,0.56788,-0.22828,-1.1547,-2.1688,-3.2227,-4.2806,0.72364,4.0298,21.629,28.472,28.453,17.364,-6.7079,-32.609,-47.787,-48.699,-35.504,-11.776,10.604,21.383,22.567,17.86,2.5726,1.2076,-5.0761,-3.6279,-2.3191,-1.1098,-0.014576,0.92443,1.6741,2.2117,2.5229,2.6014,2.4505,2.0833,1.5235,0.80688,-0.017251,-0.0059155
-0.017359,-0.05153,0.50759,0.99974,1.3795,1.6155,1.6891,1.5947,1.3393,0.94159,0.4268,-0.18333,-0.88138,-1.6689,-2.5167,-2.9457,0.26329,9.5865,20.009,27.547,27.369,16.012,-7.1473,-31.987,-46.801,-47.822,-35.2,-12.684,8.7404,19.861,21.396,16.035,6.8322,0.32616,-3.6233,-2.7349,-1.8186,-0.89139,-0.025938,0.74015,1.3809,1.8668,2.1699,2.2712,2.1644,1.8564,1.3669,0.72848,-0.012485,-0.0043409
-0.017086,-0.050664,0.44221,0.87165,1.1954,1.3847,1.4243,1.3133,1.0673,0.71923,0.31295,-0.11776,-0.57971,-1.0875,-1.5346,-4.1381,2.1064,11.58,20.886,27.118,26.279,14.744,-7.5708,-31.422,-45.874,-47.007,-34.954,-13.575,6.9541,18.257,20.382,16.054,8.3939,2.1015,-3.8262,-2.2717,-1.5223,-0.73205,-0.041072,0.57777,1.1303,1.5808,1.8851,2.0112,1.9445,1.6866,1.2538,0.67509,-0.0072271,-0.0026002
-0.016626,-0.049242,0.39973,0.78336,1.0634,1.214,1.2212,1.0857,0.82738,0.49194,0.14941,-0.14373,-0.48416,-1.3429,-2.6062,-1.1103,-0.79035,14.908,22.92,27.349,25.421,13.619,-7.9574,-30.898,-44.998,-46.242,-34.749,-14.424,5.3158,16.88,20.094,17.686,11.775,-1.9439,-0.84072,-3.3076,-1.7174,-0.68157,-0.12196,0.37486,0.87872,1.3282,1.654,1.812,1.7832,1.5676,1.1793,0.64397,-0.0014301,-0.00067893
-0.01597,-0.047226,0.37728,0.73003,0.97853,1.0995,1.0785,0.91235,0.61636,0.24003,-0.10541,-0.22148,0.080486,0.21989,-3.979,-0.96304,4.0413,14.274,22.676,26.933,24.483,12.566,-8.3181,-30.41,-44.164,-45.521,-34.576,-15.235,3.7647,15.446,19.21,17.065,10.819,2.054,-0.9044,-4.153,-0.37893,-0.27628,-0.27342,0.082832,0.60429,1.1034,1.4744,1.6697,1.6746,1.4924,1.1373,0.63148,0.0049224,0.0014262
-0.0151,-0.044568,0.37045,0.7045,0.93322,1.037,0.99988,0.81054,0.46606,-0.014696,-0.55171,-0.89697,-0.43157,1.4118,-4.0745,2.4673,5.7359,14.528,22.335,26.272,23.484,11.566,-8.6567,-29.952,-43.369,-44.837,-34.427,-16.009,2.2871,13.972,18.091,16.288,10.573,3.2674,2.1878,-3.6751,0.36969,-0.88498,-0.96873,-0.38427,0.3258,0.93309,1.3595,1.5852,1.6123,1.4519,1.1193,0.63238,0.011876,0.0037318
-0.013996,-0.04122,0.37251,0.69582,0.91497,1.0161,0.98453,0.80407,0.45523,-0.08606,-0.84404,-1.7872,-2.3395,2.3766,-1.5263,-0.92557,9.5236,16.737,22.871,25.841,22.563,10.643,-8.9666,-29.519,-42.608,-44.185,-34.293,-16.735,0.91376,12.615,17.286,16.595,12.828,7.4218,-3.222,-1.3397,1.2529,-2.5108,-1.8191,-0.71619,0.20704,0.88521,1.3282,1.555,1.5841,1.4321,1.1131,0.63914,0.019465,0.006253
-0.012647,-0.037153,0.37445,0.68885,0.90386,1.0131,1.0075,0.8761,0.60644,0.19262,-0.33251,-0.81594,-0.989,-1.7766,-0.91723,0.66637,10.054,17.667,23.245,25.465,21.708,9.7925,-9.2486,-29.108,-41.88,-43.562,-34.17,-17.413,-0.3638,11.342,16.515,16.575,13.261,7.1931,-1.707,-0.98126,-1.3261,-1.9131,-1.2439,-0.38945,0.38662,0.97724,1.3631,1.5542,1.5659,1.412,1.1024,0.64196,0.027708,0.0089971
-0.01103,-0.032332,0.36651,0.66678,0.87536,0.99224,1.0138,0.93361,0.73961,0.40424,-0.13049,-0.98209,-2.812,-0.79041,-6.3093,5.461,12.609,18.89,23.622,25.116,20.903,9.0002,-9.5099,-28.719,-41.185,-42.967,-34.056,-18.051,-1.5623,10.13,15.761,16.537,14.097,9.6022,3.611,-7.8193,-0.54362,-3.4808,-1.2677,-0.23257,0.52694,1.0537,1.3802,1.5311,1.5227,1.3666,1.0695,0.63033,0.03664,0.011986
-0.0091493,-0.026785,0.34127,0.61662,0.80953,0.92243,0.95309,0.89564,0.73339,0.40071,-0.31344,-1.7347,-2.3344,-0.56603,-2.7898,5.3071,12.767,19.115,23.597,24.651,20.097,8.2423,-9.7608,-28.356,-40.523,-42.403,-33.954,-18.656,-2.7043,8.9322,14.889,16.084,13.899,9.3949,3.134,-4.3798,-0.74381,-1.8248,-2.5529,-0.65247,0.41902,0.98822,1.3017,1.4378,1.4238,1.2754,1.0004,0.59605,0.046218,0.015216
-0.0071255,-0.020688,0.29687,0.53464,0.70022,0.79364,0.80827,0.73495,0.56964,0.29194,-0.3406,-2.635,-0.95481,-1.4374,0.86678,6.468,12.981,19.033,23.303,24.062,19.272,7.5046,-10.009,-28.02,-39.896,-41.868,-33.864,-19.235,-3.8019,7.7333,13.904,15.377,13.427,9.3138,4.1875,-0.53346,-2.4198,-0.71239,-3.3017,-0.4762,0.319,0.79174,1.1076,1.2592,1.2591,1.1312,0.89039,0.53664,0.056228,0.018526
-0.0044412,-0.013537,0.23708,0.42813,0.55847,0.62385,0.60609,0.47413,0.21412,-0.097667,-0.34846,-1.7729,-0.054046,-0.76524,2.5569,7.5151,13.335,18.942,22.911,23.401,18.436,6.7844,-10.255,-27.71,-39.304,-41.361,-33.784,-19.789,-4.855,6.5477,12.87,14.6,12.979,9.3856,5.0469,0.98763,-2.0071,-0.18098,-1.2442,-1.0256,-0.32346,0.34789,0.8076,1.0201,1.0448,0.94355,0.74627,0.4557,0.067378,0.02263
-0.0035598,-0.0082188,0.17632,0.31388,0.40716,0.45353,0.42649,0.2586,-0.13646,-0.64018,-0.07519,-0.52228,-0.63877,0.83909,4.0166,8.5328,13.81,18.936,22.525,22.725,17.607,6.0853,-10.5,-27.426,-38.743,-40.88,-33.71,-20.313,-5.8581,5.3966,11.847,13.856,12.645,9.6094,5.9287,2.4636,-0.18488,-1.7394,-0.24925,-0.55429,-0.72461,0.035576,0.59292,0.80778,0.81969,0.73405,0.58644,0.37156,0.075814,0.024145
0.0047592,0.0056546,0.11395,0.20529,0.26417,0.31036,0.33697,0.27795,-0.056,-0.9083,0.43172,-0.39522,-0.59743,1.7857,5.1688,9.451,14.32,18.999,22.178,22.064,16.8,5.4116,-10.74,-27.162,-38.212,-40.422,-33.637,-20.805,-6.8064,4.2951,10.864,13.174,12.393,9.863,6.6721,3.5194,0.66846,-1.9077,-0.67109,1.1926,-1.6708,-0.010323,0.59265,0.66997,0.60329,0.51971,0.42745,0.28388,0.096418,0.036582
-0.013829,-0.011171,0.12211,0.1326,0.1398,0.17537,0.26104,0.41188,0.50793,-1.034,0.13528,-2.7303,1.2389,3.3746,6.3282,10.257,14.774,19.067,21.856,21.427,16.021,4.7648,-10.973,-26.916,-37.707,-39.982,-33.564,-21.263,-7.6981,3.2486,9.9289,12.532,12.148,10.04,7.2654,4.5778,2.3938,0.55617,-4.1983,0.29762,-1.7326,1.0627,0.83217,0.54095,0.38054,0.32021,0.31663,0.31196,0.068708,0.0052483
0.046056,0.06379,0.05463,0.056737,0.055757,0.05598,0.056256,0.055197,0.059654,0.041361,0.13703,-0.97945,1.3464,3.786,6.8379,10.689,15.027,19.054,21.52,20.804,15.268,4.1437,-11.199,-26.687,-37.225,-39.558,-33.486,-21.687,-8.5347,2.2551,9.0294,11.89,11.82,9.9855,7.4027,4.7973,2.51,0.41106,-1.8991,0.22052,0.16163,0.1839,0.17926,0.18046,0.18061,0.17924,0.18373,0.17047,0.21928,0.13609
-0.016185,-0.015174,0.13054,0.13011,0.14029,0.17646,0.25828,0.41904,0.48995,-0.9896,1.0748,0.2811,1.7271,4.0059,7.0382,10.84,15.073,18.922,21.141,20.181,14.535,3.5451,-11.42,-26.472,-36.764,-39.149,-33.402,-22.076,-9.319,1.3098,8.1543,11.224,11.384,9.7269,7.2479,4.679,2.3913,0.4814,-0.68549,1.3889,-1.5861,1.0091,0.84915,0.53508,0.38268,0.32043,0.31391,0.32154,0.06418,0.0025706
-0.021425,0.013401,0.13288,0.19764,0.25897,0.34158,0.455,0.57252,0.51713,-0.03545,0.93794,1.1672,2.3114,4.3196,7.1883,10.867,14.981,18.684,20.706,19.548,13.817,2.9659,-11.635,-26.27,-36.323,-38.751,-33.312,-22.433,-10.054,0.40952,7.299,10.533,10.875,9.3711,7.0275,4.6095,2.547,1.0423,0.34286,0.7634,-0.34586,0.80497,0.95461,0.76867,0.59223,0.47437,0.39597,0.30263,0.092684,-0.0076362
-0.0053645,0.051073,0.16088,0.26696,0.37575,0.49739,0.62944,0.74068,0.75609,0.68989,1.204,1.7531,2.8421,4.6729,7.3576,10.865,14.823,18.371,20.224,18.903,13.11,2.4032,-11.846,-26.082,-35.9,-38.365,-33.214,-22.757,-10.741,-0.44724,6.465,9.8312,10.336,8.9993,6.8403,4.6367,2.8229,1.5724,0.93851,0.80525,0.45766,0.85965,0.98381,0.88457,0.72966,0.58425,0.45245,0.30935,0.13418,0.017486
0.01178,0.087236,0.20471,0.33951,0.48582,0.64273,0.80363,0.95095,1.0684,1.2156,1.6288,2.2574,3.324,5.0389,7.558,10.878,14.646,18.019,19.707,18.247,12.414,1.8554,-12.055,-25.905,-35.494,-37.988,-33.109,-23.051,-11.382,-1.2605,5.6569,9.1361,9.8008,8.6521,6.7073,4.7285,3.1244,2.025,1.4029,1.1194,0.94143,1.0308,1.0546,0.96401,0.81744,0.65734,0.49684,0.33301,0.16901,0.040831
0.024661,0.11873,0.25189,0.4117,0.59023,0.78212,0.98096,1.1799,1.3844,1.6441,2.0701,2.7291,3.7791,5.4109,7.7867,10.918,14.479,17.655,19.172,17.585,11.727,1.3211,-12.26,-25.739,-35.105,-37.62,-32.994,-23.313,-11.978,-2.03,4.8798,8.4605,9.2881,8.3432,6.6223,4.8562,3.4224,2.4241,1.8136,1.4762,1.2896,1.228,1.1604,1.0411,0.88361,0.7097,0.53234,0.35754,0.19335,0.055033
0.033161,0.14454,0.29642,0.48074,0.68982,0.91723,1.1577,1.4099,1.6848,2.0203,2.4875,3.1729,4.2137,5.7832,8.0354,10.986,14.332,17.294,18.63,16.923,11.051,0.79966,-12.462,-25.584,-34.73,-37.26,-32.871,-23.547,-12.53,-2.7556,4.1373,7.8129,8.8071,8.0729,6.573,5.0008,3.7071,2.7831,2.1824,1.8104,1.5766,1.4233,1.2832,1.1235,0.9432,0.7523,0.56083,0.3767,0.20773,0.061567
0.038408,0.16524,0.33668,0.5458,0.78518,1.0483,1.3308,1.6333,1.9671,2.3625,2.8752,3.5888,4.6278,6.1494,8.2942,11.075,14.206,16.944,18.091,16.264,10.386,0.2904,-12.662,-25.439,-34.369,-36.907,-32.739,-23.751,-13.04,-3.4378,3.4319,7.198,8.36,7.836,6.5475,5.1501,3.9742,3.1079,2.5132,2.1117,1.8289,1.6101,1.4116,1.2106,1.0022,0.79107,0.58462,0.39023,0.21474,0.063249
0.041586,0.18224,0.37328,0.60745,0.87714,1.1757,1.499,1.848,2.233,2.6796,3.2357,3.9781,5.0202,6.5038,8.5542,11.177,14.097,16.608,17.56,15.613,9.733,-0.20728,-12.859,-25.303,-34.021,-36.56,-32.598,-23.928,-13.51,-4.0775,2.7643,6.6172,7.9451,7.6258,6.536,5.2962,4.2214,3.4018,2.8105,2.3831,2.0575,1.7872,1.5405,1.3005,1.0625,0.82905,0.60606,0.40009,0.21732,0.062338
0.043647,0.19709,0.40762,0.66697,0.96686,1.3002,1.6626,2.0545,2.4851,2.9769,3.5727,4.3427,5.3902,6.8422,8.8082,11.283,14.001,16.286,17.04,14.972,9.092,-0.69404,-13.054,-25.175,-33.685,-36.219,-32.449,-24.079,-13.942,-4.676,2.1345,6.0702,7.5594,7.4361,6.5314,5.4342,4.4482,3.6682,3.0794,2.6298,2.268,1.9555,1.6677,1.3919,1.1246,0.86791,0.62714,0.40848,0.21791,0.060322
0.045287,0.21115,0.4412,0.72579,1.0556,1.4229,1.8224,2.2541,2.7258,3.2579,3.8894,4.6849,5.738,7.1621,9.0508,11.388,13.911,15.975,16.531,14.342,8.4631,-1.1706,-13.248,-25.056,-33.361,-35.884,-32.292,-24.206,-14.337,-5.235,1.5415,5.5554,7.1994,7.2616,6.5288,5.5614,4.655,3.9104,3.3241,2.8561,2.464,2.1161,1.7926,1.4842,1.1887,0.90861,0.64933,0.41712,0.21823,0.058082
0.046985,0.22546,0.47527,0.7852,1.1447,1.5448,1.9796,2.4482,2.9572,3.5254,4.1887,5.0066,6.0642,7.4621,9.2786,11.486,13.824,15.673,16.032,13.723,7.8462,-1.6377,-13.44,-24.944,-33.048,-35.554,-32.127,-24.31,-14.698,-5.7563,0.98393,5.071,6.8619,7.0985,6.5251,5.6769,4.8432,4.1312,3.5486,3.0658,2.6483,2.2701,1.9154,1.5772,1.2548,0.95168,0.67353,0.42714,0.21928,0.056098
0.049053,0.24077,0.51079,0.8462,1.235,1.667,2.1353,2.6381,3.1811,3.7814,4.4727,5.3097,6.3697,7.7418,9.4895,11.573,13.734,15.375,15.543,13.115,7.2409,-2.0961,-13.632,-24.841,-32.747,-35.231,-31.956,-24.392,-15.027,-6.2416,0.46028,4.615,6.5441,6.9438,6.5184,5.7804,5.0142,4.3335,3.7561,3.2617,2.823,2.4188,2.0364,1.6709,1.3231,0.99737,0.70023,0.43914,0.22162,0.054603
0.051692,0.25757,0.54842,0.9095,1.3272,1.7901,2.2903,2.8248,3.3987,4.0277,4.7431,5.5957,6.6557,8.0012,9.6823,11.648,13.64,15.081,15.062,12.518,6.6466,-2.5465,-13.823,-24.746,-32.456,-34.913,-31.779,-24.455,-15.325,-6.6929,-0.031127,4.1856,6.2439,6.7956,6.508,5.8725,5.1699,4.5197,3.9492,3.4462,2.9899,2.5631,2.1559,1.7654,1.3935,1.0457,0.72959,0.45338,0.22549,0.053694
0.055028,0.27618,0.58859,0.97559,1.4219,1.9148,2.4451,3.0092,3.611,4.2653,5.0014,5.8661,6.9233,8.2409,9.8566,11.709,13.538,14.787,14.588,11.931,6.0628,-2.9896,-14.014,-24.658,-32.176,-34.601,-31.597,-24.499,-15.595,-7.1118,-0.4919,3.7809,5.9593,6.6529,6.4936,5.9543,5.3121,4.6922,4.13,3.6212,3.1503,2.7038,2.2743,1.8606,1.4659,1.0967,0.76161,0.4699,0.23092,0.053391
0.059142,0.2968,0.63157,1.0448,1.5194,2.0413,2.6003,3.1917,3.8188,4.4953,5.2486,6.1221,7.1734,8.4615,10.012,11.755,13.428,14.493,14.12,11.354,5.4888,-3.426,-14.205,-24.578,-31.906,-34.294,-31.41,-24.526,-15.838,-7.5001,-0.92359,3.3994,5.6892,6.5147,6.4754,6.0267,5.4424,4.8527,4.3005,3.7882,3.3052,2.8415,2.3919,1.9566,1.5401,1.1501,0.79617,0.48863,0.2379,0.05368
0.064086,0.31956,0.67751,1.1172,1.6198,2.1698,2.7559,3.3727,4.0226,4.7183,5.4856,6.3645,7.4072,8.6639,10.15,11.786,13.309,14.196,13.656,10.785,4.9241,-3.8563,-14.396,-24.506,-31.646,-33.994,-31.22,-24.537,-16.056,-7.8593,-1.3277,3.0399,5.4325,6.381,6.454,6.0909,5.5625,5.003,4.4621,3.9483,3.4556,2.9768,2.5089,2.0534,1.6162,1.2058,0.8331,0.50944,0.24634,0.054532
0.069898,0.34453,0.72651,1.1929,1.7233,2.3005,2.9123,3.5525,4.2228,4.9349,5.713,6.5943,7.6254,8.8488,10.27,11.801,13.179,13.896,13.196,10.223,4.368,-4.281,-14.589,-24.441,-31.397,-33.7,-31.026,-24.533,-16.25,-8.191,-1.7055,2.7011,5.1886,6.2515,6.4299,6.1481,5.6736,5.1444,4.6161,4.1026,3.6021,3.1101,2.6254,2.151,1.6938,1.2636,0.87223,0.53219,0.25614,0.055911
0.076601,0.37176,0.7786,1.272,1.8297,2.4333,3.0694,3.7311,4.4194,5.1454,5.9315,6.812,7.8288,9.017,10.373,11.801,13.039,13.592,12.738,9.669,3.82,-4.7005,-14.782,-24.384,-31.157,-33.412,-30.829,-24.516,-16.422,-8.4964,-2.0582,2.3822,4.9568,6.1263,6.4038,6.1994,5.7772,5.2783,4.7636,4.252,3.7452,3.2416,2.7416,2.2494,1.773,1.3234,0.91338,0.55672,0.2672,0.05778
0.084215,0.40125,0.83378,1.3545,1.9392,2.5682,3.2272,3.9086,4.6128,5.35,6.1413,7.0183,8.0181,9.1691,10.46,11.787,12.888,13.283,12.281,9.1212,3.2795,-5.1153,-14.977,-24.334,-30.927,-33.13,-30.63,-24.485,-16.573,-8.777,-2.3871,2.0822,4.7369,6.0057,6.3765,6.2457,5.8743,5.4057,4.9055,4.397,3.8855,3.3716,2.8574,2.3484,1.8536,1.385,0.95641,0.58291,0.27944,0.060105
0.09275,0.43302,0.89204,1.4402,2.0516,2.7051,3.3857,4.085,4.8029,5.549,6.3429,7.2135,8.1939,9.3058,10.53,11.758,12.726,12.969,11.826,8.5791,2.7461,-5.5256,-15.173,-24.29,-30.707,-32.854,-30.428,-24.444,-16.705,-9.034,-2.6932,1.8003,4.5284,5.8898,6.3485,6.2881,5.9659,5.5274,5.0425,4.5383,4.0233,3.5004,2.9731,2.4482,1.9355,1.4482,1.0012,0.61063,0.29275,0.062851
0.10222,0.46707,0.95333,1.5291,2.1668,2.844,3.5447,4.2602,4.9898,5.7424,6.5363,7.3981,8.3566,9.4276,10.585,11.714,12.554,12.651,11.372,8.0422,2.2193,-5.9318,-15.37,-24.254,-30.495,-32.585,-30.226,-24.391,-16.817,-9.2684,-2.9775,1.536,4.3313,5.7789,6.3206,6.3274,6.0529,5.6444,5.1753,4.6763,4.159,3.6281,3.0887,2.5486,2.0186,1.5129,1.0475,0.63976,0.30707,0.065988
0.11261,0.50336,1.0176,1.6212,2.2847,2.9847,3.7042,4.4341,5.1735,5.9303,6.7219,7.5724,8.5066,9.535,10.625,11.657,12.371,12.326,10.918,7.51,1.6985,-6.3342,-15.568,-24.225,-30.292,-32.321,-30.022,-24.328,-16.912,-9.4814,-3.2409,1.2886,4.1453,5.6733,6.2933,6.3643,6.1362,5.7574,5.3044,4.8116,4.2928,3.755,3.2043,2.6497,2.103,1.5791,1.0954,0.67022,0.32232,0.069487
0.12394,0.54187,1.0848,1.7162,2.4052,3.127,3.8641,4.6068,5.3539,6.1128,6.8997,7.7365,8.6443,9.6285,10.65,11.587,12.178,11.997,10.465,6.9821,1.1836,-6.7329,-15.768,-24.202,-30.098,-32.063,-29.817,-24.255,-16.99,-9.674,-3.4843,1.0576,3.9702,5.5732,6.2671,6.3995,6.2164,5.867,5.4306,4.9445,4.4251,3.8811,3.32,2.7514,2.1884,1.6467,1.1447,0.70191,0.33843,0.07332
0.1362,0.58257,1.1548,1.8142,2.5282,3.2708,4.0241,4.778,5.5309,6.2899,7.0698,7.8907,8.7701,9.7084,10.662,11.503,11.975,11.661,10.01,6.4581,0.67392,-7.1283,-15.969,-24.185,-29.912,-31.812,-29.612,-24.174,-17.052,-9.8471,-3.7084,0.84242,3.806,5.4789,6.2426,6.4337,6.2941,5.9737,5.5541,5.0753,4.5561,4.0067,3.4357,2.8539,2.275,1.7157,1.1953,0.73477,0.35536,0.077463
0.14937,0.6254,1.2276,1.915,2.6534,3.4161,4.1843,4.9477,5.7046,6.4615,7.2324,8.0352,8.8842,9.7753,10.66,11.407,11.762,11.321,9.5556,5.9377,0.1693,-7.5206,-16.171,-24.174,-29.735,-31.565,-29.406,-24.084,-17.099,-10.002,-3.914,0.64265,3.6526,5.3906,6.2202,6.4674,6.37,6.0781,5.6754,5.2045,4.686,4.1318,3.5517,2.9571,2.3626,1.7859,1.2472,0.76874,0.37304,0.081894
0.16345,0.67032,1.303,2.0184,2.7808,3.5625,4.3443,5.1157,5.8748,6.6277,7.3875,8.1702,8.9869,9.8294,10.644,11.298,11.539,10.974,9.1001,5.4204,-0.33061,-7.9098,-16.375,-24.168,-29.565,-31.325,-29.2,-23.987,-17.132,-10.138,-4.1019,0.45784,3.5098,5.3084,6.2004,6.5012,6.4446,6.1807,5.795,5.3323,4.8151,4.2567,3.668,3.0611,2.4514,1.8574,1.3004,0.80375,0.39145,0.086592
0.17842,0.71726,1.3809,2.1243,2.9101,3.7099,4.5041,5.2819,6.0414,6.7885,7.5352,8.2957,9.0785,9.8711,10.616,11.178,11.307,10.622,8.6437,4.906,-0.82609,-8.2961,-16.58,-24.169,-29.402,-31.09,-28.994,-23.883,-17.152,-10.258,-4.2726,0.28756,3.3775,5.2327,6.1835,6.5355,6.5184,6.2819,5.9132,5.4589,4.9436,4.3816,3.7847,3.1659,2.5413,1.9301,1.3547,0.83977,0.41053,0.091538
0.19427,0.76615,1.4613,2.2325,3.0412,3.8582,4.6634,5.4462,6.2044,6.9438,7.6755,8.4121,9.1591,9.9006,10.575,11.045,11.065,10.265,8.1863,4.3943,-1.3174,-8.6798,-16.785,-24.174,-29.247,-30.861,-28.788,-23.772,-17.159,-10.362,-4.427,0.13142,3.2557,5.1634,6.1698,6.5708,6.5918,6.3821,6.0303,5.5848,5.0716,4.5064,3.9019,3.2716,2.6323,2.004,1.4103,0.87677,0.43026,0.096717
0.21098,0.81692,1.5439,2.3428,3.1739,4.0071,4.8221,5.6084,6.3637,7.0935,7.8084,8.5193,9.2291,9.9182,10.522,10.902,10.815,9.9023,7.7278,3.8851,-1.8048,-9.0609,-16.992,-24.184,-29.098,-30.637,-28.583,-23.654,-17.153,-10.45,-4.5655,-0.010975,3.1441,5.1008,6.1597,6.6073,6.6652,6.4817,6.1466,5.71,5.1994,4.6315,4.0196,3.3782,2.7244,2.0792,1.467,0.91473,0.45061,0.10211
0.22851,0.86948,1.6287,2.4552,3.3079,4.1564,4.9801,5.7683,6.5191,7.2378,7.9341,8.6175,9.2885,9.9243,10.457,10.748,10.555,9.5344,7.2681,3.3781,-2.2884,-9.4394,-17.2,-24.2,-28.957,-30.418,-28.378,-23.531,-17.137,-10.524,-4.6887,-0.14,3.0428,5.045,6.1534,6.6456,6.7389,6.581,6.2625,5.8349,5.3271,4.7568,4.1381,3.4859,2.8178,2.1557,1.5249,0.95362,0.47157,0.10772
0.24684,0.92374,1.7155,2.5693,3.4432,4.306,5.1371,5.9259,6.6707,7.3765,8.0525,8.7068,9.3375,9.9191,10.381,10.582,10.288,9.1614,6.8072,2.8733,-2.7685,-9.8156,-17.408,-24.219,-28.821,-30.204,-28.174,-23.403,-17.11,-10.583,-4.7974,-0.25603,2.9515,4.996,6.1511,6.6859,6.8133,6.6803,6.3781,5.9597,5.455,4.8827,4.2575,3.5946,2.9124,2.2334,1.5839,0.99344,0.49312,0.11352
0.26595,0.9796,1.8041,2.685,3.5794,4.4556,5.2929,6.081,6.8182,7.5095,8.1636,8.7873,9.3765,9.9029,10.294,10.407,10.012,8.7834,6.3451,2.3704,-3.2452,-10.189,-17.617,-24.243,-28.692,-29.995,-27.97,-23.269,-17.072,-10.629,-4.8919,-0.35942,2.8701,4.9539,6.1531,6.7284,6.8888,6.7799,6.4939,6.0846,5.5833,5.0092,4.3777,3.7045,3.0084,2.3125,1.6441,1.0342,0.51524,0.1195
0.2858,1.037,1.8944,2.8021,3.7163,4.605,5.4474,6.2335,6.9616,7.637,8.2676,8.8591,9.4055,9.8758,10.195,10.221,9.7276,8.4005,5.8818,1.8694,-3.7186,-10.561,-17.827,-24.271,-28.568,-29.79,-27.767,-23.131,-17.025,-10.663,-4.9728,-0.45054,2.7985,4.9188,6.1596,6.7735,6.9655,6.8801,6.6099,6.2098,5.712,5.1365,4.499,3.8157,3.1057,2.3929,1.7056,1.0759,0.53795,0.12567
0.30635,1.0957,1.9862,2.9204,3.8538,4.754,5.6004,6.3831,7.1008,7.7587,8.3644,8.9223,9.4247,9.8382,10.086,10.026,9.4359,8.0129,5.4173,1.3702,-4.1888,-10.93,-18.038,-24.303,-28.451,-29.591,-27.565,-22.989,-16.969,-10.684,-5.0407,-0.52974,2.7366,4.8906,6.1706,6.8213,7.0437,6.9812,6.7265,6.3356,5.8414,5.2647,4.6215,3.9282,3.2045,2.4748,1.7683,1.1186,0.56124,0.13203
0.32757,1.1557,2.0793,3.0397,3.9915,4.9023,5.7517,6.5298,7.2357,7.8748,8.4541,8.9771,9.4343,9.7903,9.9664,9.8214,9.1367,7.6208,4.9516,0.8728,-4.656,-11.297,-18.249,-24.339,-28.338,-29.395,-27.365,-22.843,-16.904,-10.693,-5.0961,-0.59739,2.684,4.8694,6.1863,6.8721,7.1236,7.0832,6.8438,6.462,5.9717,5.394,4.7453,4.0423,3.3049,2.5581,1.8323,1.1622,0.58511,0.13856
0.3494,1.2169,2.1736,3.1596,4.1292,5.0498,5.901,6.6734,7.3663,7.9851,8.5367,9.0236,9.4345,9.7323,9.8368,9.6075,8.8303,7.2244,4.4849,0.37709,-5.1201,-11.662,-18.46,-24.377,-28.231,-29.205,-27.165,-22.693,-16.831,-10.692,-5.1394,-0.65384,2.6407,4.8551,6.2068,6.9259,7.2055,7.1865,6.962,6.5893,6.1029,5.5245,4.8705,4.1579,3.4069,2.6431,1.8977,1.2068,0.60959,0.14527
0.37181,1.2791,2.2687,3.2801,4.2668,5.1962,6.0482,6.8137,7.4923,8.0896,8.6122,9.0617,9.4255,9.6645,9.6975,9.3847,8.5169,6.8238,4.0172,-0.11689,-5.5812,-12.025,-18.672,-24.419,-28.128,-29.018,-26.966,-22.54,-16.751,-10.679,-5.1712,-0.69947,2.6065,4.8478,6.2322,6.983,7.2895,7.2913,7.0813,6.7177,6.2354,5.6563,4.9973,4.2753,3.5106,2.7296,1.9644,1.2525,0.63468,0.15216
0.39475,1.3421,2.3646,3.4007,4.4039,5.3413,6.1932,6.9506,7.6138,8.1884,8.6808,9.0918,9.4074,9.5871,9.5487,9.1534,8.1968,6.4192,3.5486,-0.60913,-6.0394,-12.385,-18.883,-24.464,-28.031,-28.836,-26.769,-22.384,-16.663,-10.657,-5.192,-0.73463,2.5811,4.8472,6.2625,7.0435,7.3758,7.3976,7.2019,6.8473,6.3692,5.7897,5.1259,4.3944,3.6162,2.8179,2.0326,1.2992,0.66041,0.15924
0.41816,1.4058,2.461,3.5214,4.5402,5.4848,6.3356,7.084,7.7306,8.2813,8.7424,9.1138,9.3805,9.5004,9.3907,8.9138,7.8704,6.0109,3.0793,-1.0996,-6.4945,-12.743,-19.095,-24.512,-27.937,-28.658,-26.574,-22.226,-16.569,-10.626,-5.2023,-0.75972,2.5643,4.8534,6.2977,7.1074,7.4645,7.5057,7.324,6.9783,6.5044,5.9248,5.2562,4.5156,3.7237,2.9079,2.1023,1.3471,0.68679,0.16651
0.44199,1.4702,2.5577,3.6418,4.6756,5.6265,6.4753,7.2137,7.8427,8.3685,8.797,9.1279,9.3448,9.4046,9.2238,8.6663,7.5379,5.5991,2.6093,-1.5882,-6.9467,-13.098,-19.306,-24.562,-27.848,-28.483,-26.379,-22.065,-16.469,-10.585,-5.2025,-0.7751,2.5559,4.8663,6.3379,7.1749,7.5556,7.6156,7.4476,7.1108,6.6413,6.0617,5.3886,4.6388,3.8333,2.9998,2.1735,1.3961,0.71385,0.17398
0.46617,1.5349,2.6544,3.7616,4.8097,5.7662,6.6121,7.3396,7.9501,8.4498,8.8449,9.1343,9.3007,9.3,9.0483,8.4112,7.1996,5.1841,2.1389,-2.0749,-7.3958,-13.451,-19.518,-24.615,-27.764,-28.313,-26.186,-21.902,-16.363,-10.537,-5.1932,-0.78117,2.5556,4.8856,6.3829,7.2458,7.6494,7.7275,7.5729,7.2449,6.78,6.2005,5.5231,4.7642,3.945,3.0937,2.2464,1.4463,0.74161,0.18166
0.49065,1.5999,2.7509,3.8806,4.9423,5.9036,6.7458,7.4615,8.0525,8.5253,8.886,9.133,9.2483,9.1868,8.8645,8.1488,6.8559,4.7661,1.6683,-2.5595,-7.8417,-13.802,-19.728,-24.67,-27.683,-28.146,-25.995,-21.738,-16.252,-10.48,-5.1747,-0.77832,2.5632,4.9113,6.4328,7.3204,7.7458,7.8415,7.7,7.3809,6.9206,6.3415,5.6599,4.892,4.059,3.1896,2.321,1.4978,0.77011,0.18956
0.51536,1.6649,2.847,3.9986,5.073,6.0384,6.8762,7.5794,8.15,8.595,8.9204,9.1242,9.1879,9.0654,8.6728,7.8795,6.5069,4.3453,1.1976,-3.042,-8.2845,-14.15,-19.938,-24.726,-27.605,-27.983,-25.806,-21.572,-16.135,-10.416,-5.1477,-0.76695,2.5783,4.9431,6.4875,7.3986,7.8449,7.9577,7.8291,7.5188,7.0633,6.4848,5.799,5.0222,4.1753,3.2877,2.3973,1.5505,0.79935,0.19768
0.54022,1.7298,2.9424,4.1151,5.2017,6.1705,7.0032,7.6931,8.2426,8.6589,8.9482,9.1082,9.1196,8.9359,8.4734,7.6036,6.1532,3.9222,0.72712,-3.5221,-8.7239,-14.495,-20.148,-24.785,-27.531,-27.824,-25.618,-21.404,-16.015,-10.345,-5.1126,-0.74749,2.6006,4.9809,6.5468,7.4802,7.9468,8.0762,7.9603,7.6588,7.2083,6.6304,5.9408,5.155,4.2942,3.3879,2.4754,1.6046,0.82937,0.20604
0.56517,1.7944,3.0368,4.23,5.3281,6.2996,7.1265,7.8024,8.3301,8.717,8.9694,9.0849,9.0437,8.7987,8.2668,7.3214,5.7951,3.4969,0.25701,-3.9998,-9.1599,-14.838,-20.356,-24.844,-27.461,-27.668,-25.433,-21.236,-15.89,-10.267,-5.0699,-0.72036,2.6299,5.0245,6.6107,7.5654,8.0513,8.1969,8.0935,7.801,7.3556,6.7787,6.0852,5.2905,4.4155,3.4904,2.5554,1.66,0.86019,0.21464
0.59013,1.8585,3.1301,4.343,5.4518,6.4254,7.2459,7.9073,8.4125,8.7694,8.9843,9.0547,8.9604,8.6541,8.0531,7.0334,5.4328,3.0698,-0.21244,-4.4748,-9.5922,-15.177,-20.563,-24.906,-27.393,-27.516,-25.249,-21.067,-15.762,-10.184,-5.0201,-0.68598,2.6658,5.0737,6.679,7.6541,8.1587,8.32,8.229,7.9455,7.5053,6.9296,6.2325,5.4288,4.5395,3.5952,2.6372,1.7167,0.89182,0.22349
0.61501,1.9219,3.2219,4.4537,5.5726,6.5477,7.3614,8.0077,8.4899,8.8161,8.9929,9.0177,8.87,8.5024,7.8329,6.7399,5.0668,2.6413,-0.68096,-4.9469,-10.021,-15.513,-20.769,-24.968,-27.329,-27.367,-25.068,-20.898,-15.631,-10.096,-4.9637,-0.64479,2.7079,5.1281,6.7515,7.7461,8.2687,8.4454,8.3668,8.0924,7.6578,7.0834,6.3827,5.5701,4.6663,3.7024,2.721,1.7749,0.92427,0.2326
0.63975,1.9845,3.3119,4.5619,5.6902,6.6663,7.4726,8.1034,8.5621,8.8572,8.9954,8.9741,8.7727,8.3439,7.6064,6.4413,4.6974,2.2116,-1.1483,-5.4159,-10.445,-15.846,-20.973,-25.031,-27.267,-27.221,-24.888,-20.728,-15.497,-10.002,-4.9011,-0.59726,2.7558,5.1875,6.8281,7.8413,8.3815,8.5733,8.507,8.2418,7.813,7.2401,6.536,5.7143,4.7958,3.812,2.8067,1.8344,0.95755,0.24197
0.66426,2.046,3.4,4.6674,5.8044,6.781,7.5795,8.1944,8.6292,8.8927,8.9918,8.9241,8.6689,8.179,7.374,6.138,4.3251,1.7812,-1.614,-5.8815,-10.866,-16.175,-21.176,-25.095,-27.208,-27.078,-24.711,-20.559,-15.36,-9.9041,-4.833,-0.54384,2.8093,5.2516,6.9085,7.9397,8.4968,8.7035,8.6496,8.3939,7.971,7.3999,6.6925,5.8617,4.9282,3.9241,2.8944,1.8954,0.99167,0.2516
0.68845,2.1062,3.4858,4.7697,5.9149,6.8915,7.6819,8.2806,8.6912,8.9227,8.9824,8.8679,8.5587,8.0079,7.1362,5.8304,3.9502,1.3504,-2.0779,-6.3435,-11.282,-16.5,-21.377,-25.159,-27.152,-26.939,-24.536,-20.39,-15.222,-9.8023,-4.7598,-0.48499,2.8679,5.3202,6.9927,8.0411,8.6148,8.8362,8.7947,8.5487,8.1321,7.563,6.8523,6.0122,5.0634,4.0386,2.984,1.9578,1.0266,0.2615
0.71225,2.165,3.5692,4.8688,6.0215,6.9976,7.7796,8.3618,8.748,8.9473,8.9672,8.8058,8.4426,7.8311,6.8933,5.5189,3.5733,0.91959,-2.5397,-6.8016,-11.694,-16.822,-21.575,-25.224,-27.097,-26.802,-24.364,-20.222,-15.082,-9.6971,-4.682,-0.42119,2.9311,5.3929,7.0802,8.1453,8.7353,8.9713,8.9423,8.7063,8.2963,7.7294,7.0154,6.166,5.2016,4.1556,3.0756,2.0215,1.0624,0.27167
0.73557,2.2221,3.6499,4.9642,6.1238,7.0991,7.8725,8.4381,8.7996,8.9665,8.9465,8.738,8.3207,7.6489,6.6457,5.204,3.1946,0.48922,-2.9989,-7.2556,-12.1,-17.139,-21.772,-25.288,-27.045,-26.669,-24.194,-20.055,-14.941,-9.589,-4.6002,-0.35293,2.9987,5.4693,7.1709,8.2522,8.8581,9.1088,9.0926,8.8668,8.4637,7.8992,7.182,6.323,5.3427,4.2751,3.1691,2.0866,1.099,0.2821
0.75834,2.2774,3.7276,5.0559,6.2218,7.1959,7.9605,8.5093,8.8461,8.9804,8.9204,8.6647,8.1935,7.4616,6.3939,4.8861,2.8147,0.059688,-3.4552,-7.7051,-12.502,-17.452,-21.965,-25.353,-26.995,-26.539,-24.027,-19.888,-14.799,-9.4784,-4.5148,-0.28071,3.0701,5.5492,7.2646,8.3617,8.9833,9.2487,9.2454,9.0302,8.6344,8.0725,7.3521,6.4834,5.4867,4.397,3.2645,2.1531,1.1364,0.2928
0.78048,2.3308,3.8022,5.1435,6.3151,7.2878,8.0434,8.5754,8.8875,8.9892,8.8891,8.5862,8.0612,7.2697,6.1382,4.5657,2.434,-0.36859,-3.9082,-8.1497,-12.898,-17.76,-22.156,-25.417,-26.946,-26.411,-23.862,-19.724,-14.657,-9.3659,-4.4264,-0.20501,3.1449,5.6321,7.3608,8.4734,9.1107,9.3909,9.4009,9.1967,8.8085,8.2494,7.5257,6.647,5.6337,4.5213,3.3618,2.2209,1.1746,0.30375
0.80191,2.382,3.8735,5.2269,6.4037,7.3745,8.1211,8.6363,8.9238,8.9929,8.8527,8.5027,7.9242,7.0736,5.8792,4.2432,2.053,-0.79518,-4.3575,-8.5893,-13.289,-18.064,-22.344,-25.481,-26.9,-26.287,-23.701,-19.561,-14.515,-9.252,-4.3355,-0.12634,3.2227,5.7177,7.4594,8.5872,9.2402,9.5353,9.5591,9.3663,8.9861,8.4299,7.7029,6.8139,5.7834,4.648,3.461,2.2901,1.2135,0.31495
0.82258,2.431,3.9412,5.3059,6.4872,7.456,8.1935,8.6921,8.9549,8.9917,8.8115,8.4145,7.7828,6.8736,5.6172,3.9191,1.6722,-1.2196,-4.8029,-9.0234,-13.674,-18.362,-22.529,-25.544,-26.854,-26.165,-23.542,-19.4,-14.374,-9.1371,-4.2427,-0.045212,3.303,5.8056,7.56,8.703,9.3716,9.6821,9.7199,9.539,9.167,8.614,7.8836,6.9841,5.9361,4.777,3.5619,2.3605,1.2533,0.32641
0.84241,2.4776,4.0054,5.3804,6.5657,7.5322,8.2605,8.7425,8.981,8.9855,8.7657,8.322,7.6373,6.6702,5.3528,3.5939,1.2919,-1.6415,-5.2437,-9.4517,-14.053,-18.655,-22.711,-25.606,-26.811,-26.047,-23.386,-19.241,-14.234,-9.0218,-4.1484,0.037856,3.3853,5.8953,7.6624,8.8204,9.5048,9.8309,9.8833,9.7148,9.3515,8.8017,8.0678,7.1575,6.0914,4.9083,3.6646,2.4321,1.2937,0.33812
0.86136,2.5217,4.0658,5.4503,6.639,7.6029,8.3221,8.7877,9.002,8.9746,8.7153,8.2252,7.4881,6.4638,5.0863,3.268,0.9128,-2.0603,-5.6797,-9.8739,-14.425,-18.942,-22.889,-25.667,-26.768,-25.931,-23.234,-19.085,-14.094,-8.9065,-4.0531,0.12235,3.4692,5.9866,7.7661,8.9392,9.6397,9.9819,10.049,9.8938,9.5394,8.9929,8.2555,7.3339,6.2495,5.0418,3.7691,2.5051,1.335,0.35007
0.87936,2.5633,4.1224,5.5154,6.7071,7.6682,8.3782,8.8276,9.0181,8.9591,8.6606,8.1246,7.3355,6.2547,4.8182,2.942,0.53526,-2.4756,-6.1105,-10.29,-14.79,-19.224,-23.063,-25.726,-26.727,-25.817,-23.085,-18.931,-13.957,-8.7916,-3.9575,0.20774,3.5541,6.0789,7.8709,9.0592,9.7761,10.135,10.218,10.076,9.7307,9.1877,8.4465,7.5134,6.4102,5.1775,3.8753,2.5793,1.377,0.36227
0.89638,2.6022,4.1751,5.5758,6.7699,7.7279,8.4287,8.8622,9.0292,8.939,8.6019,8.0203,7.18,6.0434,4.5491,2.6164,0.15982,-2.887,-6.5355,-10.698,-15.149,-19.5,-23.233,-25.785,-26.687,-25.707,-22.939,-18.781,-13.821,-8.6778,-3.862,0.2935,3.6396,6.1719,7.9764,9.1801,9.9138,10.29,10.389,10.261,9.9253,9.3858,8.6406,7.6958,6.5734,5.3154,3.9832,2.6548,1.4198,0.37472
0.91236,2.6384,4.2238,5.6314,6.8273,7.7821,8.4738,8.8915,9.0354,8.9144,8.5392,7.9127,7.0217,5.8303,4.2793,2.2916,-0.21305,-3.2939,-6.9545,-11.1,-15.5,-19.769,-23.398,-25.841,-26.647,-25.599,-22.796,-18.634,-13.688,-8.5654,-3.7672,0.37911,3.7252,6.2651,8.0823,9.3016,10.053,10.446,10.563,10.449,10.123,9.5872,8.8379,7.881,6.7391,5.4554,4.0929,2.7316,1.4634,0.38742
0.92729,2.672,4.2687,5.6823,6.8795,7.8307,8.5134,8.9155,9.0367,8.8856,8.4727,7.8019,6.8611,5.6158,4.0093,1.968,-0.58286,-3.6959,-7.3669,-11.494,-15.843,-20.032,-23.56,-25.896,-26.609,-25.494,-22.658,-18.49,-13.558,-8.455,-3.6736,0.46403,3.8104,6.358,8.1881,9.4235,10.192,10.604,10.738,10.639,10.324,9.7916,9.038,8.0688,6.9071,5.5975,4.2045,2.8098,1.5078,0.40039
0.94113,2.7028,4.3097,5.7285,6.9266,7.874,8.5475,8.9344,9.0333,8.8525,8.4027,7.6884,6.6984,5.4003,3.7395,1.6463,-0.94912,-4.0926,-7.7725,-11.881,-16.179,-20.287,-23.716,-25.95,-26.571,-25.392,-22.523,-18.35,-13.431,-8.347,-3.5816,0.54774,3.8947,6.4502,8.2935,9.5454,10.333,10.764,10.916,10.833,10.528,9.9988,9.2408,8.2591,7.0775,5.7417,4.3179,2.8896,1.5532,0.41365
0.95386,2.7309,4.347,5.7703,6.9686,7.9119,8.5763,8.9481,9.0252,8.8153,8.3292,7.5722,6.5341,5.1842,3.4705,1.3269,-1.3114,-4.4835,-8.1707,-12.259,-16.506,-20.536,-23.868,-26.001,-26.534,-25.293,-22.391,-18.214,-13.307,-8.2418,-3.4919,0.62969,3.9776,6.5413,8.3981,9.6669,10.473,10.924,11.095,11.028,10.734,10.209,9.4461,8.4517,7.2501,5.8881,4.4334,2.9709,1.5996,0.42722
0.96549,2.7565,4.3806,5.8077,7.0058,7.9447,8.5999,8.9568,9.0125,8.7741,8.2526,7.4536,6.3684,4.9678,3.2026,1.0101,-1.6691,-4.8681,-8.5612,-12.628,-16.825,-20.778,-24.015,-26.05,-26.498,-25.196,-22.264,-18.082,-13.187,-8.14,-3.405,0.70934,4.0584,6.6307,8.5014,9.7879,10.614,11.086,11.277,11.226,10.942,10.421,9.6536,8.6464,7.4249,6.0369,4.5511,3.0541,1.6472,0.44113
0.97602,2.7795,4.4108,5.8409,7.0383,7.9725,8.6184,8.9605,8.9952,8.729,8.1728,7.3328,6.2015,4.7516,2.9362,0.6966,-2.0219,-5.2461,-8.9436,-12.989,-17.136,-21.013,-24.157,-26.096,-26.462,-25.102,-22.141,-17.955,-13.072,-8.042,-3.3213,0.78617,4.1369,6.7181,8.6031,9.9078,10.754,11.248,11.459,11.425,11.153,10.635,9.8629,8.8432,7.6019,6.188,4.6712,3.1394,1.6961,0.45544
0.98548,2.8001,4.4378,5.8704,7.0666,7.9956,8.6319,8.9594,8.9735,8.6802,8.0901,7.2101,6.0338,4.5358,2.6717,0.38665,-2.3693,-5.617,-9.3175,-13.34,-17.437,-21.239,-24.293,-26.14,-26.426,-25.011,-22.022,-17.832,-12.962,-7.9482,-3.2413,0.85964,4.2123,6.8027,8.7027,10.026,10.894,11.41,11.642,11.626,11.365,10.85,10.074,9.0417,7.7812,6.3418,4.794,3.2271,1.7466,0.47021
0.99389,2.8185,4.4618,5.8963,7.0908,8.0142,8.6408,8.9536,8.9475,8.6277,8.0046,7.0857,5.8656,4.3208,2.4096,0.080728,-2.711,-5.9803,-9.6826,-13.682,-17.729,-21.458,-24.424,-26.182,-26.391,-24.922,-21.907,-17.715,-12.856,-7.8591,-3.1657,0.9292,4.2841,6.8843,8.7997,10.143,11.033,11.572,11.826,11.827,11.578,11.067,10.286,9.2419,7.9627,6.4983,4.9199,3.3175,1.7989,0.48553
1.0013,2.8349,4.4833,5.9192,7.1114,8.0287,8.6451,8.9433,8.9173,8.5715,7.9165,6.9596,5.697,4.1069,2.1502,-0.22078,-3.0464,-6.3358,-10.039,-14.014,-18.012,-21.669,-24.55,-26.221,-26.356,-24.837,-21.797,-17.603,-12.756,-7.7751,-3.0949,0.99431,4.3519,6.9622,8.8937,10.257,11.171,11.733,12.01,12.029,11.791,11.284,10.499,9.4436,8.1465,6.658,5.0493,3.4111,1.8533,0.5015
1.0079,2.8496,4.5026,5.9395,7.1288,8.0394,8.6453,8.9286,8.8829,8.5119,7.8257,6.8322,5.5283,3.8943,1.8938,-0.51751,-3.3752,-6.6831,-10.385,-14.336,-18.285,-21.872,-24.669,-26.257,-26.322,-24.754,-21.691,-17.496,-12.661,-7.6967,-3.0293,1.0544,4.415,7.036,8.9841,10.369,11.306,11.893,12.193,12.23,12.004,11.501,10.713,9.6467,8.3327,6.8212,5.1828,3.5084,1.9102,0.51826
1.0136,2.8629,4.5202,5.9577,7.1435,8.0467,8.6414,8.9098,8.8445,8.4489,7.7324,6.7033,5.3597,3.6833,1.6406,-0.8091,-3.697,-7.0217,-10.722,-14.648,-18.548,-22.066,-24.783,-26.29,-26.288,-24.674,-21.59,-17.395,-12.572,-7.6243,-2.9695,1.1091,4.473,7.105,9.0704,10.477,11.439,12.052,12.375,12.431,12.217,11.718,10.926,9.8509,8.5216,6.9883,5.3209,3.6101,1.9702,0.53598
1.0187,2.8752,4.5366,5.9743,7.156,8.0511,8.6339,8.8868,8.8022,8.3825,7.6367,6.5733,5.1912,3.4742,1.3911,-1.0952,-4.0116,-7.3514,-11.048,-14.949,-18.801,-22.252,-24.891,-26.321,-26.254,-24.597,-21.494,-17.299,-12.49,-7.5583,-2.916,1.1576,4.5252,7.1687,9.1521,10.581,11.569,12.208,12.555,12.63,12.427,11.933,11.139,10.056,8.7132,7.1599,5.4643,3.7169,2.0337,0.55486
1.0232,2.8868,4.5524,5.9901,7.167,8.0529,8.6231,8.8601,8.7561,8.3127,7.5387,6.4422,5.0232,3.2671,1.1454,-1.3757,-4.3186,-7.6719,-11.364,-15.24,-19.044,-22.429,-24.993,-26.348,-26.22,-24.522,-21.402,-17.21,-12.414,-7.499,-2.8693,1.1996,4.5712,7.2266,9.2285,10.681,11.695,12.361,12.732,12.826,12.636,12.147,11.352,10.262,8.9079,7.3363,5.6138,3.8295,2.1013,0.57514
1.0274,2.8984,4.5683,6.0056,7.1769,8.0527,8.6092,8.8297,8.7062,8.2397,7.4382,6.3099,4.8556,3.0622,0.9038,-1.65,-4.6176,-7.9828,-11.67,-15.519,-19.277,-22.598,-25.088,-26.373,-26.186,-24.451,-21.316,-17.127,-12.345,-7.4469,-2.8297,1.2345,4.6103,7.2781,9.2991,10.776,11.817,12.51,12.905,13.018,12.841,12.357,11.563,10.469,9.1059,7.5184,5.7702,3.9489,2.1739,0.59712
1.0316,2.9103,4.5849,6.0216,7.1865,8.051,8.5927,8.7959,8.6526,8.1634,7.3354,6.1766,4.6885,2.8596,0.66645,-1.9182,-4.9086,-8.2839,-11.964,-15.787,-19.498,-22.757,-25.177,-26.394,-26.152,-24.382,-21.234,-17.05,-12.284,-7.4024,-2.7977,1.2619,4.642,7.3225,9.3632,10.865,11.934,12.654,13.074,13.206,13.041,12.564,11.772,10.677,9.3075,7.7068,5.9346,4.0762,2.2522,0.62113
1.0358,2.9232,4.603,6.0388,7.1964,8.0483,8.5739,8.7589,8.5955,8.0839,7.2302,6.0423,4.522,2.6595,0.43355,-2.1798,-5.191,-8.575,-12.247,-16.044,-19.71,-22.908,-25.26,-26.412,-26.118,-24.316,-21.157,-16.979,-12.229,-7.3656,-2.7738,1.2811,4.6657,7.3593,9.4201,10.947,12.044,12.792,13.237,13.388,13.236,12.767,11.979,10.885,9.513,7.9022,6.1079,4.2123,2.3371,0.64755
1.0404,2.9376,4.6232,6.0578,7.2071,8.045,8.5531,8.7188,8.5349,8.0011,7.1226,5.907,4.3562,2.4619,0.20526,-2.4348,-5.4649,-8.8558,-12.519,-16.289,-19.91,-23.049,-25.336,-26.426,-26.084,-24.253,-21.086,-16.916,-12.183,-7.3369,-2.7584,1.2918,4.681,7.3879,9.4693,11.022,12.148,12.924,13.393,13.563,13.425,12.965,12.183,11.094,9.7228,8.1053,6.2912,4.3586,2.4296,0.67683
1.0457,2.9541,4.6462,6.0795,7.2193,8.0417,8.5307,8.6759,8.471,7.915,7.0127,5.7706,4.1911,2.2671,-0.018278,-2.6829,-5.7299,-9.1261,-12.78,-16.522,-20.099,-23.181,-25.406,-26.437,-26.05,-24.192,-21.019,-16.858,-12.143,-7.3166,-2.7516,1.2935,4.6873,7.4076,9.5099,11.089,12.243,13.047,13.541,13.73,13.605,13.156,12.383,11.303,9.9372,8.317,6.4855,4.5161,2.5308,0.70944
1.0519,2.9734,4.6728,6.1044,7.2336,8.0386,8.507,8.6304,8.4037,7.8258,6.9004,5.6332,4.0267,2.0749,-0.2369,-2.9239,-5.9857,-9.3856,-13.028,-16.743,-20.276,-23.304,-25.468,-26.444,-26.014,-24.134,-20.957,-16.808,-12.112,-7.3048,-2.754,1.2859,4.6841,7.418,9.5414,11.147,12.33,13.162,13.679,13.888,13.777,13.34,12.58,11.512,10.156,8.5378,6.692,4.6862,2.6418,0.74594
1.0593,2.9959,4.7035,6.133,7.2502,8.0363,8.4821,8.5824,8.3333,7.7335,6.7856,5.4948,3.8632,1.8857,-0.45045,-3.1576,-6.2323,-9.634,-13.265,-16.952,-20.442,-23.416,-25.523,-26.447,-25.979,-24.078,-20.899,-16.763,-12.088,-7.3017,-2.7656,1.2686,4.671,7.4185,9.563,11.195,12.406,13.265,13.807,14.034,13.939,13.516,12.771,11.721,10.381,8.7685,6.9116,4.8702,2.7638,0.78691
1.0682,3.0222,4.7388,6.1658,7.2696,8.0348,8.4564,8.5321,8.2598,7.638,6.6686,5.3554,3.7005,1.6994,-0.65875,-3.3839,-6.4692,-9.8713,-13.489,-17.148,-20.597,-23.519,-25.571,-26.446,-25.942,-24.024,-20.846,-16.725,-12.072,-7.3073,-2.7866,1.2414,4.6477,7.4085,9.5741,11.232,12.472,13.358,13.922,14.168,14.089,13.682,12.957,11.929,10.61,9.0095,7.1453,5.0693,2.8981,0.83299
1.0789,3.0528,4.7793,6.203,7.2918,8.0343,8.4299,8.4797,8.1834,7.5397,6.5495,5.2153,3.5389,1.5164,-0.86157,-3.6024,-6.6964,-10.097,-13.7,-17.331,-20.739,-23.611,-25.611,-26.44,-25.903,-23.971,-20.797,-16.694,-12.064,-7.3215,-2.8171,1.204,4.6139,7.3877,9.5741,11.258,12.525,13.437,14.024,14.288,14.226,13.839,13.137,12.137,10.844,9.2611,7.3938,5.2846,3.0458,0.88485
1.0916,3.0882,4.8253,6.2447,7.3167,8.0346,8.4024,8.4252,8.1042,7.4387,6.4284,5.0747,3.3786,1.3368,-1.0586,-3.8128,-6.9134,-10.311,-13.899,-17.502,-20.869,-23.692,-25.643,-26.429,-25.863,-23.92,-20.752,-16.668,-12.063,-7.3442,-2.857,1.1565,4.5693,7.3557,9.5624,11.272,12.565,13.503,14.111,14.393,14.349,13.984,13.31,12.343,11.083,9.5231,7.6576,5.5172,3.2082,0.94322
1.1067,3.1286,4.8768,6.2907,7.3439,8.0352,8.3739,8.3685,8.0226,7.3353,6.3056,4.9338,3.2199,1.161,-1.2496,-4.0149,-7.1198,-10.512,-14.084,-17.658,-20.986,-23.763,-25.666,-26.412,-25.821,-23.869,-20.71,-16.647,-12.069,-7.3752,-2.9063,1.0989,4.5138,7.3123,9.5388,11.272,12.592,13.553,14.181,14.482,14.458,14.117,13.476,12.546,11.326,9.7952,7.9368,5.768,3.3865,1.0088
1.1242,3.1745,4.934,6.3407,7.3728,8.0355,8.3437,8.3097,7.9385,7.2299,6.1817,4.7931,3.0634,0.98946,-1.434,-4.208,-7.3154,-10.701,-14.256,-17.801,-21.09,-23.822,-25.681,-26.39,-25.776,-23.819,-20.671,-16.631,-12.081,-7.414,-2.9645,1.0313,4.4477,7.2575,9.5029,11.26,12.604,13.587,14.235,14.554,14.55,14.237,13.632,12.746,11.571,10.076,8.2311,6.0375,3.5819,1.0825
1.1446,3.2261,4.9966,6.3938,7.402,8.0343,8.3112,8.2483,7.8523,7.1229,6.0573,4.6534,2.9095,0.82282,-1.6112,-4.3918,-7.4995,-10.877,-14.414,-17.93,-21.181,-23.869,-25.686,-26.362,-25.728,-23.768,-20.634,-16.619,-12.099,-7.4601,-3.0311,0.95428,4.3712,7.1913,9.4546,11.234,12.601,13.605,14.271,14.608,14.626,14.343,13.778,12.941,11.817,10.365,8.5396,6.3259,3.7954,1.165
1.1681,3.2838,5.0645,6.449,7.4302,8.0299,8.275,8.1839,7.764,7.015,5.9331,4.5154,2.7593,0.66185,-1.7805,-4.5655,-7.6715,-11.04,-14.557,-18.044,-21.257,-23.905,-25.682,-26.326,-25.675,-23.716,-20.599,-16.611,-12.123,-7.5128,-3.1056,0.86828,4.2846,7.1141,9.3942,11.194,12.582,13.606,14.289,14.644,14.685,14.435,13.914,13.129,12.06,10.658,8.8605,6.633,4.028,1.2573
1.1951,3.3481,5.1373,6.5049,7.4551,8.0203,8.2336,8.1157,7.6737,6.9068,5.8103,4.3804,2.6138,0.50758,-1.9411,-4.7284,-7.8308,-11.188,-14.684,-18.142,-21.319,-23.927,-25.667,-26.283,-25.619,-23.663,-20.564,-16.605,-12.15,-7.571,-3.1869,0.77427,4.189,7.0266,9.3221,11.141,12.549,13.59,14.289,14.662,14.727,14.511,14.036,13.307,12.298,10.952,9.1914,6.9582,4.2808,1.3605
1.2262,3.4197,5.2145,6.5596,7.474,8.0027,8.185,8.0425,7.5814,6.799,5.69,4.2496,2.4744,0.36124,-2.0918,-4.8794,-7.9765,-11.321,-14.797,-18.225,-21.367,-23.936,-25.641,-26.231,-25.556,-23.606,-20.528,-16.601,-12.181,-7.634,-3.2743,0.67308,4.085,6.9296,9.2392,11.076,12.501,13.558,14.272,14.662,14.753,14.572,14.144,13.472,12.527,11.243,9.5284,7.2999,4.5547,1.4757
1.2624,3.4996,5.2956,6.6108,7.4837,7.9738,8.1263,7.9628,7.4866,6.6926,5.5737,4.1249,2.3427,0.22438,-2.2312,-5.0174,-8.1076,-11.438,-14.892,-18.292,-21.398,-23.931,-25.604,-26.171,-25.488,-23.546,-20.491,-16.597,-12.213,-7.6997,-3.3657,0.56656,3.9744,6.8246,9.1466,10.999,12.439,13.511,14.239,14.647,14.763,14.618,14.236,13.62,12.739,11.523,9.8664,7.6559,4.8504,1.6045
1.3052,3.5892,5.3797,6.6557,7.4805,7.9298,8.0545,7.8745,7.3888,6.588,5.4629,4.0082,2.2208,0.098783,-2.3579,-5.1413,-8.2234,-11.539,-14.971,-18.342,-21.414,-23.912,-25.553,-26.101,-25.411,-23.48,-20.451,-16.592,-12.247,-7.7681,-3.4608,0.45545,3.8583,6.7131,9.0461,10.912,12.367,13.451,14.192,14.617,14.758,14.647,14.309,13.746,12.93,11.787,10.199,8.0227,5.169,1.7493
1.357,3.6904,5.4658,6.6908,7.46,7.8666,7.966,7.7752,7.2868,6.4856,5.3592,3.9016,2.1109,-0.013432,-2.47,-5.2494,-8.322,-11.622,-15.031,-18.373,-21.413,-23.878,-25.492,-26.022,-25.33,-23.412,-20.408,-16.585,-12.278,-7.8347,-3.5552,0.34356,3.7399,6.5976,8.9401,10.819,12.285,13.38,14.134,14.577,14.741,14.661,14.361,13.846,13.091,12.023,10.516,8.395,5.5109,1.9131
1.4213,3.8056,5.5521,6.7124,7.4184,7.7806,7.8575,7.6619,7.1788,6.3852,5.2638,3.8074,2.0155,-0.10997,-2.5656,-5.3405,-8.4036,-11.688,-15.075,-18.389,-21.396,-23.829,-25.415,-25.929,-25.235,-23.332,-20.358,-16.574,-12.308,-7.9024,-3.6515,0.22969,3.6195,6.4797,8.8307,10.72,12.198,13.304,14.07,14.528,14.713,14.658,14.389,13.915,13.214,12.223,10.807,8.7649,5.8763,2.1007
1.5036,3.9367,5.6354,6.7159,7.3522,7.6693,7.7266,7.5316,7.0619,6.2854,5.1772,3.7275,1.9373,-0.18814,-2.6423,-5.4118,-8.4642,-11.732,-15.096,-18.383,-21.361,-23.766,-25.331,-25.833,-25.14,-23.252,-20.306,-16.558,-12.331,-7.9608,-3.7387,0.12331,3.5043,6.3649,8.7225,10.622,12.109,13.225,14.003,14.475,14.676,14.639,14.392,13.947,13.294,12.375,11.06,9.1208,6.2634,2.319
1.6116,4.0839,5.7101,6.6971,7.2604,7.5335,7.5731,7.3823,6.9324,6.1825,5.098,3.6628,1.8784,-0.24576,-2.6988,-5.4646,-8.5085,-11.761,-15.105,-18.364,-21.31,-23.684,-25.223,-25.711,-25.02,-23.152,-20.239,-16.533,-12.351,-8.0208,-3.829,0.014534,3.3886,6.2513,8.6166,10.526,12.024,13.15,13.938,14.421,14.631,14.604,14.368,13.942,13.325,12.47,11.257,9.4458,6.666,2.5779
1.7549,4.2426,5.7674,6.6525,7.1461,7.3792,7.4018,7.2144,6.7862,6.0701,5.0207,3.6116,1.8403,-0.27942,-2.7296,-5.4892,-8.5218,-11.759,-15.082,-18.319,-21.244,-23.598,-25.123,-25.604,-24.919,-23.066,-20.179,-16.505,-12.357,-8.0589,-3.8938,-0.069088,3.2947,6.1551,8.524,10.44,11.947,13.082,13.878,14.366,14.578,14.551,14.317,13.902,13.308,12.504,11.384,9.7161,7.0693,2.8899
1.9429,4.3982,5.7951,6.5831,7.0197,7.2205,7.2259,7.0355,6.6221,5.9388,4.9331,3.5646,1.8192,-0.29193,-2.7438,-5.5056,-8.5341,-11.757,-15.058,-18.264,-21.154,-23.475,-24.973,-25.442,-24.761,-22.93,-20.082,-16.455,-12.357,-8.1031,-3.9717,-0.16745,3.1891,6.0529,8.4324,10.362,11.882,13.025,13.824,14.308,14.514,14.482,14.247,13.835,13.254,12.48,11.432,9.9021,7.4409,3.2665
2.1741,4.5203,5.783,6.4992,6.9018,7.082,7.0703,6.867,6.4511,5.7838,4.8149,3.497,1.8017,-0.27192,-2.7026,-5.4549,-8.4789,-11.698,-14.993,-18.192,-21.074,-23.388,-24.882,-25.351,-24.676,-22.858,-20.026,-16.42,-12.344,-8.1102,-3.9954,-0.20258,3.1481,6.0112,8.3927,10.324,11.841,12.977,13.764,14.237,14.436,14.402,14.169,13.76,13.184,12.42,11.407,9.9781,7.7226,3.7005
2.3996,4.5684,5.741,6.4304,6.825,6.9974,6.973,6.752,6.3171,5.6357,4.6647,3.3604,1.6917,-0.34983,-2.7495,-5.4736,-8.4695,-11.657,-14.915,-18.073,-20.914,-23.19,-24.658,-25.114,-24.446,-22.654,-19.865,-16.314,-12.294,-8.1138,-4.0419,-0.27848,3.0566,5.9148,8.2974,10.231,11.749,12.885,13.674,14.152,14.359,14.335,14.111,13.707,13.13,12.363,11.35,9.9552,7.8409,4.105
