-1.1209e-05,-3.2325e-05,-5.7608e-05,-8.4561e-05,-0.00011198,-0.00013917,-0.00016561,-0.00019087,-0.00021461,-0.0002365,-0.00025628,-0.00027373,-0.00028864,-0.00030088,-0.00031036,-0.00031702,-0.00032085,-0.00032189,-0.00032023,-0.000316,-0.00030936,-0.00030051,-0.00028968,-0.00027713,-0.00026313,-0.00024796,-0.00023191,-0.00021526,-0.00019829,-0.00018126,-0.0001644,-0.00014793,-0.00013205,-0.00011689,-0.0001026,-8.9266e-05,-7.6949e-05,-6.5684e-05,-5.5478e-05,-4.6315e-05,-3.8155e-05,-3.0942e-05,-2.4605e-05,-1.9067e-05,-1.4244e-05,-1.0058e-05,-6.4484e-06,-3.4154e-06,-1.1058e-06
-3.4729e-05,-9.6573e-05,-0.00017039,-0.00024937,-0.00032997,-0.00040999,-0.00048787,-0.00056235,-0.00063235,-0.00069695,-0.00075536,-0.00080691,-0.00085103,-0.00088732,-0.00091548,-0.00093535,-0.00094691,-0.00095028,-0.00094571,-0.00093355,-0.0009143,-0.00088855,-0.00085696,-0.00082029,-0.00077932,-0.0007349,-0.00068785,-0.00063901,-0.00058919,-0.00053915,-0.00048959,-0.00044113,-0.00039434,-0.00034967,-0.00030748,-0.00026806,-0.0002316,-0.00019818,-0.00016784,-0.00014053,-0.00011613,-9.4482e-05,-7.5391e-05,-5.863e-05,-4.3965e-05,-3.1185e-05,-2.0141e-05,-1.0851e-05,-3.7078e-06
-5.6084e-05,-0.00015864,-0.00028166,-0.00041347,-0.00054801,-0.00068158,-0.00081156,-0.00093585,-0.0010527,-0.0011605,-0.001258,-0.0013441,-0.0014179,-0.0014786,-0.0015257,-0.001559,-0.0015785,-0.0015843,-0.0015769,-0.0015568,-0.0015249,-0.0014822,-0.0014297,-0.0013687,-0.0013006,-0.0012267,-0.0011484,-0.0010671,-0.00098416,-0.00090085,-0.00081834,-0.00073767,-0.00065976,-0.00058536,-0.00051508,-0.0004494,-0.0003886,-0.00033286,-0.0002822,-0.00023654,-0.00019571,-0.00015942,-0.00012734,-9.9118e-05,-7.4358e-05,-5.2721e-05,-3.3984e-05,-1.8208e-05,-6.1194e-06
-7.5165e-05,-0.00021782,-0.00039091,-0.00057696,-0.00076697,-0.00095557,-0.001139,-0.0013144,-0.0014792,-0.0016313,-0.0017689,-0.0018904,-0.0019944,-0.00208,-0.0021466,-0.0021936,-0.0022212,-0.0022294,-0.002219,-0.0021907,-0.0021457,-0.0020854,-0.0020113,-0.0019253,-0.0018292,-0.001725,-0.0016147,-0.0015001,-0.0013833,-0.001266,-0.0011499,-0.0010364,-0.00092683,-0.00082225,-0.00072351,-0.00063125,-0.00054588,-0.00046762,-0.0003965,-0.0003324,-0.00027504,-0.00022404,-0.00017892,-0.00013916,-0.00010424,-7.3678e-05,-4.7199e-05,-2.4972e-05,-8.1518e-06
-9.2633e-05,-0.00027467,-0.00049859,-0.00074057,-0.0009881,-0.0012338,-0.0014728,-0.0017011,-0.0019157,-0.0021136,-0.0022926,-0.0024507,-0.002586,-0.0026974,-0.0027839,-0.0028449,-0.0028806,-0.0028911,-0.0028772,-0.00284,-0.0027811,-0.0027022,-0.0026054,-0.0024931,-0.0023677,-0.0022318,-0.0020879,-0.0019388,-0.0017868,-0.0016342,-0.0014834,-0.0013361,-0.001194,-0.0010586,-0.0009308,-0.00081154,-0.0007013,-0.00060033,-0.00050867,-0.0004261,-0.00035226,-0.00028663,-0.00022858,-0.00017743,-0.00013248,-9.3155e-05,-5.9153e-05,-3.0805e-05,-9.7373e-06
-0.00010918,-0.00033014,-0.00060575,-0.00090554,-0.001213,-0.0015185,-0.0018156,-0.0020994,-0.0023659,-0.0026118,-0.0028342,-0.0030303,-0.0031983,-0.0033364,-0.0034435,-0.0035189,-0.0035626,-0.003575,-0.003557,-0.00351,-0.0034358,-0.0033368,-0.0032156,-0.0030751,-0.0029183,-0.0027487,-0.0025693,-0.0023835,-0.0021945,-0.002005,-0.0018178,-0.0016353,-0.0014596,-0.0012923,-0.0011348,-0.00098805,-0.0008526,-0.00072877,-0.00061653,-0.0005156,-0.00042547,-0.00034548,-0.0002748,-0.00021259,-0.000158,-0.00011033,-6.9307e-05,-3.5455e-05,-1.0837e-05
-0.00012537,-0.00038528,-0.00071368,-0.0010734,-0.0014437,-0.001812,-0.0021704,-0.0025127,-0.0028342,-0.0031307,-0.0033986,-0.0036349,-0.0038371,-0.0040032,-0.0041317,-0.0042219,-0.0042736,-0.0042874,-0.0042642,-0.004206,-0.0041148,-0.0039936,-0.0038456,-0.0036744,-0.0034837,-0.0032775,-0.0030599,-0.0028349,-0.0026063,-0.0023775,-0.002152,-0.0019326,-0.0017217,-0.0015215,-0.0013333,-0.0011584,-0.00099737,-0.00085054,-0.0007178,-0.00059874,-0.00049269,-0.00039879,-0.00031603,-0.00024335,-0.00017974,-0.00012444,-7.7182e-05,-3.8709e-05,-1.1414e-05
-0.00014165,-0.00044109,-0.00082382,-0.0012461,-0.0016823,-0.0021171,-0.0025404,-0.0029449,-0.0033248,-0.003675,-0.0039915,-0.0042704,-0.0045089,-0.0047044,-0.0048553,-0.0049607,-0.0050202,-0.0050346,-0.0050051,-0.0049338,-0.0048234,-0.0046773,-0.0044995,-0.0042942,-0.0040661,-0.00382,-0.0035608,-0.0032932,-0.0030218,-0.002751,-0.0024846,-0.002226,-0.0019782,-0.0017434,-0.0015236,-0.0013199,-0.001133,-0.00096308,-0.00081005,-0.00067326,-0.00055187,-0.00044475,-0.00035069,-0.00026839,-0.0001967,-0.00013475,-8.2339e-05,-4.0372e-05,-1.143e-05
-0.00015838,-0.00049848,-0.00093758,-0.0014253,-0.0019312,-0.0024366,-0.0029292,-0.0034002,-0.0038425,-0.0042503,-0.0046187,-0.0049432,-0.0052202,-0.005447,-0.0056215,-0.0057425,-0.0058097,-0.0058238,-0.0057863,-0.0056996,-0.0055672,-0.0053929,-0.0051815,-0.0049381,-0.0046684,-0.004378,-0.0040727,-0.0037584,-0.0034405,-0.003124,-0.0028136,-0.0025132,-0.0022263,-0.0019555,-0.0017028,-0.0014695,-0.0012564,-0.0010636,-0.0008906,-0.00073673,-0.00060081,-0.00048146,-0.00037716,-0.00028641,-0.00020786,-0.00014057,-8.4357e-05,-4.0256e-05,-1.0843e-05
-0.00017585,-0.0005583,-0.0010564,-0.001613,-0.0021928,-0.0027736,-0.0033404,-0.0038828,-0.0043924,-0.0048623,-0.0052865,-0.0056601,-0.0059787,-0.0062389,-0.0064383,-0.0065755,-0.00665,-0.0066626,-0.0066151,-0.0065104,-0.0063523,-0.0061457,-0.0058961,-0.0056096,-0.0052929,-0.004953,-0.0045966,-0.0042305,-0.0038613,-0.003495,-0.0031368,-0.0027916,-0.002463,-0.0021542,-0.0018674,-0.0016039,-0.0013644,-0.0011488,-0.00095658,-0.00078653,-0.00063722,-0.00050692,-0.00039381,-0.0002961,-0.00021224,-0.00014121,-8.284e-05,-3.8183e-05,-9.6084e-06
-0.00019431,-0.00062131,-0.0011816,-0.0018113,-0.0024699,-0.0031314,-0.0037781,-0.0043976,-0.0049799,-0.0055171,-0.006002,-0.0064287,-0.0067922,-0.0070885,-0.0073145,-0.0074685,-0.00755,-0.0075598,-0.0074998,-0.0073736,-0.0071857,-0.0069416,-0.0066482,-0.0063125,-0.0059426,-0.0055466,-0.0051327,-0.0047089,-0.0042829,-0.0038616,-0.0034514,-0.0030576,-0.0026846,-0.0023358,-0.0020135,-0.0017191,-0.0014532,-0.0012154,-0.0010048,-0.00081981,-0.00065863,-0.00051908,-0.00039895,-0.00029613,-0.00020887,-0.00013603,-7.7412e-05,-3.3987e-05,-7.6874e-06
-0.00021398,-0.00068821,-0.0013145,-0.0020221,-0.002765,-0.0035133,-0.0042464,-0.0049495,-0.0056111,-0.0062215,-0.0067726,-0.0072574,-0.0076699,-0.0080052,-0.0082598,-0.0084315,-0.0085195,-0.0085247,-0.0084495,-0.0082977,-0.0080747,-0.0077873,-0.0074431,-0.007051,-0.0066202,-0.0061605,-0.0056815,-0.0051927,-0.0047032,-0.0042211,-0.0037537,-0.0033072,-0.0028865,-0.0024954,-0.0021363,-0.0018106,-0.0015184,-0.0012593,-0.0010316,-0.00083351,-0.00066243,-0.00051577,-0.00039086,-0.00028521,-0.00019683,-0.00012443,-6.7738e-05,-2.7523e-05,-5.0463e-06
-0.00023503,-0.00075965,-0.0014564,-0.0022473,-0.0030809,-0.003923,-0.0047498,-0.005544,-0.006292,-0.0069828,-0.0076066,-0.0081552,-0.0086214,-0.0089995,-0.0092851,-0.0094755,-0.0095697,-0.0095684,-0.0094744,-0.0092922,-0.009028,-0.0086898,-0.0082868,-0.0078294,-0.0073285,-0.0067958,-0.0062427,-0.0056804,-0.0051195,-0.0045696,-0.0040392,-0.0035353,-0.0030634,-0.0026275,-0.0022304,-0.001873,-0.0015553,-0.0012761,-0.0010333,-0.00082428,-0.00064588,-0.0004948,-0.00036785,-0.0002621,-0.00017527,-0.00010589,-5.3541e-05,-1.8681e-05,-1.6641e-06
-0.00025763,-0.00083617,-0.0016084,-0.0024888,-0.0034203,-0.004364,-0.0052928,-0.0061866,-0.0070296,-0.0078089,-0.008513,-0.0091322,-0.0096579,-0.010083,-0.010403,-0.010613,-0.010713,-0.010703,-0.010586,-0.010368,-0.010055,-0.0096575,-0.0091858,-0.0086525,-0.0080705,-0.0074537,-0.0068157,-0.0061697,-0.0055282,-0.0049025,-0.0043022,-0.0037354,-0.0032084,-0.0027255,-0.0022891,-0.0019002,-0.001558,-0.0012608,-0.0010055,-0.00078857,-0.00060609,-0.00045396,-0.00032829,-0.00022567,-0.00014346,-7.9992e-05,-3.4636e-05,-7.408e-06,2.4605e-06
-0.00028188,-0.00091827,-0.0017715,-0.0027484,-0.0037856,-0.0048398,-0.00588,-0.0068832,-0.0078311,-0.0087084,-0.0095018,-0.0102,-0.010792,-0.01127,-0.011627,-0.011859,-0.011964,-0.011943,-0.011798,-0.011537,-0.011167,-0.010699,-0.010147,-0.0095254,-0.0088492,-0.0081351,-0.0073993,-0.0066575,-0.0059245,-0.0052134,-0.0045355,-0.0039,-0.0033137,-0.0027811,-0.0023048,-0.001885,-0.0015203,-0.0012077,-0.00094341,-0.00072256,-0.00054013,-0.00039107,-0.00027069,-0.00017498,-0.0001009,-4.6528e-05,-1.0979e-05,6.2675e-06,7.299e-06
-0.00030785,-0.0010063,-0.0019467,-0.0030276,-0.0041795,-0.005354,-0.0065163,-0.00764,-0.0087039,-0.0096904,-0.010584,-0.01137,-0.012037,-0.012574,-0.012973,-0.013229,-0.01334,-0.013304,-0.013127,-0.012814,-0.012376,-0.011826,-0.01118,-0.010454,-0.0096676,-0.0088403,-0.0079914,-0.0071396,-0.0063022,-0.0054948,-0.0047303,-0.0040193,-0.0033692,-0.0027848,-0.0022682,-0.001819,-0.0014345,-0.0011107,-0.00084199,-0.00062226,-0.00044507,-0.00030415,-0.00019384,-0.00010942,-4.7394e-05,-5.5505e-06,1.7268e-05,2.2195e-05,1.2781e-05
-0.00033558,-0.0011005,-0.0021345,-0.0033277,-0.004604,-0.0059099,-0.0072062,-0.0084631,-0.0096563,-0.010765,-0.01177,-0.012656,-0.013408,-0.014013,-0.01446,-0.014743,-0.014859,-0.014806,-0.014589,-0.014215,-0.013697,-0.01305,-0.012292,-0.011444,-0.010529,-0.0095694,-0.008589,-0.0076101,-0.0066533,-0.0057366,-0.0048754,-0.0040814,-0.003363,-0.0027248,-0.0021685,-0.0016923,-0.0012923,-0.00096259,-0.0006957,-0.00048361,-0.00031814,-0.00019155,-9.6973e-05,-2.8865e-05,1.6791e-05,4.2483e-05,4.9651e-05,4.0055e-05,1.8775e-05
-0.00036499,-0.0012008,-0.0023352,-0.0036495,-0.0050609,-0.0065103,-0.0079542,-0.0093588,-0.010696,-0.011942,-0.013075,-0.014075,-0.014923,-0.015606,-0.016108,-0.016423,-0.016544,-0.01647,-0.016206,-0.015761,-0.015148,-0.014386,-0.013496,-0.012504,-0.011436,-0.010322,-0.0091878,-0.0080615,-0.0069672,-0.0059265,-0.0049569,-0.0040718,-0.0032803,-0.002587,-0.0019924,-0.0014935,-0.001084,-0.00075565,-0.00049867,-0.00030256,-0.00015693,-5.2166e-05,2.0002e-05,6.6101e-05,9.0702e-05,9.6553e-05,8.5307e-05,5.9291e-05,2.5069e-05
-0.00039591,-0.0013069,-0.0025487,-0.0039933,-0.0055511,-0.0071574,-0.0087641,-0.010333,-0.011832,-0.013233,-0.014511,-0.015641,-0.016602,-0.017375,-0.017943,-0.018294,-0.018421,-0.018323,-0.018004,-0.017474,-0.016748,-0.015849,-0.014803,-0.01364,-0.012393,-0.011095,-0.0097815,-0.0084836,-0.0072308,-0.0060485,-0.0049573,-0.0039723,-0.0031033,-0.0023543,-0.0017247,-0.001209,-0.00079838,-0.00048134,-0.00024485,-7.5332e-05,4.0384e-05,0.00011421,0.00015615,0.00017385,0.00017244,0.00015485,0.00012281,7.9026e-05,3.1343e-05
-0.00042805,-0.0014183,-0.002774,-0.0043583,-0.0060746,-0.0078525,-0.0096388,-0.011391,-0.013072,-0.01465,-0.016094,-0.017375,-0.018467,-0.019346,-0.019991,-0.020386,-0.020523,-0.020397,-0.020012,-0.019381,-0.018522,-0.01746,-0.016228,-0.014861,-0.013401,-0.011888,-0.010362,-0.0088635,-0.007427,-0.0060827,-0.0048548,-0.0037603,-0.0028097,-0.0020061,-0.0013468,-0.00082328,-0.00042303,-0.0001304,7.1844e-05,0.00020127,0.00027456,0.00030647,0.00030907,0.00029128,0.00025878,0.0002145,0.00015998,9.7954e-05,3.7128e-05
-0.00046091,-0.0015335,-0.0030094,-0.0047428,-0.0066301,-0.0085952,-0.01058,-0.012537,-0.014424,-0.016203,-0.017839,-0.019297,-0.020543,-0.021548,-0.022285,-0.022735,-0.022884,-0.022727,-0.022267,-0.021516,-0.020498,-0.019242,-0.017788,-0.016179,-0.014464,-0.012694,-0.010918,-0.009184,-0.0075339,-0.0060038,-0.004622,-0.003408,-0.0023724,-0.0015172,-0.00083658,-0.00031798,5.6204e-05,0.00030703,0.00045722,0.00052945,0.00054481,0.00052158,0.00047431,0.00041331,0.00034472,0.00027119,0.00019361,0.0001142,4.1767e-05
-0.00049378,-0.0016509,-0.003252,-0.0051431,-0.0072141,-0.0093832,-0.011587,-0.013773,-0.015894,-0.017905,-0.019764,-0.021428,-0.022857,-0.024014,-0.024865,-0.025383,-0.025551,-0.025359,-0.024811,-0.023919,-0.022712,-0.021224,-0.019504,-0.017604,-0.015585,-0.013509,-0.011435,-0.0094232,-0.0075236,-0.0057797,-0.0042246,-0.0028805,-0.0017581,-0.0008572,-0.00016783,0.00032816,0.00065511,0.00084124,0.00091637,0.00090972,0.00084798,0.00075376,0.00064451,0.00053208,0.00042282,0.00031867,0.00021917,0.00012515,4.436e-05
-0.00052562,-0.0017674,-0.0034972,-0.0055536,-0.0078204,-0.010211,-0.012657,-0.0151,-0.017486,-0.019765,-0.021884,-0.023794,-0.025443,-0.026784,-0.027775,-0.02838,-0.028575,-0.028347,-0.027696,-0.026639,-0.025205,-0.02344,-0.0214,-0.019151,-0.016766,-0.014322,-0.011894,-0.0095525,-0.0073603,-0.0053696,-0.0036194,-0.0021345,-0.0009255,1.1084e-05,0.00069094,0.0011399,0.0013912,0.0014826,0.001453,0.0013401,0.0011776,0.0009934,0.00080842,0.00063603,0.00048246,0.00034817,0.0002304,0.00012724,4.369e-05
-0.00055503,-0.0018793,-0.0037384,-0.0059654,-0.0084395,-0.011069,-0.013782,-0.016513,-0.019202,-0.021791,-0.024217,-0.026419,-0.028334,-0.029902,-0.031067,-0.031785,-0.032021,-0.031756,-0.030988,-0.029735,-0.028032,-0.025932,-0.023506,-0.020835,-0.018009,-0.015122,-0.012269,-0.009535,-0.0069985,-0.0047219,-0.0027516,-0.0011156,0.00017652,0.001133,0.0017774,0.0021459,0.0022837,0.0022409,0.0020685,0.0018148,0.0015224,0.0012256,0.00094946,0.00070866,0.00050875,0.00034763,0.00021876,0.00011567,3.8152e-05
-0.00058012,-0.0019811,-0.0039663,-0.0063661,-0.0090565,-0.011943,-0.014948,-0.018003,-0.02104,-0.02399,-0.026779,-0.029332,-0.031571,-0.033419,-0.034806,-0.03567,-0.035967,-0.035667,-0.034766,-0.033282,-0.031256,-0.028753,-0.025859,-0.022675,-0.019314,-0.015892,-0.012526,-0.0093232,-0.0063793,-0.0037707,-0.0015523,0.00024423,0.0016114,0.002564,0.0031366,0.0033794,0.0033534,0.0031249,0.0027606,0.0023225,0.0018644,0.0014284,0.0010439,0.00072695,0.00048128,0.00030074,0.00017291,8.4136e-05,2.5657e-05
-0.00059839,-0.0020655,-0.0041683,-0.0067381,-0.0096506,-0.01281,-0.016136,-0.019554,-0.022989,-0.026362,-0.029584,-0.032562,-0.035198,-0.037397,-0.039064,-0.040122,-0.040506,-0.040179,-0.039127,-0.03737,-0.034957,-0.031966,-0.028504,-0.024695,-0.020681,-0.016608,-0.012621,-0.0088553,-0.0054274,-0.0024317,6.6167e-05,0.0020309,0.0034581,0.0043721,0.0048226,0.0048786,0.0046219,0.0041406,0.0035215,0.0028443,0.0021765,0.0015698,0.0010585,0.00065925,0.0003725,0.00018575,7.7856e-05,2.4425e-05,3.525e-06
-0.00060664,-0.0021229,-0.0043274,-0.0070576,-0.010193,-0.013638,-0.017313,-0.021138,-0.025031,-0.0289,-0.032639,-0.036135,-0.039264,-0.041903,-0.043932,-0.045245,-0.045757,-0.045414,-0.044194,-0.042115,-0.039236,-0.035653,-0.031497,-0.026924,-0.02211,-0.017242,-0.012499,-0.0080517,-0.0040459,-0.00059722,0.0022154,0.0043527,0.0058153,0.0066413,0.0069004,0.0066872,0.0061116,0.0052899,0.0043353,0.00335,0.0024189,0.0016049,0.00094755,0.00046279,0.00014565,-2.5926e-05,-8.582e-05,-7.3989e-05,-3.1622e-05
-0.00060083,-0.0021411,-0.0044214,-0.0072925,-0.010643,-0.014382,-0.018433,-0.022714,-0.027134,-0.031587,-0.035949,-0.040079,-0.043822,-0.047018,-0.049513,-0.051166,-0.051863,-0.051525,-0.050119,-0.047662,-0.044222,-0.039916,-0.034908,-0.029394,-0.023598,-0.017751,-0.012084,-0.0068088,-0.0021095,0.0018711,0.0050377,0.0073469,0.008807,0.0094747,0.0094479,0.0088551,0.0078437,0.0065675,0.0051741,0.0037944,0.0025347,0.0014713,0.00064866,8.0335e-05,-0.00024765,-0.00037143,-0.00034302,-0.00022439,-8.3972e-05
-0.00057596,-0.0021044,-0.0044215,-0.0074009,-0.010947,-0.014982,-0.019433,-0.02422,-0.029246,-0.034391,-0.039505,-0.044415,-0.048927,-0.052835,-0.055936,-0.058043,-0.059002,-0.058703,-0.057096,-0.054193,-0.050074,-0.044884,-0.038827,-0.032151,-0.025138,-0.018083,-0.011278,-0.0049926,0.00054343,0.0051514,0.0087157,0.011188,0.012589,0.013001,0.012559,0.011438,0.009837,0.0079577,0.005993,0.0041106,0.0024434,0.001083,7.7993e-05,-0.00056386,-0.00087049,-0.00089841,-0.00072521,-0.0004433,-0.00015862
-0.00052596,-0.0019935,-0.0042913,-0.0073286,-0.011035,-0.015353,-0.020223,-0.02557,-0.031292,-0.037255,-0.043282,-0.049159,-0.05464,-0.059459,-0.063351,-0.066067,-0.067397,-0.067191,-0.06537,-0.061941,-0.056999,-0.050722,-0.043367,-0.035248,-0.026723,-0.018169,-0.0099565,-0.0024287,0.0041226,0.0094738,0.013484,0.0161,0.017358,0.017378,0.016346,0.0145,0.012104,0.0094281,0.0067226,0.0042025,0.0020332,0.00032334,-0.00087638,-0.0015691,-0.0018041,-0.0016673,-0.0012715,-0.00075085,-0.00026161
-0.0004437,-0.0017848,-0.0039857,-0.0070067,-0.010817,-0.015387,-0.020682,-0.02664,-0.033161,-0.040094,-0.047231,-0.05431,-0.061018,-0.067012,-0.071942,-0.075475,-0.077329,-0.077292,-0.075252,-0.071205,-0.065261,-0.057643,-0.048673,-0.038753,-0.02834,-0.017915,-0.0079521,0.0011101,0.0089001,0.015136,0.019644,0.022367,0.023365,0.022805,0.020945,0.018108,0.014648,0.010922,0.0072589,0.003933,0.0011493,-0.00096547,-0.0023626,-0.0030643,-0.0031521,-0.0027535,-0.0020299,-0.0011711,-0.00039995
-0.00032106,-0.0014506,-0.0034495,-0.0063489,-0.010173,-0.01494,-0.020648,-0.027262,-0.034692,-0.042774,-0.051267,-0.059847,-0.068117,-0.075633,-0.08193,-0.086564,-0.08915,-0.089398,-0.087144,-0.082367,-0.075199,-0.065918,-0.054932,-0.042755,-0.029972,-0.0172,-0.0050494,0.0059193,0.01523,0.022526,0.02759,0.030359,0.030927,0.029529,0.02652,0.022335,0.017453,0.012348,0.0074489,0.0031086,-0.00042078,-0.002995,-0.0045753,-0.0052154,-0.0050449,-0.0042498,-0.0030578,-0.0017321,-0.00058141
-0.0001492,-0.00095879,-0.0026172,-0.0052497,-0.0089572,-0.013824,-0.019904,-0.027206,-0.03566,-0.045102,-0.055252,-0.065712,-0.075981,-0.085476,-0.093581,-0.0997,-0.10331,-0.10401,-0.10156,-0.095923,-0.087253,-0.075901,-0.062386,-0.047367,-0.031596,-0.015867,-0.00096615,0.012385,0.023575,0.032147,0.037829,0.040552,0.040455,0.037865,0.033267,0.027256,0.020476,0.013559,0.0070696,0.0014581,-0.0029671,-0.0060478,-0.0077683,-0.0082338,-0.0076445,-0.0062685,-0.0044225,-0.0024652,-0.00081422
8.0883e-05,-0.00027442,-0.0014132,-0.0035824,-0.0069862,-0.011801,-0.018166,-0.026156,-0.03575,-0.046793,-0.05897,-0.071797,-0.084632,-0.096714,-0.10722,-0.11535,-0.12038,-0.12176,-0.11917,-0.11251,-0.10199,-0.08805,-0.071347,-0.052735,-0.033181,-0.013709,0.0046657,0.021011,0.034539,0.044659,0.051027,0.053566,0.052475,0.048207,0.041426,0.032943,0.023629,0.014333,0.0057991,-0.0013978,-0.0068847,-0.010499,-0.01227,-0.012386,-0.011149,-0.0089419,-0.0061999,-0.0034042,-0.0011064
0.00037739,0.0006387,0.00024594,-0.0012,-0.0040376,-0.0085711,-0.015061,-0.023692,-0.034524,-0.047439,-0.062095,-0.077907,-0.094056,-0.10954,-0.12325,-0.13409,-0.1411,-0.1435,-0.14083,-0.13298,-0.12016,-0.10296,-0.082224,-0.059049,-0.034685,-0.010457,0.012326,0.032456,0.04891,0.060925,0.068055,0.070211,0.067672,0.06106,0.051285,0.039455,0.026756,0.014335,0.0031745,-0.0059884,-0.012711,-0.016845,-0.018504,-0.018003,-0.015795,-0.012422,-0.0084726,-0.0045827,-0.0014646
0.00074627,0.0018143,0.002447,0.0020624,0.00015128,-0.0037619,-0.010112,-0.019251,-0.031376,-0.046453,-0.064136,-0.083725,-0.10417,-0.12414,-0.14215,-0.15669,-0.16642,-0.1703,-0.16769,-0.1584,-0.14273,-0.12141,-0.095544,-0.066555,-0.036057,-0.0057611,0.022639,0.047577,0.067722,0.082077,0.090058,0.091553,0.086943,0.077075,0.063197,0.046829,0.029598,0.01306,-0.0014705,-0.013053,-0.021174,-0.02574,-0.027007,-0.025489,-0.02186,-0.016875,-0.011324,-0.0060303,-0.0018929
0.0011892,0.0032781,0.0052721,0.0063791,0.0058811,0.0030782,-0.0027085,-0.012082,-0.02547,-0.042998,-0.064363,-0.088746,-0.1148,-0.14074,-0.16452,-0.18409,-0.19759,-0.2036,-0.20122,-0.19022,-0.17096,-0.1444,-0.11199,-0.075575,-0.03723,0.00082962,0.036414,0.067492,0.092327,0.10961,0.11855,0.119,0.11147,0.0971,0.077596,0.055057,0.031732,0.0097592,-0.0090956,-0.023626,-0.033265,-0.038039,-0.038455,-0.035331,-0.029656,-0.022474,-0.01483,-0.007767,-0.0023903
0.0017008,0.00504,0.0087854,0.011919,0.013479,0.012482,0.0079148,-0.0011981,-0.015654,-0.035876,-0.061692,-0.092173,-0.12558,-0.15951,-0.19113,-0.21757,-0.23627,-0.24527,-0.24339,-0.2303,-0.20649,-0.17325,-0.13247,-0.086524,-0.038121,0.0098947,0.054698,0.093653,0.12449,0.14547,0.15554,0.15444,0.14284,0.12225,0.095026,0.064059,0.032495,0.0033102,-0.021091,-0.039163,-0.050325,-0.054859,-0.053685,-0.048093,-0.039517,-0.029383,-0.019045,-0.0097957,-0.0029487
0.0022665,0.0070848,0.013014,0.018818,0.023272,0.025052,0.022698,0.014694,-0.00034561,-0.023366,-0.054504,-0.092771,-0.13592,-0.18063,-0.22293,-0.25879,-0.28465,-0.29784,-0.29678,-0.28109,-0.25147,-0.20964,-0.1581,-0.099939,-0.038629,0.022173,0.078831,0.12794,0.16652,0.19226,0.20369,0.2004,0.18318,0.15405,0.11619,0.07364,0.030851,-0.0079682,-0.039486,-0.06172,-0.07418,-0.07764,-0.073712,-0.064403,-0.051769,-0.037727,-0.023986,-0.012094,-0.003551
0.0028609,0.0093615,0.017924,0.027141,0.035544,0.041426,0.042763,0.037268,0.022637,-0.0029844,-0.040373,-0.088616,-0.14479,-0.20421,-0.2612,-0.31003,-0.34572,-0.36466,-0.36482,-0.3458,-0.30867,-0.25576,-0.19037,-0.11651,-0.038629,0.038595,0.11052,0.17275,0.2214,0.25336,0.26657,0.2603,0.23543,0.19457,0.14202,0.083436,0.025193,-0.026622,-0.067278,-0.094229,-0.10731,-0.10821,-0.099718,-0.084906,-0.066683,-0.047555,-0.029606,-0.014603,-0.00417
0.0034489,0.011775,0.023386,0.036816,0.050441,0.062194,0.069378,0.068648,0.056288,0.028886,-0.015611,-0.076697,-0.15052,-0.23029,-0.30768,-0.37441,-0.42356,-0.45027,-0.45205,-0.42863,-0.38166,-0.31437,-0.23112,-0.1371,-0.037978,0.06032,0.1519,0.23115,0.29299,0.33323,0.34892,0.3388,0.30367,0.24677,0.17385,0.092848,0.013031,-0.056556,-0.10897,-0.14091,-0.15305,-0.14884,-0.13299,-0.11016,-0.084368,-0.058768,-0.03576,-0.017223,-0.0047701
0.0039912,0.014175,0.029117,0.047513,0.067801,0.0877,0.10381,0.11142,0.1047,0.077572,0.025498,-0.052234,-0.15044,-0.25885,-0.36487,-0.45642,-0.52384,-0.56083,-0.5645,-0.53501,-0.475,-0.38895,-0.28266,-0.16279,-0.03651,0.088764,0.20564,0.30697,0.38619,0.43765,0.4571,0.4423,0.39367,0.31497,0.21371,0.101,-0.0094934,-0.10388,-0.17146,-0.20788,-0.21583,-0.20213,-0.17465,-0.14035,-0.10455,-0.070972,-0.042129,-0.019779,-0.0053056
0.0044458,0.016316,0.034547,0.058381,0.086758,0.11756,0.14689,0.16842,0.17328,0.15097,0.092045,-0.0074843,-0.1403,-0.28991,-0.43661,-0.56259,-0.65459,-0.70473,-0.71011,-0.67193,-0.59439,-0.48379,-0.34779,-0.19489,-0.034039,0.12561,0.27491,0.40492,0.50717,0.57409,0.59954,0.57962,0.51372,0.4057,0.26493,0.10678,-0.048359,-0.17837,-0.2656,-0.30399,-0.30119,-0.2705,-0.22495,-0.17461,-0.12604,-0.083129,-0.048013,-0.021931,-0.0056956
0.0047502,0.017746,0.038502,0.067459,0.10485,0.14949,0.19764,0.2416,0.26848,0.2606,0.19902,0.070475,-0.11343,-0.32393,-0.52914,-0.70279,-0.82723,-0.8934,-0.89932,-0.84823,-0.74685,-0.60404,-0.42986,-0.23497,-0.030367,0.17284,0.36351,0.53063,0.6635,0.75203,0.78737,0.76292,0.67586,0.52908,0.33337,0.10928,-0.11275,-0.29611,-0.40897,-0.44152,-0.41462,-0.35414,-0.28122,-0.20936,-0.1456,-0.092814,-0.051893,-0.022929,-0.0057368
0.0047616,0.017578,0.038601,0.070595,0.11628,0.17669,0.24986,0.32821,0.39486,0.42156,0.37215,0.20394,-0.059627,-0.36302,-0.65318,-0.89218,-1.0581,-1.1423,-1.1455,-1.0748,-0.94079,-0.7557,-0.53257,-0.2847,-0.025296,0.23252,0.47559,0.69063,0.86422,0.98315,1.0349,1.0087,0.89758,0.70117,0.42985,0.1092,-0.21625,-0.48416,-0.63077,-0.6345,-0.55637,-0.44534,-0.33307,-0.23502,-0.15582,-0.095033,-0.050761,-0.021232,-0.0049275
0.0041636,0.014323,0.030603,0.060181,0.10958,0.18346,0.28464,0.41024,0.54314,0.6441,0.65722,0.43232,0.035797,-0.41378,-0.82755,-1.1544,-1.371,-1.4725,-1.4659,-1.3648,-1.1856,-0.94533,-0.6604,-0.34639,-0.01863,0.30737,0.61607,0.89202,1.1194,1.2815,1.3607,1.3399,1.2048,0.94789,0.57486,0.11302,-0.37683,-0.78795,-0.98014,-0.8847,-0.70428,-0.51472,-0.35366,-0.23113,-0.143,-0.081421,-0.039923,-0.014404,-0.0023366
0.0023437,0.0062863,0.0086486,0.025395,0.066699,0.1407,0.25884,0.43156,0.65307,0.88527,1.1355,0.82262,0.19065,-0.49331,-1.0846,-1.524,-1.7963,-1.9086,-1.8798,-1.7333,-1.4928,-1.1801,-0.81594,-0.42007,-0.010229,0.39775,0.78796,1.1425,1.4412,1.663,1.7851,1.7826,1.6303,1.3076,0.80603,0.14311,-0.60978,-1.2765,-1.5365,-1.1153,-0.76862,-0.48727,-0.28934,-0.16361,-0.087672,-0.042117,-0.015045,-0.00055357,0.0029383
-0.0020834,-0.006999,-0.031849,-0.042558,-0.031634,0.0075515,0.095928,0.26502,0.53221,0.8578,1.9119,1.432,0.41202,-0.62657,-1.4741,-2.0619,-2.3901,-2.4924,-2.4128,-2.1923,-1.8665,-1.4648,-1.0087,-0.51439,0.00013526,0.51264,1.0009,1.447,1.8343,2.1409,2.3364,2.3836,2.2388,1.8535,1.1899,0.24788,-0.89141,-1.9767,-2.3807,-0.93038,-0.51095,-0.21976,-0.059966,0.0077319,0.026908,0.026797,0.021372,0.016521,0.0094455
-0.013023,-0.02538,-0.085485,-0.13529,-0.18874,-0.25009,-0.30053,-0.30175,-0.22867,-0.35647,2.544,1.5706,0.32889,-0.90835,-1.9785,-2.7404,-3.1462,-3.2367,-3.0886,-2.773,-2.3363,-1.808,-1.2201,-0.60641,0.012175,0.62891,1.2369,1.815,2.329,2.7465,3.0369,3.1514,3.0157,2.5521,1.725,0.59385,-0.69156,-1.972,-2.9343,0.80149,0.4898,0.47664,0.40555,0.2999,0.19524,0.11031,0.049442,0.015445,0.0069865
-0.029244,-0.079008,-0.10561,-0.19601,-0.36246,-0.60791,-0.96304,-1.4816,-2.0935,-2.4927,-5.8891,-3.5563,-2.3682,-2.5342,-3.2592,-3.9201,-4.2308,-4.1916,-3.892,-3.4146,-2.8351,-2.2042,-1.5218,-0.77192,0.027107,0.82371,1.5665,2.2382,2.8552,3.417,3.8723,4.148,4.1722,3.8809,3.3158,2.8108,3.0319,4.8365,8.024,3.2068,2.4736,1.6883,1.0562,0.64369,0.36173,0.16186,0.027387,-0.069433,-0.042363
0.031299,0.084103,0.10303,0.19679,0.36292,0.60912,0.96572,1.4833,2.1014,2.4733,-0.20323,-0.35733,-0.7763,-2.1521,-3.8952,-5.1788,-5.6326,-5.4513,-4.9539,-4.3202,-3.5549,-2.65,-1.6982,-0.79884,0.04167,0.88087,1.7762,2.72,3.6117,4.3607,4.9808,5.4793,5.6999,5.3562,4.2744,2.8056,1.672,1.3465,0.21271,-3.1659,-2.486,-1.6888,-1.0593,-0.64481,-0.36218,-0.16278,-0.024273,0.062827,0.039793
0.016098,0.053299,0.41412,1.0223,1.813,2.7474,3.8279,5.0796,6.4389,7.2547,3.4826,2.0727,3.1019,0.86974,-2.9202,-5.8301,-6.8018,-6.6263,-5.8729,-4.8859,-3.979,-3.2091,-2.3466,-1.23,0.064242,1.3547,2.4599,3.3067,4.0629,4.9616,5.9501,6.7313,6.9819,6.1381,3.3838,-0.27888,-2.6448,-2.1384,-4.0582,-7.5476,-6.7278,-5.2886,-3.9358,-2.783,-1.8057,-0.9964,-0.39681,-0.079969,-0.030022
0.0072014,0.034239,0.70217,1.7178,2.8802,4.0075,4.8805,5.1756,4.4593,2.799,5.0565,4.7004,5.0166,8.6646,-0.21186,-6.7258,-8.4212,-7.9439,-7.2794,-6.5242,-5.2289,-3.5068,-1.9467,-0.81328,0.076195,0.96504,2.0991,3.6597,5.3736,6.6568,7.419,8.1227,8.6584,7.0091,0.48545,-8.7,-5.1904,-5.1569,-5.1695,-2.6893,-4.3914,-5.1417,-4.8426,-3.9565,-2.8244,-1.6708,-0.67518,-0.023727,-0.0030059
0.011743,0.043646,0.95126,2.3005,3.7703,5.0839,5.9509,6.0589,5.2152,3.8176,3.3842,1.7664,2.2294,8.0824,20.694,1.1945,-6.9493,-8.065,-6.7591,-5.3577,-4.9467,-4.9084,-4.0555,-2.1933,0.11662,2.4212,4.2603,5.0737,5.0853,5.5036,6.9257,8.2382,7.0857,-1.1979,-20.865,-8.1683,-2.1901,-1.5103,-3.045,-3.3986,-4.8389,-5.7589,-5.7159,-4.9007,-3.6345,-2.2135,-0.91261,-0.04137,-0.011533
0.0098043,0.038583,1.1645,2.8457,4.7097,6.4802,7.9262,8.8528,9.1391,8.7489,7.3678,3.1171,-4.6267,-11.977,13.063,26.386,4.8519,-3.9983,-9.6677,-10.127,-7.0034,-3.301,-1.1844,-0.39864,0.11427,0.62166,1.4103,3.5566,7.2767,10.366,9.8628,4.1652,-4.7867,-26.635,-13.163,11.997,4.8111,-2.6667,-6.777,-8.1018,-8.5299,-8.333,-7.5092,-6.1632,-4.4869,-2.7111,-1.1077,-0.034424,-0.0086837
0.0095458,0.036365,1.3373,3.3347,5.6684,8.1279,10.606,13.072,15.539,17.978,20.125,21.36,21.49,19.261,-0.82041,20.256,19.163,13.632,3.6813,-2.3014,-6.9885,-9.4215,-7.9547,-4.0772,0.19252,4.4636,8.3101,9.6682,7.1131,2.4085,-3.5379,-13.606,-19.739,-20.383,1.1102,-18.73,-20.866,-20.615,-19.303,-17.14,-14.754,-12.389,-10.049,-7.7026,-5.3721,-3.1589,-1.2648,-0.032639,-0.0086334
0.0079961,0.030527,1.4172,3.6268,6.3561,9.4755,12.987,16.978,21.538,26.623,31.869,36.47,39.343,39.236,35.154,32.217,21.591,4.5542,-22.129,-13.994,-4.5684,0.69103,0.88704,-0.082934,0.16535,0.381,-0.6278,-0.36254,5.0285,14.401,22.18,-5.3655,-21.794,-31.87,-34.708,-38.542,-38.481,-35.506,-30.868,-25.643,-20.633,-16.19,-12.341,-8.9806,-6.0124,-3.4247,-1.3351,-0.026709,-0.0070392
0.006051,0.023037,1.3413,3.5418,6.4039,9.8596,13.968,18.871,24.702,31.447,38.701,45.262,48.407,42.919,22.151,-7.2763,49.376,22.193,9.0489,-3.4915,-14.362,-19.978,-15.492,-7.3178,0.29997,7.9484,16.138,20.427,14.356,3.0627,-9.8043,-22.619,-49.136,7.5148,-21.479,-41.948,-47.294,-44.108,-37.568,-30.379,-23.736,-18.037,-13.286,-9.3384,-6.044,-3.3325,-1.2576,-0.019227,-0.0051013
0.0035492,0.013701,1.0735,2.9641,5.5629,8.8359,12.843,17.726,23.67,30.875,39.522,49.695,61.029,71.606,75.356,57.082,-21.296,34.842,7.637,30.922,17.405,8.6655,-0.5287,-3.1264,0.26245,3.5619,0.76468,-8.4714,-16.932,-30.441,-8.3918,-34.851,21.987,-55.811,-73.976,-70.222,-59.686,-48.419,-38.334,-29.791,-22.709,-16.905,-12.177,-8.3309,-5.2181,-2.7667,-0.99609,-0.0098848,-0.0025995
0.00085083,0.0036586,0.62997,1.9076,3.822,6.3509,9.5043,13.344,17.994,23.682,30.853,40.411,54.114,75.047,107.45,152.39,186.3,91.637,4.1919,42.656,-26.186,-47.736,-32.888,-14.776,0.44985,15.756,34.045,48.759,26.212,-43.806,-4.6227,-91.075,-185.39,-151.11,-106.04,-73.64,-52.777,-39.171,-29.721,-22.666,-17.105,-12.593,-8.9011,-5.8998,-3.5194,-1.7383,-0.56517,0.00019328,0.00010671
-0.0017668,-0.0061228,0.077059,0.5205,1.4204,2.7624,4.486,6.5256,8.8357,11.433,14.499,18.609,25.233,37.694,62.49,108.88,179.53,239.36,38.468,-24.021,6.848,-14.523,-25.583,-16.316,0.44249,17.079,25.916,14.262,-7.2757,23.198,-38.483,-238.26,-178.01,-107.22,-60.913,-36.28,-23.976,-17.489,-13.5,-10.552,-8.074,-5.8905,-3.9837,-2.3943,-1.1801,-0.39069,-0.029014,0.010035,0.0027384
-0.0040175,-0.014653,-0.49094,-0.96521,-1.2379,-1.3007,-1.2621,-1.2964,-1.616,-2.4628,-4.1136,-6.9183,-11.421,-18.668,-30.815,-51.575,-82.591,-95.57,102.02,-40.741,-288.15,-154.1,-69.667,-27.81,0.63018,29.244,71.685,156.72,289.44,39.98,-101.57,96.391,84.153,53.24,32.294,19.921,12.489,7.8438,4.9228,3.166,2.2139,1.7854,1.6394,1.5678,1.4044,1.05,0.52072,0.018658,0.0050124
-0.0057431,-0.021338,-0.983,-2.3094,-3.7181,-5.1562,-6.7314,-8.6529,-11.197,-14.702,-19.596,-26.501,-36.413,-50.919,-71.908,-98.682,-118.12,-91.73,24.051,66.053,-20.256,-79.153,-56.082,-25.627,0.59878,26.831,57.032,79.057,19.637,-66.079,-23.795,95.185,121.23,100.76,73.287,51.925,37.218,27.182,20.183,15.203,11.614,8.9823,6.9737,5.3165,3.8084,2.3493,0.99536,0.025478,0.0067727
-0.0068571,-0.02582,-1.3358,-3.3298,-5.6741,-8.2591,-11.142,-14.489,-18.524,-23.496,-29.669,-37.339,-46.863,-58.653,-73.046,-89.916,-107.54,-116.19,-79.383,26.456,22.766,-27.375,-31.377,-16.746,0.55489,18.167,34.311,35.163,-6.589,-30.611,95.017,123.98,110.49,91.138,73.746,59.188,47.326,37.749,30.025,23.794,18.76,14.661,11.253,8.3174,5.6939,3.3295,1.3334,0.030111,0.0079261
-0.0074079,-0.028218,-1.524,-3.9354,-6.9152,-10.3,-14.072,-18.305,-23.104,-28.547,-34.63,-41.208,-47.921,-54.102,-58.756,-60.928,-61.115,-63.889,-74.042,-5.8411,39.145,6.1501,-9.2064,-7.2246,0.19094,7.5629,9.1178,-8.9155,-50.991,14.845,65.378,58.344,58.729,60.055,58.528,54.142,48.062,41.372,34.778,28.661,23.177,18.336,14.067,10.27,6.8758,3.9029,1.5103,0.032689,0.008524
-0.0074747,-0.028764,-1.5563,-4.1254,-7.41,-11.211,-15.438,-20.065,-25.074,-30.388,-35.801,-40.895,-44.951,-46.857,-45.103,-38.07,-24.884,-6.9444,9.4073,-7.2727,56.522,29.236,7.5381,0.51823,-0.15175,-1.0372,-8.9939,-33.102,-62.137,14.874,-14.748,3.0532,22.775,37.049,44.659,46.694,44.909,40.891,35.792,30.356,25.014,19.981,15.34,11.113,7.3263,4.0702,1.5353,0.033426,0.0086401
-0.0071601,-0.027813,-1.4635,-3.9641,-7.25,-11.112,-15.407,-20.033,-24.884,-29.794,-34.48,-38.47,-41.027,-41.061,-37.079,-27.321,-10.534,11.551,27.183,-11.826,44.149,32.601,14.392,4.5991,-0.29182,-5.2768,-15.289,-33.166,-41.167,9.4475,-23.491,-10.499,10.464,27.069,36.893,40.947,40.944,38.385,34.374,29.662,24.729,19.866,15.242,10.966,7.1375,3.8954,1.4388,0.032662,0.008374
-0.0065919,-0.025819,-1.2854,-3.5482,-6.5937,-10.226,-14.278,-18.606,-23.063,-27.465,-31.562,-34.992,-37.23,-37.484,-34.534,-26.644,-12.206,7.0731,18.449,-7.4542,20.585,25.493,14.847,5.9182,-0.34721,-6.6466,-15.63,-26.096,-20.456,7.8693,-17.978,-6.4022,12.641,26.871,34.636,37.504,37.184,34.887,31.408,27.273,22.848,18.387,14.073,10.053,6.4667,3.4741,1.26,0.030858,0.0078546
-0.0058276,-0.023013,-1.0603,-2.9781,-5.6172,-8.8091,-12.39,-16.202,-20.095,-23.916,-27.508,-30.713,-33.347,-35.092,-35.187,-31.847,-21.945,-3.5878,12.741,-8.3259,7.7039,17.219,12.789,5.9134,-0.37453,-6.6699,-13.53,-17.726,-7.4647,7.9876,-11.819,4.55,22.721,32.392,35.519,35.247,33.362,30.621,27.339,23.696,19.851,15.957,12.167,8.6266,5.4874,2.9049,1.0362,0.028211,0.007131
-0.0049852,-0.019836,-0.81927,-2.341,-4.4803,-7.1026,-10.059,-13.2,-16.385,-19.503,-22.497,-25.414,-28.45,-31.91,-35.865,-39.044,-36.671,-19.813,9.7322,-10.209,7.7433,17.67,13.562,6.5351,-0.39663,-7.3248,-14.314,-18.219,-7.8305,10.036,-9.2085,20.725,37.591,39.77,36.341,32.156,28.512,25.339,22.327,19.275,16.132,12.95,9.8358,6.9237,4.3563,2.273,0.79805,0.025183,0.0063264
-0.0041044,-0.016469,-0.58479,-1.7032,-3.3111,-5.3058,-7.5576,-9.9267,-12.281,-14.523,-16.64,-18.787,-21.422,-25.464,-32.269,-42.616,-52.71,-45.866,0.028717,-9.8552,-6.7763,15.243,15.143,7.7423,-0.42051,-8.5686,-15.901,-15.781,6.6357,9.5814,0.43192,46.845,53.739,43.428,32.796,25.736,21.493,18.714,16.47,14.296,12.032,9.685,7.3456,5.1393,3.1984,1.6432,0.56716,0.02194,0.0054768
-0.0032392,-0.013127,-0.37153,-1.1111,-2.2038,-3.5729,-5.1055,-6.6672,-8.1172,-9.3312,-10.241,-10.915,-11.728,-13.716,-19.209,-32.309,-55.935,-72.286,6.4165,-19.088,64.014,39.762,22.923,10.141,-0.45314,-11.015,-23.672,-40.193,-63.939,18.771,-6.0508,73.356,56.995,33.076,19.665,13.924,11.754,10.816,10.061,9.107,7.8797,6.4418,4.9119,3.4241,2.1054,1.0604,0.3578,0.018697,0.0046359
-0.0024371,-0.0099982,-0.18824,-0.59424,-1.2227,-2.0165,-2.877,-3.6716,-4.2418,-4.4076,-3.972,-2.7304,-0.51748,2.5923,5.5278,3.7473,-16.721,-77.47,-29.956,8.2838,46.013,37.908,22.971,10.222,-0.50725,-11.188,-23.756,-38.284,-45.833,-8.5737,30.08,78.526,17.575,-3.2546,-5.3057,-2.548,0.44436,2.579,3.7721,4.1846,4.0181,3.4666,2.7056,1.8881,1.1399,0.55315,0.1784,0.015656,0.0038552
-0.0017052,-0.007132,-0.039178,-0.16879,-0.40621,-0.71062,-0.99711,-1.1408,-0.97621,-0.28766,1.2201,3.9909,8.7737,16.989,31.607,59.136,111.78,185.71,-11.157,12.468,13.764,22.997,16.778,7.935,-0.59472,-9.0643,-17.686,-23.422,-13.519,-12.182,10.788,-185.2,-111.66,-59.24,-31.779,-17.18,-8.9772,-4.2063,-1.4431,0.066426,0.76859,0.95854,0.84968,0.60334,0.33931,0.13723,0.033069,0.012841,0.0031355
-0.0010876,-0.0046838,0.074742,0.15985,0.22944,0.30949,0.46727,0.80805,1.4759,2.6615,4.6242,7.7346,12.544,19.826,30.304,42.916,48.683,21.842,0.30612,-19.956,-7.7135,9.4586,9.9137,5.0652,-0.7202,-6.4461,-11.075,-10.139,7.724,20.312,-0.48606,-23.007,-49.872,-43.775,-30.879,-20.228,-12.855,-7.9991,-4.8608,-2.8751,-1.6639,-0.96555,-0.58992,-0.39557,-0.28085,-0.18233,-0.077367,0.01044,0.0025289
-0.00057797,-0.0026502,0.15544,0.39538,0.68804,1.0451,1.5125,2.1652,3.102,4.44,6.3072,8.8275,12.085,16.032,20.272,23.642,23.78,17.489,-5.5797,-4.4136,-7.0604,4.2073,5.8432,3.0009,-0.87389,-4.701,-7.3689,-5.3773,6.2312,3.2548,5.6194,-20.135,-25.671,-24.772,-20.964,-16.495,-12.428,-9.1026,-6.5383,-4.6364,-3.2659,-2.2962,-1.6101,-1.1104,-0.72467,-0.40934,-0.15486,0.008438,0.0020265
-0.00018261,-0.0010554,0.2069,0.54822,0.98845,1.5263,2.1864,3.0111,4.0492,5.3375,6.8694,8.539,10.053,10.831,10.032,7.1847,4.133,5.7877,-5.6438,-1.9134,-4.3438,2.8456,4.0441,1.8758,-1.0328,-3.904,-5.9451,-4.5593,2.4757,-0.82292,5.6643,-6.8689,-4.925,-7.7449,-10.468,-11.189,-10.351,-8.7882,-7.077,-5.5081,-4.1854,-3.1147,-2.2594,-1.5719,-1.0112,-0.55431,-0.20339,0.0068637,0.0016357
0.0001009,0.00011096,0.23424,0.63256,1.1579,1.7989,2.5628,3.4662,4.5216,5.7154,6.9707,8.0829,8.6167,7.7679,4.3127,-2.7362,-10.49,-0.35733,-8.921,8.7864,1.6498,3.6509,3.5337,1.3576,-1.1745,-3.6609,-5.6802,-5.5301,-3.3109,-9.937,8.6018,1.0851,11.042,2.8411,-4.4611,-8.004,-8.8578,-8.2971,-7.1488,-5.8571,-4.6291,-3.5428,-2.6123,-1.826,-1.1679,-0.63148,-0.22808,0.0057231,0.0013582
0.00029102,0.00090235,0.24277,0.6633,1.2251,1.9104,2.715,3.6404,4.683,5.819,6.9815,8.0264,8.6778,8.426,6.2959,0.38913,-11.275,-9.9648,1.7746,9.1755,3.735,3.753,3.0772,0.98563,-1.2963,-3.5146,-5.3895,-5.6722,-5.141,-9.7395,-2.0856,9.9955,11.685,-0.38802,-6.4983,-8.6757,-8.9104,-8.2213,-7.1349,-5.9334,-4.7631,-3.6915,-2.7427,-1.9206,-1.2236,-0.65579,-0.23426,0.0049378,0.0011692
0.00039025,0.0013417,0.23732,0.65392,1.2155,1.9013,2.7005,3.6076,4.6162,5.714,6.8813,8.1014,9.4048,10.994,13.533,18.457,25.406,1.1331,-7.685,-5.5475,-0.63497,2.037,2.1643,0.53609,-1.4069,-3.2701,-4.6338,-4.0246,-0.65231,5.3151,8.0386,-1.3349,-26.349,-19.221,-14.047,-11.348,-9.66,-8.2879,-7.0144,-5.8039,-4.6713,-3.6355,-2.7086,-1.8962,-1.2037,-0.64069,-0.22671,0.0045137,0.0010737
0.00041871,0.0014943,0.22187,0.61563,1.1502,1.8035,2.5613,3.4133,4.3516,5.3696,6.4675,7.666,9.0328,10.7,12.754,14.527,12.255,-1.9884,-3.2958,-6.3453,-2.4807,0.72214,1.3283,0.1106,-1.5133,-3.0497,-3.9886,-2.9124,0.85185,5.0884,1.603,2.057,-14.082,-15.551,-13.312,-11.05,-9.273,-7.8328,-6.578,-5.4358,-4.3835,-3.4203,-2.5517,-1.785,-1.1293,-0.59736,-0.20942,0.0043725,0.0010482
0.00038778,0.0014066,0.19971,0.55764,1.0462,1.6433,2.3316,3.096,3.9219,4.7944,5.6981,6.6164,7.5172,8.2982,8.6281,7.6827,4.8095,-4.9911,4.4317,-1.8672,-1.8561,0.25598,0.79558,-0.21231,-1.6151,-2.926,-3.6515,-2.667,-0.099408,0.10121,-6.2056,4.787,-4.3286,-7.4853,-8.7453,-8.5017,-7.7019,-6.7524,-5.7841,-4.8378,-3.9327,-3.0842,-2.3065,-1.613,-1.0173,-0.53498,-0.18566,0.0044684,0.0010813
0.00030762,0.0011227,0.17352,0.48761,0.91829,1.444,2.0449,2.7003,3.3863,4.0728,4.7183,5.2585,5.5813,5.4808,4.6192,2.5235,-2.8985,-0.29465,-2.6622,-2.8813,-1.985,-0.11215,0.40823,-0.45846,-1.7084,-2.8612,-3.4344,-2.4577,-0.086377,1.2714,1.7477,0.020085,2.9422,-2.6363,-4.8731,-5.7205,-5.7624,-5.3783,-4.7846,-4.0964,-3.3786,-2.6721,-2.0064,-1.4036,-0.88266,-0.46119,-0.15808,0.0047682,0.0011657
0.00019505,0.00069718,0.14547,0.41189,0.77899,1.2265,1.7333,2.2744,2.8183,3.3232,3.7318,3.9621,3.8879,3.2926,1.8101,-0.72187,0.8057,-2.4762,-2.6809,-2.9909,-2.0456,-0.38059,0.11442,-0.65104,-1.7913,-2.8288,-3.2871,-2.3148,-0.08823,1.5104,2.0766,2.4046,-0.87822,-0.32386,-2.4092,-3.6142,-4.0742,-4.0686,-3.781,-3.3297,-2.7948,-2.2326,-1.6837,-1.1779,-0.73783,-0.38241,-0.1289,0.0051907,0.0012779
5.4785e-05,0.00015825,0.11725,0.33544,0.63828,1.008,1.4239,1.8599,2.2814,2.6424,2.886,2.9536,2.8172,2.5694,2.624,3.8116,-1.2888,1.8093,-1.0075,-2.4195,-1.9276,-0.55583,-0.11421,-0.80623,-1.8633,-2.8137,-3.1913,-2.272,-0.35713,0.65909,-0.43178,-3.3625,1.2598,-4.0616,-2.7485,-2.7108,-2.9418,-3.0343,-2.9187,-2.6349,-2.2455,-1.8077,-1.366,-0.95317,-0.59305,-0.3037,-0.099823,0.0057309,0.0014189
-0.00010277,-0.00045983,0.089953,0.26161,0.5029,0.7998,1.1346,1.4834,1.8133,2.0781,2.2192,2.1743,1.9009,1.401,0.69503,-0.63984,-0.17949,-5.7362,-4.1154,-3.1899,-2.1065,-0.75478,-0.31539,-0.93732,-1.9237,-2.8007,-3.1054,-2.1964,-0.33296,1.1885,2.3595,4.1843,-0.075296,0.80616,-0.64657,-1.5396,-2.0401,-2.2586,-2.2472,-2.0629,-1.7697,-1.4248,-1.0718,-0.74159,-0.45548,-0.22864,-0.072061,0.00634,0.0015746
-0.00027353,-0.0011391,0.064246,0.19234,0.37651,0.60733,0.87221,1.1537,1.4257,1.6481,1.7619,1.6963,1.3947,0.81328,-0.16885,1.0235,-0.81962,-2.8127,-3.6907,-3.2614,-2.1712,-0.9027,-0.47916,-1.0446,-1.9712,-2.7863,-3.0323,-2.1415,-0.35517,1.2496,2.2635,2.2449,0.68318,-1.0922,-0.88935,-1.3525,-1.6488,-1.8081,-1.793,-1.6306,-1.38,-1.094,-0.80925,-0.5493,-0.32931,-0.15949,-0.046385,0.006999,0.0017407
-0.00045969,-0.001882,0.040596,0.12888,0.26079,0.43145,0.63449,0.86209,1.102,1.3293,1.4928,1.5188,1.4233,1.6787,2.7503,-0.27756,2.6192,-0.70955,-2.743,-2.9739,-2.1156,-0.991,-0.60438,-1.1283,-2.0052,-2.7696,-2.9743,-2.1257,-0.4874,0.88887,1.1769,-0.4556,-3.8369,0.20848,-2.777,-1.7411,-1.5459,-1.5964,-1.5155,-1.3126,-1.0611,-0.80853,-0.57744,-0.37821,-0.21692,-0.097891,-0.023405,0.0077183,0.0019212
-0.00065599,-0.0026716,0.019778,0.073116,0.15803,0.27253,0.41524,0.58856,0.79958,1.0515,1.3063,1.3841,0.81941,-0.74338,0.62939,0.48215,-4.3495,-3.7152,-3.4714,-3.0558,-2.1179,-1.0645,-0.70378,-1.192,-2.0255,-2.7468,-2.9195,-2.1081,-0.557,0.87692,1.7612,2.3823,3.3382,-0.6597,-0.59602,0.2494,-1.0891,-1.4943,-1.3429,-1.0509,-0.77642,-0.55167,-0.37208,-0.22979,-0.1212,-0.046018,-0.0040321,0.0084577,0.0021052
-0.00087043,-0.0035288,0.0033046,0.028836,0.074146,0.13669,0.21533,0.31714,0.46745,0.72217,1.1685,1.844,2.356,1.1641,1.2597,-2.1707,-3.8653,-4.1194,-3.7784,-3.1169,-2.1184,-1.1181,-0.77955,-1.2371,-2.0321,-2.7162,-2.8652,-2.0915,-0.61396,0.86043,1.9794,2.756,3.0023,1.7888,-1.3034,-1.7814,-2.53,-1.9213,-1.226,-0.75893,-0.48045,-0.3101,-0.19517,-0.11062,-0.048316,-0.0078376,0.01016,0.0092587,0.0023055
-0.001104,-0.0044517,-0.0065148,0.0021629,0.020413,0.041318,0.056675,0.06314,0.073967,0.14533,0.43766,1.3279,3.2358,2.271,-0.27723,3.1157,-0.67198,-2.8805,-3.4164,-2.9855,-2.064,-1.141,-0.83115,-1.2641,-2.0248,-2.677,-2.811,-2.0851,-0.71176,0.64522,1.4502,1.1441,-1.1106,-5.265,0.14487,-2.1905,-3.0736,-1.4479,-0.59745,-0.26553,-0.14677,-0.098886,-0.067544,-0.037371,-0.0092356,0.01062,0.016866,0.01011,0.0025212
-0.001349,-0.0054161,-0.0073574,-0.00038984,0.010724,0.013704,-0.0093196,-0.081342,-0.23255,-0.51124,-1.0228,-1.994,-3.3445,0.8087,0.19965,-1.3923,-1.9225,-2.8529,-3.227,-2.8509,-1.9963,-1.1462,-0.8641,-1.2754,-2.0037,-2.6267,-2.7502,-2.0718,-0.79427,0.47878,1.2497,1.2693,0.836,1.0647,-0.45032,-0.80882,1.7702,1.1726,0.59729,0.27055,0.090974,-0.0010556,-0.035987,-0.03523,-0.017021,0.0031014,0.013814,0.010988,0.0027441
-0.0016165,-0.0064382,0.0015042,0.023577,0.052075,0.072922,0.066671,0.0091542,-0.12401,-0.33563,-0.53765,-0.37151,1.4515,0.4653,5.8574,1.0628,-1.4924,-2.7159,-3.0923,-2.7438,-1.9385,-1.1462,-0.88489,-1.2736,-1.9693,-2.5635,-2.677,-2.0395,-0.84105,0.37047,1.1243,1.1623,0.32654,-2.0826,-7.4006,-0.56259,-1.3451,0.22253,0.24633,0.089452,-0.050871,-0.12732,-0.14444,-0.1213,-0.078019,-0.032633,0.0002926,0.01192,0.0029885
-0.0018808,-0.007427,0.017808,0.067967,0.13379,0.2036,0.26431,0.30228,0.3085,0.31204,0.49499,1.2476,0.76997,0.54559,-2.9739,-2.8201,-2.9777,-3.2022,-3.1772,-2.7122,-1.9063,-1.1485,-0.89763,-1.261,-1.9226,-2.4873,-2.5893,-1.9837,-0.84164,0.35664,1.2291,1.6823,1.88,2.0873,2.5643,-0.87518,-0.67499,-2.3309,-1.0457,-0.6258,-0.51788,-0.45241,-0.37392,-0.28062,-0.18175,-0.090572,-0.021476,0.012809,0.0032304
-0.0020238,-0.008121,0.03628,0.11825,0.22756,0.35636,0.50118,0.66188,0.82562,0.93438,0.96154,1.8619,0.48231,1.3537,-2.3029,-3.4638,-3.6785,-3.5964,-3.3026,-2.713,-1.8877,-1.1499,-0.90213,-1.2383,-1.8649,-2.3999,-2.4901,-1.9107,-0.81318,0.38571,1.3705,2.0769,2.5486,2.6297,1.5762,-2.2701,-0.59416,-1.7066,-0.95778,-1.1341,-1.034,-0.83755,-0.64344,-0.46488,-0.30022,-0.15607,-0.046093,0.013321,0.0033102
-0.0026843,-0.0098355,0.049957,0.15647,0.29823,0.46801,0.67019,0.93101,1.2865,1.6761,1.684,0.82191,-0.078847,-0.751,-2.4412,-3.4883,-3.8415,-3.751,-3.3593,-2.699,-1.863,-1.1427,-0.89585,-1.2051,-1.7976,-2.3041,-2.3845,-1.8312,-0.77808,0.40751,1.4412,2.2188,2.6672,2.5954,1.736,0.21495,-0.19777,-0.72918,-2.7867,-2.2373,-1.5949,-1.151,-0.85098,-0.6118,-0.39748,-0.20981,-0.065682,0.015253,0.0041036
-0.00088141,-0.0061996,0.054562,0.16882,0.32013,0.49045,0.67005,0.88558,1.2362,1.7787,1.5054,0.25474,0.83947,-0.76486,-2.2245,-3.2423,-3.7173,-3.7113,-3.3251,-2.6488,-1.8202,-1.1212,-0.87666,-1.1615,-1.7219,-2.2028,-2.2771,-1.7527,-0.74953,0.40157,1.4251,2.1687,2.5024,2.2786,1.3968,-0.079118,-1.9013,-0.34285,-1.3378,-1.8091,-1.4079,-1.0956,-0.88093,-0.66864,-0.44352,-0.23401,-0.074188,0.0099511,0.0015152
-0.008319,-0.022192,0.040174,0.14875,0.29174,0.43491,0.52443,0.50508,0.42462,0.69275,0.18583,0.058768,0.017428,-0.9292,-2.0814,-2.9996,-3.51,-3.5725,-3.2251,-2.5645,-1.7577,-1.084,-0.84432,-1.108,-1.6394,-2.098,-2.1703,-1.6781,-0.72983,0.37168,1.3539,2.0365,2.2886,2.0349,1.2915,0.2356,-0.61774,-0.44946,-0.027622,-1.7745,-0.82836,-0.78246,-0.7822,-0.64438,-0.42798,-0.21363,-0.054645,0.033042,0.012437
0.018588,0.035414,0.02725,0.099946,0.22432,0.35931,0.43523,0.3013,-0.26263,-0.13695,0.15949,2.4946,0.6583,-0.93061,-2.09,-2.8958,-3.3497,-3.4183,-3.0965,-2.4595,-1.6803,-1.0336,-0.80035,-1.0459,-1.5513,-1.991,-2.0648,-1.6067,-0.71504,0.33144,1.267,1.9085,2.1534,1.9765,1.3831,0.32475,-1.4006,-3.8645,-0.33734,0.55766,0.6195,-0.45353,-0.69304,-0.56402,-0.34127,-0.14178,-0.030959,-0.059044,-0.031334
-0.059885,-0.13485,-0.067361,0.0085001,0.092542,0.21193,0.41672,0.7734,1.2217,0.14633,0.14459,-1.6063,-1.7139,-2.1253,-2.6349,-3.0668,-3.3195,-3.3066,-2.9713,-2.3482,-1.5948,-0.97367,-0.74722,-0.97675,-1.4588,-1.8824,-1.9602,-1.5367,-0.70017,0.2934,1.1929,1.8347,2.1636,2.2181,2.0808,1.8613,1.7452,1.8903,-0.40892,-0.33182,-2.2261,-1.3473,-0.69437,-0.33388,-0.13395,0.0070191,0.13993,0.28141,0.13084
0.062241,0.1412,0.065298,-0.0080781,-0.092609,-0.21309,-0.41511,-0.77896,-1.2092,-0.17829,-1.1161,-2.3766,-2.7573,-2.9772,-3.1775,-3.3283,-3.3743,-3.2423,-2.8626,-2.2394,-1.5064,-0.90782,-0.68743,-0.90244,-1.3632,-1.7728,-1.8563,-1.4667,-0.68246,0.26278,1.1379,1.8045,2.2396,2.4982,2.653,2.7714,2.8901,2.8198,1.6062,0.43786,2.1856,1.3604,0.69051,0.33589,0.13382,-0.0073711,-0.13755,-0.28862,-0.13352
0.0052406,-0.023334,-0.025679,-0.093202,-0.21188,-0.377,-0.57373,-0.7272,-0.75438,-1.7085,-1.5717,-2.4577,-3.042,-3.3557,-3.5058,-3.5333,-3.4416,-3.2026,-2.7684,-2.1356,-1.4176,-0.83834,-0.62294,-0.82441,-1.2655,-1.6628,-1.753,-1.3964,-0.66172,0.23858,1.0939,1.785,2.2939,2.6498,2.8702,2.9397,2.7839,2.223,1.1946,1.8201,0.57992,0.784,0.67854,0.44495,0.2354,0.081452,-0.00061172,0.018298,-0.010207
-0.016061,-0.053733,-0.081735,-0.15106,-0.26784,-0.42365,-0.59808,-0.76625,-1.0052,-1.7306,-1.9966,-2.5826,-3.1133,-3.4666,-3.6359,-3.6343,-3.4759,-3.1634,-2.6809,-2.0356,-1.3291,-0.76646,-0.55508,-0.74379,-1.1665,-1.5529,-1.6506,-1.3261,-0.63902,0.21773,1.0517,1.7531,2.2921,2.6639,2.851,2.8239,2.548,2.0179,1.4223,1.3804,0.5769,0.52222,0.49302,0.37712,0.2397,0.12982,0.073338,0.066614,0.025122
-0.017145,-0.053308,-0.097134,-0.16969,-0.27975,-0.4251,-0.59929,-0.80956,-1.1219,-1.6476,-2.0725,-2.5767,-3.0586,-3.4247,-3.6251,-3.6373,-3.4612,-3.1095,-2.593,-1.9371,-1.2406,-0.69272,-0.48469,-0.66142,-1.0671,-1.4438,-1.5495,-1.2563,-0.6154,0.19787,1.0059,1.701,2.2367,2.5839,2.7169,2.625,2.3234,1.8708,1.4064,1.0922,0.60843,0.43727,0.36652,0.28708,0.1993,0.12622,0.08183,0.058176,0.023345
-0.012881,-0.044377,-0.091559,-0.16375,-0.26816,-0.40755,-0.58487,-0.81385,-1.1298,-1.5583,-1.9995,-2.4712,-2.9262,-3.2982,-3.5269,-3.5672,-3.4001,-3.0355,-2.5,-1.8383,-1.1517,-0.6174,-0.41234,-0.57787,-0.9676,-1.3356,-1.45,-1.1873,-0.5913,0.17818,0.95533,1.631,2.1437,2.4526,2.5375,2.4099,2.112,1.7129,1.3022,0.94547,0.59727,0.40011,0.29423,0.2171,0.15094,0.098573,0.063075,0.038545,0.014201
-0.0085003,-0.034305,-0.078829,-0.14787,-0.24747,-0.38258,-0.55937,-0.78938,-1.0898,-1.466,-1.8834,-2.3272,-2.7619,-3.1341,-3.3828,-3.4509,-3.3037,-2.9424,-2.4008,-1.7384,-1.0622,-0.54078,-0.33846,-0.49358,-0.86848,-1.2288,-1.352,-1.1189,-0.56655,0.15906,0.90151,1.549,2.03,2.3003,2.3496,2.205,1.9203,1.5612,1.1924,0.85824,0.57129,0.37593,0.25318,0.17078,0.11118,0.068574,0.040078,0.020917,0.0065348
-0.0052473,-0.02595,-0.066216,-0.13127,-0.22663,-0.35771,-0.5308,-0.75416,-1.0365,-1.3787,-1.7664,-2.1823,-2.5964,-2.9626,-3.2214,-3.3106,-3.1845,-2.8348,-2.2958,-1.6374,-0.97247,-0.46322,-0.26347,-0.40887,-0.76993,-1.1233,-1.2554,-1.0509,-0.5406,0.14158,0.84703,1.4619,1.9091,2.146,2.1715,2.0222,1.7552,1.4304,1.0997,0.79835,0.546,0.35926,0.23081,0.14375,0.084767,0.046005,0.022219,0.0086848,0.0016818
-0.0031772,-0.020177,-0.056778,-0.11843,-0.21038,-0.33777,-0.50596,-0.72066,-0.98655,-1.3037,-1.6641,-2.0534,-2.4458,-2.8002,-3.0602,-3.162,-3.0534,-2.7179,-2.1869,-1.5359,-0.8828,-0.38512,-0.18773,-0.32401,-0.67207,-1.019,-1.1598,-0.98271,-0.51275,0.12693,0.79448,1.3753,1.7902,2.0003,2.0118,1.8657,1.6185,1.3245,1.0272,0.75572,0.52713,0.34997,0.2211,0.13122,0.070944,0.032964,0.011526,0.001668,-0.00091109
-0.002061,-0.016911,-0.051252,-0.11077,-0.2005,-0.32499,-0.48853,-0.69501,-0.94708,-1.2443,-1.5813,-1.946,-2.316,-2.6544,-2.9084,-3.0148,-2.9185,-2.5964,-2.076,-1.4347,-0.79369,-0.30693,-0.11161,-0.23924,-0.57499,-0.91586,-1.0651,-0.91396,-0.48237,0.11616,0.74599,1.2931,1.6788,1.8685,1.873,1.735,1.5083,1.2418,0.973,0.72636,0.5159,0.34762,0.22043,0.12902,0.066921,0.028058,0.0069702,-0.0014169,-0.0020165
-0.0016405,-0.015698,-0.049272,-0.1081,-0.19688,-0.31955,-0.47938,-0.67895,-0.91966,-1.2007,-1.5175,-1.8596,-2.2074,-2.5273,-2.7699,-2.8746,-2.785,-2.474,-1.9648,-1.3344,-0.70559,-0.22903,-0.03542,-0.15473,-0.4787,-0.81378,-0.97094,-0.84425,-0.449,0.11001,0.70303,1.2178,1.5778,1.7523,1.7548,1.6276,1.4207,1.1786,0.93384,0.70751,0.5115,0.35095,0.22602,0.1337,0.069606,0.028905,0.0067173,-0.0019262,-0.0022398
-0.0016975,-0.01601,-0.05008,-0.10949,-0.19853,-0.32048,-0.47772,-0.67182,-0.90326,-1.1708,-1.47,-1.7918,-2.118,-2.418,-2.6458,-2.7436,-2.656,-2.3533,-1.8547,-1.2357,-0.61883,-0.15172,0.040581,-0.070637,-0.38325,-0.71263,-0.87708,-0.77331,-0.41234,0.10893,0.66648,1.1509,1.4884,1.6515,1.6552,1.5398,1.3517,1.1309,0.90635,0.69667,0.51237,0.35833,0.23555,0.14254,0.076361,0.033288,0.0090876,-0.00092926,-0.0019841
-0.0020682,-0.017376,-0.052895,-0.11389,-0.20418,-0.32636,-0.48204,-0.67196,-0.89582,-1.1519,-1.4359,-1.7389,-2.0445,-2.3241,-2.535,-2.6225,-2.533,-2.2357,-1.7467,-1.139,-0.53361,-0.075211,0.11621,0.012943,-0.28862,-0.61232,-0.78339,-0.701,-0.37228,0.11307,0.63673,1.0927,1.4105,1.5652,1.5718,1.4683,1.2973,1.095,0.88753,0.6916,0.51686,0.36818,0.24721,0.15352,0.085231,0.039539,0.012845,0.00084608,-0.0014944
-0.002639,-0.019439,-0.057068,-0.12037,-0.21262,-0.33578,-0.49074,-0.67749,-0.8951,-1.1413,-1.4117,-1.6978,-1.9838,-2.2432,-2.436,-2.5109,-2.4165,-2.1221,-1.6413,-1.0443,-0.45002,0.00039587,0.19136,0.09594,-0.19483,-0.51279,-0.68977,-0.62727,-0.32887,0.12239,0.61379,1.0433,1.3436,1.4917,1.5022,1.41,1.2543,1.068,0.87494,0.69042,0.52355,0.37925,0.25972,0.16528,0.094919,0.046554,0.017191,0.002952,-0.00090958
-0.0033361,-0.021948,-0.062118,-0.12821,-0.22292,-0.34758,-0.50242,-0.68678,-0.89913,-1.1368,-1.395,-1.6654,-1.933,-2.1726,-2.347,-2.4078,-2.3063,-2.0127,-1.5388,-0.95187,-0.36803,0.075074,0.26596,0.17832,-0.10185,-0.41399,-0.59619,-0.55216,-0.28224,0.13669,0.59746,1.0022,1.2867,1.4295,1.4439,1.3622,1.22,1.0476,0.86673,0.69174,0.53138,0.39067,0.27224,0.17701,0.10464,0.053677,0.021658,0.0051361,-0.00030301
-0.0041138,-0.024738,-0.067717,-0.13689,-0.23437,-0.36087,-0.51601,-0.69852,-0.90634,-1.1363,-1.3835,-1.6394,-1.8896,-2.1103,-2.2661,-2.3121,-2.2021,-1.9075,-1.4391,-0.86154,-0.28756,0.14886,0.34002,0.26009,-0.0096739,-0.31589,-0.50265,-0.47574,-0.23259,0.15569,0.58738,0.96883,1.239,1.3771,1.3952,1.3228,1.1925,1.032,0.86152,0.69457,0.53963,0.40188,0.28428,0.18825,0.11398,0.060557,0.025999,0.0072684,0.0002894
-0.0049445,-0.027705,-0.073651,-0.14607,-0.24649,-0.37503,-0.53071,-0.71173,-0.91553,-1.1386,-1.3756,-1.618,-1.8518,-2.0542,-2.1919,-2.2226,-2.103,-1.8062,-1.3423,-0.77319,-0.20846,0.22184,0.41356,0.34126,0.08172,-0.21849,-0.40918,-0.39815,-0.18016,0.17905,0.58312,0.94265,1.1993,1.3331,1.3545,1.2903,1.1703,1.02,0.85839,0.69824,0.54788,0.41257,0.2956,0.19878,0.12274,0.067033,0.030101,0.0092898,0.00085188
-0.0058114,-0.030781,-0.079781,-0.15553,-0.25897,-0.38963,-0.54599,-0.72575,-0.92588,-1.1425,-1.3699,-1.5997,-1.8179,-2.0028,-2.1229,-2.1383,-2.0086,-1.7085,-1.2479,-0.68663,-0.13055,0.29413,0.48665,0.42186,0.17236,-0.12178,-0.31581,-0.3195,-0.1252,0.20644,0.58424,0.92299,1.1669,1.2964,1.3205,1.2633,1.1522,1.0107,0.85669,0.70236,0.55588,0.42263,0.30613,0.20854,0.13087,0.073054,0.033925,0.011179,0.0013788
-0.0067035,-0.033926,-0.086015,-0.16512,-0.27158,-0.40438,-0.56147,-0.74007,-0.93676,-1.1472,-1.3657,-1.5835,-1.7869,-1.9551,-2.058,-2.0583,-1.918,-1.6139,-1.1559,-0.60167,-0.05367,0.36584,0.55934,0.50195,0.26228,-0.025741,-0.22258,-0.23994,-0.06794,0.23752,0.5903,0.90925,1.141,1.2662,1.2922,1.2409,1.1374,1.0035,0.85604,0.7067,0.56355,0.43204,0.3159,0.21756,0.13838,0.078623,0.037468,0.012932,0.0018693
-0.0076135,-0.037109,-0.092292,-0.17473,-0.28418,-0.41908,-0.57689,-0.75438,-0.94775,-1.1524,-1.3622,-1.5685,-1.7578,-1.9099,-1.9963,-1.9817,-1.8308,-1.5221,-1.066,-0.51808,0.022371,0.43711,0.63173,0.58158,0.35152,0.069635,-0.12955,-0.1596,-0.0086143,0.27198,0.60088,0.9009,1.1208,1.2415,1.2688,1.2225,1.1254,0.99802,0.85617,0.71115,0.57087,0.44083,0.32495,0.2259,0.14532,0.083769,0.040744,0.014557,0.0023245
-0.0085356,-0.040309,-0.098565,-0.18428,-0.29666,-0.43359,-0.59206,-0.76843,-0.95855,-1.1575,-1.3591,-1.5543,-1.7301,-1.8667,-1.9371,-1.9079,-1.7463,-1.4327,-0.97778,-0.43568,0.097737,0.50805,0.70389,0.6608,0.44012,0.16436,-0.036738,-0.078578,0.052572,0.30951,0.61561,0.89744,1.1059,1.2218,1.2497,1.2073,1.1157,0.99395,0.85696,0.71567,0.57786,0.44908,0.33338,0.23364,0.15174,0.088531,0.043777,0.016061,0.0027463
-0.0094649,-0.043507,-0.1048,-0.19373,-0.30893,-0.44779,-0.60683,-0.78205,-0.96894,-1.1624,-1.3558,-1.5404,-1.7031,-1.8249,-1.8798,-1.8364,-1.6642,-1.3453,-0.89115,-0.35427,0.17258,0.57878,0.77589,0.73967,0.52812,0.25845,0.055815,0.0030106,0.11544,0.34987,0.63415,0.89847,1.0956,1.2065,1.2344,1.1952,1.1081,0.99112,0.85833,0.72027,0.58459,0.45687,0.34127,0.24085,0.15771,0.092952,0.04659,0.017454,0.003137
-0.010397,-0.04669,-0.11096,-0.20302,-0.32093,-0.4616,-0.62111,-0.79509,-0.97874,-1.1667,-1.3522,-1.5264,-1.6765,-1.7839,-1.8238,-1.7667,-1.5839,-1.2597,-0.80584,-0.27369,0.24703,0.64939,0.84781,0.81824,0.61556,0.35192,0.14809,0.085081,0.17981,0.39281,0.6562,0.9036,1.0896,1.1952,1.2225,1.1856,1.1024,0.98943,0.86024,0.72497,0.59112,0.46428,0.3487,0.24761,0.16329,0.097072,0.049205,0.018747,0.0034986
-0.011328,-0.049842,-0.11703,-0.2121,-0.33261,-0.47494,-0.6348,-0.80745,-0.98783,-1.1703,-1.3481,-1.5122,-1.65,-1.7435,-1.7689,-1.6984,-1.5053,-1.1756,-0.72166,-0.19378,0.32121,0.71998,0.9197,0.89657,0.70247,0.4448,0.24007,0.16756,0.24556,0.43813,0.68148,0.91251,1.0876,1.1876,1.2138,1.1786,1.0984,0.98882,0.8627,0.72981,0.59752,0.4714,0.35577,0.25399,0.16853,0.10093,0.051644,0.019949,0.0038333
-0.012255,-0.052952,-0.12297,-0.22095,-0.3439,-0.48776,-0.64782,-0.81904,-0.9961,-1.1732,-1.3433,-1.4975,-1.6233,-1.7033,-1.7147,-1.6311,-1.4279,-1.0926,-0.63842,-0.11442,0.39521,0.79061,0.99162,0.97469,0.7889,0.5371,0.33174,0.25038,0.31255,0.48565,0.70976,0.92493,1.0891,1.1834,1.2079,1.1737,1.096,0.98923,0.86571,0.73486,0.60387,0.4783,0.36254,0.26006,0.17349,0.10456,0.053929,0.02107,0.0041434
-0.013174,-0.056008,-0.12877,-0.22953,-0.35477,-0.49999,-0.66011,-0.82979,-1.0034,-1.1751,-1.3377,-1.4822,-1.5963,-1.6632,-1.661,-1.5647,-1.3516,-1.0107,-0.55598,-0.035495,0.46912,0.86135,1.0636,1.0526,0.87488,0.62884,0.42309,0.33348,0.38068,0.53521,0.74084,0.9406,1.094,1.1824,1.2047,1.171,1.0951,0.99066,0.86932,0.74016,0.61024,0.48507,0.36909,0.26588,0.17821,0.10799,0.05608,0.022117,0.0044308
-0.014081,-0.058998,-0.13441,-0.2378,-0.36517,-0.51158,-0.67161,-0.83961,-1.0098,-1.176,-1.3311,-1.4661,-1.5688,-1.6229,-1.6075,-1.4989,-1.2761,-0.92969,-0.47419,0.043093,0.543,0.93223,1.1357,1.1304,0.96044,0.72005,0.51411,0.41682,0.44984,0.58664,0.7745,0.95932,1.1021,1.1843,1.2041,1.1703,1.0957,0.99311,0.87353,0.74577,0.61669,0.49178,0.37549,0.2715,0.18274,0.11127,0.058115,0.023101,0.0046977
-0.014974,-0.061912,-0.13985,-0.24573,-0.37506,-0.52248,-0.68225,-0.84846,-1.0151,-1.1759,-1.3235,-1.4491,-1.5407,-1.5823,-1.554,-1.4335,-1.2012,-0.84933,-0.39294,0.12142,0.61691,1.0033,1.2079,1.2081,1.0456,0.81073,0.6048,0.50035,0.51995,0.63983,0.8106,0.98088,1.1131,1.1889,1.2058,1.1715,1.0978,0.99657,0.8784,0.75174,0.6233,0.49849,0.3818,0.27699,0.18712,0.11441,0.060052,0.024028,0.0049463
-0.015848,-0.064739,-0.14509,-0.2533,-0.3844,-0.53265,-0.69199,-0.85626,-1.0193,-1.1745,-1.3148,-1.4312,-1.5118,-1.5413,-1.5005,-1.3684,-1.1268,-0.76954,-0.31213,0.19956,0.69088,1.0745,1.2803,1.2857,1.1303,0.9009,0.69514,0.58403,0.59092,0.69464,0.84897,1.0051,1.127,1.1962,1.2099,1.1746,1.1013,1.0011,0.88397,0.75814,0.63012,0.50526,0.38808,0.2824,0.1914,0.11745,0.061909,0.024909,0.0051785
-0.016702,-0.067469,-0.15011,-0.26047,-0.39315,-0.54204,-0.70078,-0.86297,-1.0222,-1.172,-1.305,-1.4122,-1.4821,-1.4998,-1.4468,-1.3033,-1.0528,-0.69019,-0.23168,0.27756,0.76494,1.146,1.3527,1.3632,1.2147,0.99056,0.78513,0.66781,0.66267,0.75096,0.88947,1.0319,1.1434,1.206,1.2161,1.1795,1.1062,1.0066,0.89026,0.76501,0.63722,0.51217,0.39439,0.28777,0.1956,0.12041,0.063703,0.02575,0.0053967
-0.017532,-0.070091,-0.15488,-0.26722,-0.40128,-0.55061,-0.70857,-0.86854,-1.024,-1.1682,-1.2939,-1.3921,-1.4515,-1.4576,-1.3928,-1.2383,-0.97909,-0.6112,-0.15152,0.35545,0.83909,1.2177,1.4253,1.4405,1.2987,1.0797,0.87474,0.75165,0.73512,0.80868,0.93196,1.061,1.1623,1.2182,1.2245,1.1862,1.1125,1.0132,0.89732,0.77241,0.64466,0.51928,0.40078,0.29315,0.19978,0.12333,0.065451,0.026559,0.0056028
-0.018335,-0.072596,-0.15938,-0.27351,-0.40875,-0.55832,-0.71531,-0.87292,-1.0245,-1.1631,-1.2815,-1.3708,-1.4199,-1.4147,-1.3383,-1.1732,-0.90549,-0.53247,-0.071585,0.43327,0.91335,1.2895,1.498,1.5177,1.3823,1.1683,0.96395,0.83551,0.8082,0.8677,0.97632,1.0923,1.1836,1.2326,1.2349,1.1946,1.1202,1.0209,0.9052,0.7804,0.6525,0.52663,0.40732,0.29859,0.20396,0.12622,0.067169,0.027345,0.0057992
-0.019108,-0.074972,-0.16359,-0.27932,-0.41552,-0.56511,-0.72096,-0.87606,-1.0236,-1.1566,-1.2678,-1.3483,-1.3873,-1.371,-1.2834,-1.108,-0.83197,-0.45395,0.0081569,0.51103,0.98771,1.3615,1.5708,1.5948,1.4655,1.2564,1.0527,0.91933,0.88183,0.92791,1.0224,1.1258,1.2072,1.2493,1.2473,1.2047,1.1293,1.0297,0.91393,0.78902,0.66079,0.53429,0.41404,0.30413,0.20818,0.12911,0.068872,0.028116,0.0059879
-0.019848,-0.077211,-0.16751,-0.28462,-0.42156,-0.57096,-0.72547,-0.87791,-1.0213,-1.1488,-1.2527,-1.3246,-1.3535,-1.3265,-1.228,-1.0424,-0.75846,-0.37559,0.087738,0.58873,1.0621,1.4336,1.6436,1.6716,1.5482,1.3438,1.141,1.003,0.95592,0.9892,1.0701,1.1613,1.2328,1.268,1.2615,1.2165,1.1398,1.0396,0.92354,0.79832,0.66958,0.54231,0.421,0.30982,0.21248,0.13204,0.070575,0.028878,0.0061712
-0.020551,-0.079301,-0.1711,-0.28938,-0.42683,-0.57583,-0.72881,-0.87844,-1.0177,-1.1394,-1.2362,-1.2995,-1.3187,-1.2811,-1.1719,-0.97663,-0.68491,-0.29734,0.16718,0.66636,1.1366,1.5058,1.7164,1.7482,1.6304,1.4307,1.2288,1.0866,1.0304,1.0515,1.1194,1.1986,1.2605,1.2887,1.2777,1.2299,1.1517,1.0506,0.93408,0.80834,0.67893,0.55073,0.42824,0.31568,0.21687,0.135,0.072292,0.029639,0.0063512
-0.021215,-0.081232,-0.17435,-0.29358,-0.43131,-0.57967,-0.73093,-0.8776,-1.0125,-1.1286,-1.2182,-1.273,-1.2827,-1.2347,-1.1152,-0.91048,-0.61128,-0.21918,0.24648,0.74391,1.2111,1.5781,1.789,1.8245,1.712,1.5169,1.316,1.1699,1.1052,1.1146,1.17,1.2376,1.2902,1.3114,1.2956,1.2449,1.1649,1.0629,0.94557,0.81913,0.68887,0.5596,0.4358,0.32176,0.2214,0.13804,0.074037,0.030406,0.00653
-0.021836,-0.082995,-0.17724,-0.29719,-0.43495,-0.58245,-0.73179,-0.87537,-1.0059,-1.1162,-1.1988,-1.2452,-1.2454,-1.1874,-1.0579,-0.84396,-0.53754,-0.14109,0.32564,0.82134,1.2855,1.6502,1.8616,1.9004,1.7931,1.6023,1.4026,1.253,1.1801,1.1785,1.2219,1.2783,1.3216,1.3359,1.3153,1.2615,1.1796,1.0763,0.95804,0.83072,0.69945,0.56895,0.44372,0.32808,0.22608,0.14116,0.075822,0.031185,0.0067096
-0.022411,-0.084578,-0.17975,-0.30019,-0.43773,-0.58414,-0.73136,-0.87169,-0.99773,-1.1023,-1.1778,-1.216,-1.207,-1.1392,-0.99983,-0.77705,-0.46368,-0.063074,0.40463,0.89862,1.3597,1.7223,1.9338,1.9758,1.8734,1.687,1.4885,1.3356,1.2552,1.243,1.2749,1.3205,1.3547,1.3621,1.3367,1.2796,1.1956,1.0909,0.97152,0.84315,0.71071,0.57883,0.45202,0.33467,0.23093,0.14439,0.077658,0.031983,0.006892
-0.022937,-0.085972,-0.18186,-0.30253,-0.43961,-0.58469,-0.72961,-0.86653,-0.98801,-1.0868,-1.1553,-1.1853,-1.1673,-1.0899,-0.94107,-0.70974,-0.3897,0.014858,0.48344,0.97568,1.4338,1.7941,2.0058,2.0507,1.953,1.7707,1.5735,1.4177,1.3302,1.3081,1.3289,1.3641,1.3895,1.39,1.3597,1.2992,1.213,1.1066,0.98603,0.85643,0.72266,0.58926,0.46074,0.34156,0.23599,0.14773,0.079553,0.032804,0.0070788
-0.02341,-0.087165,-0.18355,-0.30421,-0.44056,-0.58408,-0.72649,-0.85987,-0.97671,-1.0697,-1.1312,-1.1533,-1.1263,-1.0396,-0.8816,-0.64203,-0.31561,0.092684,0.56202,1.0525,1.5076,1.8656,2.0772,2.1249,2.0317,1.8535,1.6577,1.4992,1.4051,1.3736,1.3838,1.4089,1.4257,1.4195,1.3843,1.3203,1.2317,1.1236,1.0016,0.8706,0.73534,0.60027,0.4699,0.34877,0.24125,0.1512,0.081516,0.033653,0.0072716
-0.023827,-0.088148,-0.18481,-0.3052,-0.44056,-0.58227,-0.72197,-0.85168,-0.96379,-1.0509,-1.1056,-1.1197,-1.0841,-0.98832,-0.82142,-0.57392,-0.24142,0.17037,0.64031,1.1289,1.5811,1.9367,2.1481,2.1984,2.1094,1.9351,1.7408,1.58,1.4797,1.4393,1.4395,1.4549,1.4633,1.4505,1.4103,1.3429,1.2517,1.1418,1.0182,0.88565,0.74875,0.61186,0.4795,0.35629,0.24672,0.1548,0.083551,0.034532,0.0074716
-0.024184,-0.088911,-0.18562,-0.30546,-0.43957,-0.57923,-0.71604,-0.84193,-0.94924,-1.0306,-1.0784,-1.0848,-1.0407,-0.93605,-0.76056,-0.50546,-0.16716,0.24787,0.71825,1.2049,1.654,2.0072,2.2183,2.2709,2.186,2.0156,1.8229,1.66,1.554,1.5051,1.4958,1.5018,1.5021,1.4828,1.4378,1.3668,1.273,1.1611,1.0358,0.9016,0.76291,0.62406,0.48956,0.36414,0.25242,0.15854,0.08566,0.035445,0.0076799
-0.024478,-0.089442,-0.18596,-0.30499,-0.43756,-0.57494,-0.70865,-0.83059,-0.93304,-1.0085,-1.0496,-1.0484,-0.99597,-0.8828,-0.69904,-0.43666,-0.092895,0.32513,0.79576,1.2804,1.7264,2.077,2.2876,2.3423,2.2613,2.0947,1.9036,1.739,1.6277,1.5709,1.5525,1.5497,1.5421,1.5164,1.4666,1.392,1.2956,1.1816,1.0544,0.91844,0.77782,0.63684,0.50007,0.37231,0.25833,0.16242,0.087845,0.036391,0.007897
-0.024706,-0.089732,-0.18581,-0.30375,-0.43452,-0.56937,-0.6998,-0.81766,-0.91518,-0.98488,-1.0193,-1.0105,-0.95007,-0.82862,-0.63689,-0.36757,-0.018661,0.40208,0.87276,1.3552,1.798,2.1459,2.356,2.4126,2.3353,2.1723,1.983,1.8168,1.7007,1.6366,1.6096,1.5982,1.5831,1.5513,1.4966,1.4185,1.3194,1.2032,1.0741,0.93616,0.79345,0.6502,0.51102,0.3808,0.26446,0.16642,0.090102,0.03737,0.0081231
-0.024864,-0.089773,-0.18517,-0.30173,-0.43043,-0.5625,-0.68946,-0.80312,-0.89566,-0.95956,-0.98735,-0.97128,-0.90299,-0.77353,-0.57416,-0.29825,0.055471,0.47864,0.94915,1.4293,1.8687,2.2139,2.4232,2.4815,2.4077,2.2483,2.0608,1.8934,1.7728,1.7019,1.6668,1.6473,1.625,1.5871,1.5278,1.4461,1.3443,1.2258,1.0947,0.95472,0.80979,0.66413,0.52239,0.38959,0.27078,0.17055,0.092427,0.03838,0.008358
-0.024949,-0.089555,-0.18401,-0.29891,-0.42525,-0.55432,-0.67761,-0.78695,-0.87447,-0.93261,-0.95389,-0.93066,-0.85476,-0.71758,-0.5109,-0.22876,0.12942,0.55471,1.0248,1.5025,1.9384,2.2808,2.4891,2.5489,2.4783,2.3225,2.1368,1.9686,1.844,1.7666,1.7239,1.6968,1.6675,1.6239,1.5601,1.4749,1.3703,1.2495,1.1163,0.97409,0.8268,0.67858,0.53414,0.39864,0.27728,0.17478,0.09481,0.039418,0.0086013
-0.024957,-0.089072,-0.18232,-0.29528,-0.419,-0.54481,-0.66427,-0.76917,-0.85163,-0.90403,-0.91892,-0.88871,-0.80542,-0.66083,-0.44719,-0.15917,0.20311,0.63019,1.0996,1.5746,2.007,2.3463,2.5534,2.6146,2.5471,2.3947,2.211,2.0421,1.914,1.8307,1.7809,1.7465,1.7107,1.6615,1.5933,1.5046,1.3973,1.2742,1.1387,0.99423,0.84444,0.69351,0.54625,0.40793,0.28392,0.1791,0.097243,0.04048,0.0088519
-0.024888,-0.088318,-0.1801,-0.29083,-0.41165,-0.53397,-0.64941,-0.74978,-0.82714,-0.87385,-0.88246,-0.84545,-0.75505,-0.60334,-0.3831,-0.08959,0.27642,0.70497,1.1735,1.6456,2.0742,2.4102,2.6161,2.6783,2.6139,2.4648,2.2832,2.1139,1.9825,1.8939,1.8375,1.7963,1.7542,1.6998,1.6273,1.5353,1.4252,1.2998,1.162,1.0151,0.86265,0.70888,0.55867,0.41743,0.29069,0.18349,0.099713,0.04156,0.0091087
-0.024738,-0.08729,-0.17735,-0.28557,-0.40321,-0.52181,-0.63307,-0.7288,-0.80103,-0.84211,-0.84457,-0.80095,-0.70369,-0.5452,-0.31871,-0.0201,0.34926,0.77892,1.2462,1.7152,2.1398,2.4725,2.6769,2.74,2.6783,2.5325,2.3531,2.1836,2.0496,1.956,1.8935,1.846,1.798,1.7386,1.662,1.5668,1.454,1.3262,1.186,1.0366,0.88137,0.72463,0.57133,0.42707,0.29755,0.18793,0.10221,0.042652,0.0093702
-0.024506,-0.085986,-0.17407,-0.2795,-0.39369,-0.50835,-0.61525,-0.70624,-0.77334,-0.80885,-0.80528,-0.75528,-0.65143,-0.48648,-0.25413,0.049186,0.42149,0.85191,1.3177,1.7833,2.2038,2.533,2.7356,2.7994,2.7403,2.5977,2.4206,2.2512,2.1148,2.0169,1.9488,1.8954,1.8419,1.7778,1.6973,1.5989,1.4835,1.3533,1.2107,1.0586,0.90052,0.74067,0.58419,0.43683,0.30445,0.19239,0.10471,0.043751,0.0096347
-0.024193,-0.084409,-0.17026,-0.27262,-0.38312,-0.49361,-0.596,-0.68217,-0.74412,-0.77411,-0.76468,-0.7085,-0.59835,-0.42729,-0.18945,0.11815,0.493,0.92379,1.3877,1.8497,2.2659,2.5913,2.792,2.8563,2.7996,2.6602,2.4854,2.3165,2.1781,2.0763,2.0031,1.9443,1.8857,1.8171,1.733,1.6316,1.5137,1.381,1.2359,1.0811,0.92002,0.75695,0.59717,0.44664,0.31138,0.19684,0.10721,0.044849,0.0099007
-0.023798,-0.082562,-0.16593,-0.26497,-0.37152,-0.47764,-0.57536,-0.65662,-0.71342,-0.73798,-0.72282,-0.6607,-0.54455,-0.36772,-0.12481,0.18666,0.56363,0.99441,1.4561,1.9143,2.3258,2.6473,2.8459,2.9104,2.8561,2.7198,2.5474,2.3791,2.2393,2.1341,2.0563,1.9925,1.9292,1.8565,1.769,1.6648,1.5443,1.4092,1.2616,1.104,0.93977,0.77338,0.61023,0.45645,0.31828,0.20127,0.10969,0.045941,0.010167
-0.023322,-0.080454,-0.16111,-0.25657,-0.35893,-0.46048,-0.55339,-0.62966,-0.68131,-0.70052,-0.67981,-0.61198,-0.49013,-0.3079,-0.06032,0.25458,0.63324,1.0636,1.5228,1.9767,2.3835,2.7008,2.8971,2.9617,2.9095,2.7762,2.6063,2.439,2.298,2.1899,2.1081,2.0398,1.9723,1.8958,1.8051,1.6982,1.5753,1.4378,1.2876,1.1271,0.95969,0.78988,0.62328,0.46623,0.32513,0.20566,0.11215,0.047022,0.010431
-0.022768,-0.078093,-0.15582,-0.24747,-0.34542,-0.4422,-0.53016,-0.60138,-0.64789,-0.66184,-0.63574,-0.56244,-0.4352,-0.24796,0.0038752,0.32177,0.70166,1.1312,1.5875,2.037,2.4386,2.7515,2.9453,3.0098,2.9595,2.8292,2.662,2.4959,2.3542,2.2437,2.1583,2.0861,2.0147,1.9348,1.8412,1.7318,1.6066,1.4667,1.3139,1.1504,0.97968,0.80637,0.63626,0.47592,0.3319,0.20999,0.11457,0.048088,0.010693
-0.022138,-0.075495,-0.15008,-0.23771,-0.33105,-0.42289,-0.50577,-0.57188,-0.61325,-0.62203,-0.59071,-0.5122,-0.37991,-0.18802,0.067629,0.38805,0.76874,1.197,1.65,2.0947,2.491,2.7993,2.9903,3.0545,3.0061,2.8787,2.7143,2.5496,2.4076,2.2951,2.2067,2.131,2.0562,1.9733,1.8771,1.7653,1.6379,1.4957,1.3402,1.1737,0.99965,0.82277,0.64913,0.48549,0.33856,0.21424,0.11695,0.049138,0.010952
-0.021436,-0.072674,-0.14394,-0.22735,-0.31589,-0.40264,-0.48033,-0.54126,-0.57751,-0.58123,-0.54487,-0.46141,-0.32438,-0.12825,0.13078,0.45328,0.83429,1.2609,1.7102,2.1498,2.5405,2.8439,3.032,3.0957,3.0489,2.9245,2.7629,2.5999,2.458,2.3441,2.2532,2.1745,2.0967,2.0112,1.9126,1.7987,1.6692,1.5248,1.3666,1.197,1.0195,0.83902,0.66184,0.49491,0.34511,0.21843,0.11929,0.05017,0.011206
-0.020667,-0.069649,-0.13743,-0.21645,-0.30003,-0.38155,-0.45395,-0.50967,-0.54082,-0.53956,-0.49835,-0.41019,-0.26877,-0.068797,0.19318,0.51727,0.89813,1.3226,1.7679,2.202,2.5868,2.8852,3.07,3.133,3.0878,2.9663,2.8076,2.6466,2.5052,2.3903,2.2974,2.2163,2.136,2.0481,1.9475,1.8318,1.7003,1.5536,1.3928,1.2201,1.0391,0.85505,0.67434,0.50417,0.35155,0.22254,0.1216,0.051187,0.011458
-0.019835,-0.06644,-0.13059,-0.20508,-0.28358,-0.35975,-0.42677,-0.47723,-0.50332,-0.49719,-0.45131,-0.35872,-0.21325,-0.0098306,0.25463,0.57984,0.96008,1.3819,1.8228,2.2511,2.6298,2.9228,3.1043,3.1664,3.1226,3.0038,2.8482,2.6894,2.5489,2.4336,2.3393,2.2562,2.1739,2.0841,1.9818,1.8644,1.7311,1.5822,1.4188,1.243,1.0585,0.87082,0.68661,0.51326,0.35788,0.22659,0.12387,0.052194,0.011706
-0.018945,-0.063069,-0.12348,-0.19333,-0.26663,-0.33737,-0.39895,-0.44413,-0.46517,-0.45428,-0.40391,-0.30717,-0.15798,0.048469,0.31495,0.6408,1.0199,1.4388,1.8748,2.2969,2.6692,2.9566,3.1345,3.1955,3.153,3.037,2.8845,2.7283,2.589,2.4737,2.3785,2.294,2.2101,2.1189,2.0151,1.8963,1.7614,1.6104,1.4444,1.2655,1.0775,0.88629,0.69866,0.52219,0.36412,0.2306,0.12613,0.053196,0.011953
-0.018003,-0.059559,-0.11614,-0.18127,-0.24932,-0.31455,-0.37064,-0.41052,-0.42657,-0.41102,-0.35636,-0.25572,-0.10316,0.10591,0.37396,0.69996,1.0775,1.4928,1.9235,2.3393,2.7047,2.9863,3.1604,3.2201,3.1788,3.0656,2.9164,2.7629,2.6253,2.5105,2.4149,2.3295,2.2446,2.1522,2.0474,1.9274,1.791,1.6381,1.4695,1.2875,1.0962,0.90146,0.71048,0.531,0.37032,0.23461,0.12841,0.054205,0.012199
-0.017014,-0.055935,-0.10863,-0.169,-0.23175,-0.29146,-0.34204,-0.37662,-0.38771,-0.36761,-0.30883,-0.20457,-0.048987,0.1623,0.43146,0.75712,1.1326,1.5439,1.969,2.3778,2.7363,3.0118,3.1818,3.2402,3.1999,3.0895,2.9436,2.7931,2.6576,2.5438,2.4483,2.3625,2.277,2.184,2.0785,1.9576,1.8199,1.6651,1.4941,1.3091,1.1144,0.91631,0.72212,0.53974,0.37652,0.23867,0.13073,0.055234,0.012449
-0.015986,-0.052224,-0.10101,-0.15662,-0.21408,-0.26825,-0.31332,-0.34262,-0.34881,-0.32427,-0.26156,-0.15393,0.004334,0.21743,0.48724,0.81206,1.1849,1.5919,2.0108,2.4125,2.7636,3.0329,3.1986,3.2554,3.2161,3.1084,2.966,2.8188,2.6857,2.5733,2.4785,2.3929,2.3073,2.2141,2.1082,1.9867,1.8479,1.6914,1.518,1.3301,1.1323,0.93089,0.73364,0.54848,0.38281,0.24284,0.13312,0.0563,0.012705
-0.014925,-0.048457,-0.093338,-0.14423,-0.19644,-0.24512,-0.2847,-0.30875,-0.3101,-0.28123,-0.21477,-0.10404,0.056579,0.27108,0.54108,0.86459,1.2344,1.6364,2.0489,2.443,2.7865,3.0493,3.2106,3.2656,3.2271,3.1222,2.9834,2.8397,2.7094,2.5989,2.5053,2.4204,2.3352,2.2422,2.1364,2.0146,1.8749,1.7168,1.5412,1.3505,1.1497,0.94526,0.74512,0.55732,0.38928,0.24718,0.13565,0.057427,0.012972
-0.013839,-0.044667,-0.085695,-0.13194,-0.17899,-0.22225,-0.2564,-0.27525,-0.27183,-0.23874,-0.16871,-0.055119,0.10752,0.32302,0.59277,0.91449,1.2807,1.6774,2.083,2.4692,2.8048,3.0608,3.2175,3.2706,3.2329,3.1307,2.9956,2.8556,2.7285,2.6205,2.5286,2.4449,2.3606,2.2684,2.163,2.0411,1.9008,1.7414,1.5636,1.3704,1.1668,0.9595,0.75668,0.5664,0.39605,0.25181,0.13837,0.058644,0.013256
-0.012737,-0.040888,-0.078153,-0.11988,-0.16191,-0.19985,-0.22865,-0.24238,-0.23426,-0.19706,-0.12363,-0.007428,0.15691,0.37304,0.64208,0.96154,1.3238,1.7147,2.1129,2.4909,2.8184,3.0673,3.2192,3.2703,3.2332,3.1337,3.0025,2.8666,2.743,2.6379,2.5482,2.4662,2.3834,2.2923,2.1877,2.0661,1.9255,1.7649,1.5854,1.3898,1.1836,0.97374,0.76847,0.57587,0.40327,0.25682,0.14136,0.059985,0.013567
-0.01163,-0.037164,-0.070799,-0.10819,-0.14536,-0.17815,-0.20172,-0.21039,-0.19766,-0.15648,-0.079805,0.038776,0.20451,0.42088,0.6888,1.0055,1.3633,1.7479,2.1384,2.5079,2.8269,3.0687,3.2156,3.2644,3.228,3.1313,3.004,2.8723,2.7527,2.6508,2.5639,2.4842,2.4033,2.3139,2.2106,2.0896,1.9489,1.7875,1.6063,1.4087,1.2002,0.98813,0.78068,0.58592,0.4111,0.26237,0.1447,0.061493,0.013913
-0.01053,-0.033542,-0.063728,-0.097003,-0.12956,-0.15738,-0.17586,-0.17959,-0.16233,-0.11727,-0.037515,0.083224,0.25007,0.46632,0.73269,1.0462,1.3991,1.777,2.1594,2.52,2.8303,3.0647,3.2064,3.253,3.217,3.1231,2.9999,2.8727,2.7573,2.6593,2.5756,2.4988,2.4204,2.3331,2.2314,2.1115,1.971,1.809,1.6266,1.4273,1.2169,1.0029,0.79352,0.59678,0.41975,0.26861,0.1485,0.06322,0.014309
-0.0094519,-0.030073,-0.057044,-0.086493,-0.11471,-0.1378,-0.15136,-0.15027,-0.12858,-0.079738,0.0029502,0.12564,0.29331,0.5091,0.77354,1.0835,1.4309,1.8018,2.1757,2.5271,2.8285,3.0552,3.1916,3.2358,3.2003,3.1091,2.9901,2.8676,2.7569,2.6632,2.5832,2.5098,2.4344,2.3497,2.2501,2.1316,1.9917,1.8295,1.6462,1.4456,1.2337,1.0182,0.80725,0.60869,0.42946,0.27571,0.15289,0.065228,0.01477
-0.0084126,-0.026819,-0.050862,-0.076828,-0.10104,-0.11967,-0.12851,-0.12273,-0.09672,-0.044198,0.041294,0.16575,0.33399,0.549,0.81112,1.117,1.4587,1.822,2.1871,2.5291,2.8212,3.0401,3.1711,3.2127,3.1776,3.0892,2.9745,2.857,2.7513,2.6622,2.5866,2.517,2.4452,2.3636,2.2666,2.15,2.0111,1.8491,1.6653,1.4638,1.2509,1.0344,0.82218,0.62197,0.44048,0.2839,0.158,0.067588,0.015316
-0.0074316,-0.023844,-0.045308,-0.068192,-0.088782,-0.10327,-0.10762,-0.097304,-0.067066,-0.010959,0.077218,0.20326,0.37184,0.58577,0.84521,1.1467,1.4821,1.8376,2.1935,2.5257,2.8084,3.0193,3.1447,3.1837,3.1489,3.0633,2.953,2.8407,2.7404,2.6565,2.5856,2.5205,2.4527,2.3748,2.2808,2.1665,2.0291,1.8677,1.684,1.4822,1.2688,1.0517,0.83863,0.63693,0.45311,0.29341,0.16399,0.070383,0.015971
-0.0065308,-0.02122,-0.040513,-0.060777,-0.07818,-0.088879,-0.088992,-0.074305,-0.039943,0.019665,0.11043,0.23791,0.40662,0.61919,0.87562,1.1723,1.5012,1.8484,2.1948,2.5169,2.79,2.9927,3.1124,3.1486,3.1142,3.0313,2.9256,2.8188,2.7241,2.6457,2.5802,2.52,2.4569,2.3831,2.2927,2.1812,2.0457,1.8855,1.7024,1.5009,1.2877,1.0705,0.85697,0.65395,0.46769,0.30449,0.17104,0.073708,0.016761
-0.0057342,-0.019022,-0.036613,-0.054779,-0.069482,-0.076788,-0.072944,-0.054055,-0.01567,0.047369,0.14063,0.26944,0.43808,0.64904,0.90216,1.1938,1.5156,1.8542,2.1908,2.5026,2.7658,2.9602,3.074,3.1075,3.0733,2.9933,2.8922,2.791,2.7023,2.6299,2.5701,2.5155,2.4576,2.3885,2.3022,2.194,2.061,1.9025,1.7206,1.5201,1.3078,1.0912,0.87761,0.6734,0.48454,0.31744,0.17935,0.077668,0.017719
-0.0050676,-0.01733,-0.033749,-0.050392,-0.062927,-0.06727,-0.059768,-0.03686,0.005451,0.071862,0.16756,0.29758,0.46601,0.67513,0.92466,1.2108,1.5254,1.8551,2.1816,2.4828,2.7359,2.9219,3.0297,3.0602,3.0262,2.949,2.8527,2.7573,2.675,2.609,2.5555,2.5069,2.4546,2.3909,2.3093,2.2049,2.075,1.9189,1.739,1.5403,1.3295,1.1142,0.90095,0.6957,0.50405,0.33254,0.18913,0.082378,0.01888
-0.0045579,-0.016221,-0.032054,-0.047802,-0.058742,-0.06058,-0.04974,-0.023002,0.023141,0.092878,0.19097,0.32212,0.4902,0.6973,0.94299,1.2234,1.5304,1.8508,2.1669,2.4573,2.7002,2.8775,2.9793,3.0067,2.9729,2.8985,2.807,2.7177,2.642,2.5827,2.536,2.494,2.448,2.3901,2.3137,2.2139,2.0877,1.9347,1.7576,1.5615,1.3532,1.1398,0.92743,0.72127,0.52659,0.35011,0.2006,0.087964,0.020286
-0.0042322,-0.015771,-0.031655,-0.047178,-0.057128,-0.056942,-0.043099,-0.012726,0.037158,0.11019,0.21064,0.34289,0.5105,0.71541,0.95703,1.2314,1.5305,1.8414,2.1468,2.4262,2.6587,2.8272,2.9228,2.9471,2.9133,2.8418,2.7552,2.6721,2.6032,2.5512,2.5116,2.4767,2.4376,2.3861,2.3156,2.2208,2.0991,1.9501,1.7767,1.5841,1.3792,1.1685,0.95748,0.75053,0.55255,0.37046,0.214,0.09456,0.021979
-0.0041169,-0.016051,-0.032661,-0.048658,-0.058246,-0.056534,-0.040032,-0.0062235,0.047315,0.12362,0.22643,0.35972,0.52679,0.72937,0.96672,1.2349,1.5258,1.8269,2.1214,2.3895,2.6114,2.771,2.8602,2.8814,2.8475,2.7789,2.6972,2.6204,2.5587,2.5141,2.4822,2.4548,2.4232,2.3787,2.3146,2.2257,2.1092,1.9651,1.7963,1.6084,1.4079,1.2007,0.99151,0.78388,0.58229,0.39392,0.22955,0.1023,0.024008
-0.0042363,-0.01712,-0.03516,-0.052345,-0.062203,-0.059467,-0.040655,-0.0036135,0.053494,0.13305,0.23823,0.37256,0.53902,0.73914,0.97204,1.2337,1.5162,1.8073,2.0906,2.3473,2.5584,2.709,2.7917,2.8095,2.7756,2.7096,2.6329,2.5626,2.5082,2.4715,2.4476,2.4283,2.4046,2.3678,2.3108,2.2285,2.1181,1.9797,1.8168,1.6346,1.4395,1.2367,1.0299,0.82168,0.61616,0.42078,0.24749,0.11133,0.026422
-0.0046116,-0.019023,-0.039208,-0.058291,-0.069041,-0.065769,-0.044993,-0.0049215,0.055668,0.13847,0.24603,0.38138,0.54719,0.74474,0.97304,1.228,1.5019,1.7826,2.0546,2.2996,2.4998,2.6411,2.7172,2.7316,2.6974,2.6342,2.5624,2.4986,2.4517,2.4231,2.4076,2.3969,2.3816,2.353,2.3039,2.2289,2.1255,1.994,1.838,1.6628,1.4743,1.2768,1.0728,0.86422,0.65443,0.45129,0.26802,0.12179,0.029274
-0.0052593,-0.02179,-0.044825,-0.066487,-0.078713,-0.075369,-0.052957,-0.010058,0.053922,0.13995,0.2499,0.38628,0.5514,0.74629,0.96982,1.2179,1.4829,1.7531,2.0135,2.2467,2.4357,2.5676,2.6369,2.6477,2.6131,2.5524,2.4855,2.4283,2.3891,2.3688,2.3621,2.3603,2.3541,2.3343,2.2936,2.2268,2.1314,2.0079,1.86,1.6931,1.5123,1.3211,1.1206,0.9117,0.69733,0.48568,0.29135,0.13381,0.032615
-0.0061904,-0.025427,-0.051987,-0.076854,-0.09108,-0.088072,-0.064325,-0.018793,0.048477,0.1377,0.25004,0.38744,0.55182,0.74395,0.96257,1.2036,1.4595,1.7189,1.9675,2.1885,2.3662,2.4885,2.5509,2.5578,2.5227,2.4644,2.4024,2.3516,2.3202,2.3084,2.3108,2.3184,2.3216,2.3112,2.2797,2.2219,2.1354,2.0211,1.8827,1.7253,1.5536,1.3695,1.1732,0.96418,0.74495,0.52409,0.31762,0.1475,0.036498
-0.0074092,-0.029921,-0.060624,-0.089237,-0.10589,-0.10355,-0.078717,-0.030735,0.039712,0.13207,0.24678,0.38518,0.54874,0.738,0.95155,1.1853,1.4318,1.6803,1.9168,2.1255,2.2916,2.4041,2.4593,2.4622,2.4264,2.3703,2.3128,2.2686,2.2449,2.2418,2.2534,2.2707,2.2838,2.2833,2.2617,2.2137,2.1372,2.0332,1.9057,1.7594,1.5978,1.422,1.2305,1.0215,0.79727,0.56658,0.34695,0.16297,0.04097
-0.0089136,-0.035234,-0.07062,-0.1034,-0.12277,-0.1213,-0.095574,-0.045305,0.02819,0.1236,0.2406,0.37992,0.54257,0.72882,0.93712,1.1634,1.4003,1.6376,1.8617,2.0579,2.2122,2.3146,2.3624,2.361,2.3241,2.27,2.2169,2.179,2.163,2.1686,2.1896,2.2169,2.2402,2.2502,2.2391,2.2017,2.1363,2.0439,1.9286,1.7946,1.6446,1.4781,1.2919,1.0834,0.85408,0.61308,0.37939,0.18031,0.046078
-0.010695,-0.04131,-0.081814,-0.11902,-0.14122,-0.14069,-0.11415,-0.061714,0.01468,0.11299,0.23216,0.37227,0.53386,0.71691,0.91973,1.1382,1.3654,1.591,1.8026,1.9859,2.1281,2.2203,2.2603,2.2544,2.2161,2.1636,2.1147,2.0828,2.0744,2.0886,2.1191,2.1565,2.1904,2.2112,2.2112,2.1853,2.1319,2.0524,1.9507,1.8304,1.6932,1.5368,1.3568,1.1493,0.91496,0.66341,0.4149,0.19957,0.051864
-0.012741,-0.048082,-0.094015,-0.13572,-0.16064,-0.1609,-0.13347,-0.078949,0.00017638,0.10119,0.2223,0.36298,0.52328,0.70287,0.89994,1.1104,1.3274,1.5412,1.7398,1.91,2.0399,2.1214,2.1534,2.1425,2.1024,2.0511,2.006,1.9799,1.9788,2.0015,2.0415,2.089,2.1336,2.1656,2.1772,2.1636,2.1232,2.0577,1.9709,1.8657,1.7423,1.5972,1.4241,1.2181,0.97924,0.71719,0.4534,0.22077,0.058366
-0.015038,-0.05548,-0.10701,-0.15306,-0.1803,-0.18094,-0.15239,-0.095758,-0.014083,0.089332,0.21207,0.35298,0.51165,0.68745,0.8784,1.0804,1.2869,1.4885,1.6739,1.8306,1.9478,2.0183,2.0419,2.0255,1.9833,1.9328,1.891,1.8702,1.8761,1.9071,1.9563,2.0139,2.0693,2.1127,2.1363,2.1355,2.109,2.0586,1.9878,1.8988,1.7904,1.6574,1.4922,1.2886,1.046,0.7739,0.49468,0.24393,0.065618
-0.017581,-0.063456,-0.12061,-0.17057,-0.1994,-0.19968,-0.16951,-0.11065,-0.026614,0.078825,0.20272,0.34338,0.49995,0.67148,0.85586,1.049,1.2446,1.4336,1.6053,1.7482,1.8523,1.9115,1.9261,1.9039,1.8589,1.8085,1.7694,1.7535,1.7659,1.8047,1.8629,1.9305,1.9966,2.0515,2.0874,2.0999,2.0879,2.0535,1.9998,1.9279,1.8354,1.7154,1.559,1.359,1.1139,0.83279,0.53848,0.26902,0.073657
-0.020382,-0.072008,-0.13467,-0.1878,-0.21709,-0.21586,-0.18329,-0.12191,-0.035683,0.071295,0.19572,0.33547,0.48929,0.65594,0.83316,1.0169,1.201,1.3769,1.5345,1.6631,1.7537,1.8011,1.8064,1.7779,1.7296,1.6789,1.642,1.6302,1.6484,1.6945,1.7611,1.8381,1.9147,1.9809,2.0291,2.0552,2.0583,2.0406,2.0045,1.9505,1.8746,1.7684,1.622,1.427,1.1813,0.89292,0.58444,0.29604,0.082532
-0.023486,-0.081219,-0.14913,-0.20437,-0.23251,-0.22818,-0.19202,-0.12761,-0.039333,0.068596,0.19274,0.3307,0.48091,0.64188,0.81122,0.98494,1.157,1.3193,1.4623,1.5762,1.6528,1.6879,1.6833,1.6477,1.5953,1.5433,1.5077,1.4994,1.5228,1.5755,1.65,1.736,1.8225,1.8997,1.9601,1.9998,2.0182,2.0174,1.9995,1.9636,1.9046,1.8129,1.6777,1.4899,1.2462,0.9531,0.63213,0.32499,0.092315
-0.027,-0.09131,-0.1641,-0.21999,-0.24488,-0.23528,-0.19393,-0.1257,-0.035422,0.072776,0.19561,0.33065,0.47616,0.63044,0.79099,0.95383,1.1131,1.2611,1.3889,1.4875,1.5496,1.5719,1.557,1.514,1.4573,1.4036,1.3685,1.3627,1.3901,1.4483,1.5296,1.6236,1.7193,1.8068,1.8789,1.9318,1.9654,1.9814,1.9814,1.9636,1.9215,1.8449,1.7224,1.5444,1.3062,1.0119,0.68108,0.35592,0.10313
-0.031123,-0.10269,-0.17989,-0.23459,-0.25353,-0.23593,-0.18725,-0.11406,-0.021702,0.086018,0.20631,0.33703,0.47647,0.6228,0.77346,0.92448,1.0702,1.2033,1.3155,1.3985,1.4457,1.4547,1.4286,1.3769,1.3142,1.2573,1.2216,1.2174,1.2482,1.3113,1.3987,1.4998,1.6038,1.7007,1.7837,1.8492,1.8972,1.9294,1.9467,1.9462,1.9207,1.8596,1.7515,1.5866,1.3584,1.0678,0.73077,0.38902,0.11519
-0.0362,-0.11605,-0.19708,-0.24826,-0.25799,-0.22908,-0.1704,-0.090704,0.0040518,0.11054,0.22686,0.35157,0.48325,0.62012,0.75955,0.8976,1.0287,1.146,1.2415,1.3078,1.3393,1.3346,1.2974,1.2376,1.1696,1.1099,1.073,1.0689,1.1012,1.1668,1.2582,1.3647,1.4753,1.5803,1.6728,1.7497,1.811,1.8581,1.8912,1.9068,1.897,1.8516,1.76,1.6121,1.3994,1.1186,0.78065,0.42462,0.12886
-0.042788,-0.13238,-0.2165,-0.26135,-0.25807,-0.21403,-0.14221,-0.053964,0.043835,0.14843,0.25923,0.37597,0.49791,0.6235,0.75019,0.87407,0.98981,1.0908,1.1698,1.2197,1.2357,1.2164,1.1663,1.0955,1.0188,0.95307,0.91294,0.90814,0.94168,1.0101,1.1053,1.2164,1.3324,1.444,1.5445,1.631,1.7037,1.7637,1.8106,1.8401,1.8447,1.8153,1.7423,1.6159,1.4254,1.1622,0.83006,0.46328,0.14475
-0.051747,-0.15302,-0.23913,-0.2743,-0.25387,-0.19068,-0.10222,-0.0029072,0.099082,0.20144,0.30515,0.41174,0.52165,0.63386,0.74595,0.85399,0.95267,1.0356,1.0958,1.1273,1.1263,1.0927,1.0316,0.95335,0.87199,0.80309,0.76038,0.75303,0.78413,0.85074,0.94518,1.0571,1.1755,1.291,1.397,1.4909,1.5724,1.6425,1.7,1.7408,1.7581,1.7446,1.6927,1.5929,1.4319,1.1955,0.87804,0.50579,0.16382
-0.064345,-0.17955,-0.26585,-0.28741,-0.24574,-0.1597,-0.051222,0.062078,0.17011,0.2705,0.36587,0.46009,0.55546,0.65199,0.74766,0.83878,0.92034,0.98625,1.03,1.0454,1.0285,0.97898,0.902,0.80841,0.71344,0.63374,0.5838,0.57281,0.60317,0.67083,0.76711,0.88097,1.0014,1.1193,1.2286,1.3269,1.4141,1.4906,1.5551,1.6037,1.6317,1.6343,1.6059,1.5376,1.4139,1.2144,0.92291,0.553,0.18761
-0.082344,-0.21345,-0.29674,-0.3003,-0.23413,-0.12289,0.0080746,0.13834,0.25521,0.35508,0.44168,0.52156,0.59978,0.67796,0.7546,0.82589,0.88648,0.93032,0.95159,0.9458,0.9109,0.84839,0.76406,0.66793,0.57314,0.49371,0.4419,0.42585,0.44834,0.5067,0.59392,0.7003,0.81546,0.93032,1.0386,1.1373,1.226,1.3045,1.3715,1.4245,1.4614,1.4802,1.4775,1.4448,1.3654,1.2134,0.96132,0.60537,0.21833
-0.10796,-0.25515,-0.3299,-0.31103,-0.21923,-0.083437,0.070071,0.21945,0.34896,0.45183,0.53109,0.59576,0.65463,0.71225,0.76881,0.82159,0.86589,0.89563,0.904,0.88471,0.83378,0.75144,0.64352,0.52167,0.40179,0.301,0.23391,0.20952,0.22975,0.28981,0.38013,0.48891,0.60467,0.71828,0.82411,0.91996,1.0056,1.0812,1.1463,1.2007,1.2453,1.2808,1.305,1.31,1.2791,1.1838,0.98658,0.66156,0.25888
-0.14329,-0.30195,-0.35924,-0.31469,-0.20041,-0.04606,0.1252,0.29306,0.43928,0.5517,0.62895,0.68019,0.71829,0.75195,0.78277,0.80737,0.82069,0.81795,0.79547,0.75105,0.6845,0.5982,0.49759,0.39111,0.28937,0.20348,0.14311,0.1147,0.12052,0.15857,0.22333,0.30695,0.40078,0.49697,0.58961,0.67514,0.7518,0.81931,0.87897,0.93368,0.98669,1.0394,1.0896,1.1301,1.1467,1.1129,0.98556,0.71527,0.31203
-0.18798,-0.34357,-0.37127,-0.3018,-0.17539,-0.016695,0.15924,0.3381,0.50224,0.63352,0.72116,0.76811,0.78923,0.80174,0.81592,0.83234,0.84463,0.84344,0.81931,0.76462,0.6753,0.55244,0.40328,0.24102,0.083008,-0.052454,-0.14986,-0.19966,-0.19986,-0.1557,-0.077803,0.020562,0.12624,0.22842,0.31998,0.3979,0.46315,0.52007,0.57485,0.63308,0.69742,0.76685,0.83768,0.90455,0.95881,0.98196,0.93416,0.74818,0.37656
-0.23122,-0.35338,-0.34123,-0.25735,-0.13951,-0.0010604,0.1545,0.32309,0.49405,0.64901,0.76716,0.83478,0.85222,0.83221,0.79099,0.74034,0.68519,0.62578,0.56062,0.48828,0.40826,0.32148,0.23057,0.13993,0.055269,-0.017346,-0.072681,-0.10735,-0.12038,-0.11328,-0.089617,-0.054486,-0.013547,0.0282,0.067958,0.10632,0.14715,0.19567,0.25547,0.32629,0.40421,0.48402,0.56186,0.63631,0.70665,0.76678,0.79173,0.71575,0.43402
-0.22554,-0.27362,-0.23169,-0.16293,-0.086039,-0.0014023,0.095935,0.21091,0.34496,0.49312,0.64334,0.77992,0.88992,0.96783,1.0147,1.0334,1.0239,0.98289,0.90514,0.78658,0.62642,0.42889,0.20393,-0.033142,-0.26339,-0.46723,-0.62795,-0.73468,-0.78412,-0.78048,-0.73394,-0.65805,-0.5665,-0.47009,-0.37477,-0.28179,-0.18987,-0.098146,-0.007978,0.077291,0.15423,0.22125,0.27953,0.33272,0.38586,0.44296,0.49982,0.52276,0.40446
-0.00073842,-0.0021916,-0.0040856,-0.0063012,-0.0087753,-0.011467,-0.014342,-0.01737,-0.020518,-0.023754,-0.027048,-0.030369,-0.033691,-0.036983,-0.040205,-0.043299,-0.046181,-0.048736,-0.050824,-0.052288,-0.052972,-0.052744,-0.051513,-0.049252,-0.046007,-0.041895,-0.037097,-0.031834,-0.026343,-0.020853,-0.015571,-0.010662,-0.0062578,-0.0024472,0.00071468,0.0032078,0.0050462,0.0062762,0.0069688,0.0072081,0.0070782,0.0066546,0.0060021,0.0051768,0.0042309,0.0032166,0.0021916,0.0012276,0.00043086
