-1.9518
-1.5464
-1.3616
-1.3391
-1.3446
-1.3278
-1.219
-1.309
-1.2051
-1.205
-1.1686
-1.1527
-1.1842
-1.1341
-1.1294
-1.1458
-1.1422
-1.1373
-1.0968
-1.0934
-1.0916
-1.0795
-1.094
-1.1123
-1.1053
-1.086
-1.0924
-1.0972
-1.0839
-1.0472
-1.0029
-0.96919
-0.94643
-0.91937
-0.89659
-0.87593
-0.86748
-0.86733
-0.86474
-0.84658
-0.84114
-0.81801
-0.71185
-0.66631
-0.69269
-0.66857
-0.55843
-0.53411
-0.26464
-0.56427
-0.66877
-0.42185
-0.080011
0.085342
0.34149
0.72566
0.91652
0.81162
0.27657
-0.26019
-0.59228
-0.65321
-0.73817
-0.85613
-0.83369
-0.83071
-0.86777
-0.86168
-0.86178
-0.86711
-0.85027
-0.85895
-0.88611
-0.91239
-0.9227
-0.92356
-0.90559
-0.89994
-0.90979
-0.91656
-0.9248
-0.91987
-0.91806
-0.93372
-0.95701
-0.93694
-0.91364
-0.94594
-0.96483
-0.95761
-0.96114
-0.9773
-0.96086
-0.94671
-0.94178
-0.95025
-0.97013
-0.99039
-1.0178
-1.0633
-1.0994
-1.1252
-1.1352
-1.1558
-1.2052
-1.2048
-1.221
-1.2404
-1.3472
-1.868
-1.9074
