0.0019137
-0.0003129
-5.1415e-05
-7.82e-05
-1.2393e-06
2.9953e-05
3.9394e-06
4.7932e-06
1.4962e-05
1.7429e-05
1.2391e-05
-1.4637e-06
1.0378e-06
-8.4044e-06
-1.789e-05
-7.0352e-06
-2.4017e-05
-3.1543e-05
-1.4576e-05
-3.7973e-05
-3.1566e-05
-1.7029e-05
-2.8798e-05
-3.3069e-05
-2.6556e-05
-1.6901e-05
-1.8328e-05
-1.5609e-05
-1.5917e-05
-1.3921e-05
-1.0823e-05
-7.1974e-06
-1.0283e-05
-1.2394e-05
-1.2458e-05
-1.1481e-05
-8.7199e-06
-7.1724e-06
-5.1063e-06
-6.594e-06
-8.2663e-06
-3.1653e-06
-1.6521e-05
1.8316e-06
-1.43e-05
-5.7303e-06
-3.4988e-05
4.2516e-06
-7.4674e-05
-5.8009e-05
-6.8457e-05
-4.0802e-05
-3.5849e-05
-2.1685e-05
-2.7426e-05
-2.4539e-05
-2.2095e-05
-8.2751e-06
3.2837e-05
4.3954e-05
2.525e-05
-7.3282e-07
1.0517e-05
5.946e-07
2.0294e-06
3.0879e-06
2.9846e-06
2.0965e-06
4.3677e-06
3.0024e-06
3.4231e-06
6.3419e-06
8.7319e-06
1.0075e-05
9.6814e-06
8.2199e-06
4.3855e-06
9.1957e-06
9.2085e-06
6.5687e-06
5.4196e-06
3.0429e-06
6.4259e-06
6.785e-06
6.6528e-06
3.7036e-06
5.9066e-06
1.184e-05
7.0444e-06
8.3585e-06
9.5822e-06
1.1844e-05
1.5625e-05
2.0909e-05
1.9042e-05
1.5978e-05
1.5216e-05
1.313e-05
1.2743e-05
1.0468e-05
2.4564e-05
2.0546e-05
-6.2989e-07
1.1049e-05
5.2046e-06
1.6041e-05
-5.9018e-05
-5.4468e-05
0.0002944
-0.0011737
-0.00073985
