0.0002853
-0.00038494
9.3734e-05
-1.9219e-05
-5.855e-05
-1.7528e-05
4.0739e-05
3.7983e-05
4.3405e-05
4.114e-05
3.9535e-05
3.5786e-05
1.6606e-05
5.9779e-06
-7.7026e-06
-2.4571e-05
-2.9507e-05
-3.4604e-05
-5.5884e-05
-7.1251e-05
-8.6665e-05
-0.00010409
-0.00011902
-0.00011995
-0.00012425
-0.00011777
-0.00010169
-7.4257e-05
-5.6752e-05
-3.8859e-05
-2.3049e-05
-1.4295e-05
-1.3097e-05
-1.667e-05
-1.9929e-05
-2.2849e-05
-2.4735e-05
-1.7984e-05
-8.1666e-06
-7.6071e-06
-1.0837e-07
1.1977e-05
1.2073e-05
4.0203e-05
2.2351e-05
6.4801e-05
4.1519e-05
0.00010555
0.00011228
0.00014362
5.1271e-05
3.691e-05
3.5875e-05
5.2708e-05
4.3152e-05
2.3549e-05
5.8453e-05
3.5671e-05
3.4956e-05
8.7207e-05
1.4832e-05
2.7226e-05
1.6802e-05
1.5165e-05
9.5441e-06
5.1323e-07
-6.4041e-06
-1.0134e-05
-7.1877e-06
-1.1953e-05
-1.0316e-05
-6.5623e-06
-4.2661e-06
-2.2053e-06
-6.789e-07
2.0058e-06
4.7261e-06
4.9022e-06
7.3659e-07
-4.0128e-06
-2.3797e-06
3.7701e-06
4.9854e-06
1.7823e-06
5.2475e-06
7.7331e-06
1.0108e-06
-2.0486e-06
4.4274e-07
-1.8746e-05
-5.2104e-05
-6.5839e-05
-7.7517e-05
-0.00011695
-0.00014053
-0.00014816
-0.0001493
-0.00014885
-0.00015142
-0.00015807
-0.0001192
-0.00014645
-0.00011756
-7.1065e-05
-0.00012682
-0.00012418
-7.3324e-05
-0.00018779
0.00019146
-1.4076e-05
-0.00027226
