7.7455e-05
2.6468e-05
-3.3075e-05
-8.0259e-05
-9.3898e-05
-5.4923e-05
5.456e-05
0.00010189
4.3976e-05
1.2946e-06
-2.5517e-05
-3.6761e-05
-3.3049e-05
-1.4216e-05
1.9583e-05
4.2017e-05
2.5167e-05
6.6691e-06
-9.1621e-06
-1.8571e-05
-1.6038e-05
3.3659e-06
-2.4346e-05
-6.008e-05
-2.1385e-05
4.2201e-05
8.0105e-05
4.2537e-05
-9.3613e-05
-1.5136e-05
2.5848e-05
3.7313e-05
2.8468e-05
4.6255e-06
-2.7876e-05
-5.3024e-05
-2.1978e-06
2.8213e-05
3.901e-05
2.9751e-05
-3.1515e-07
-5.1638e-05
-0.00012584
-0.00022339
7.0802e-05
0.00020214
0.00019961
0.00010378
-4.2699e-05
-0.00019275
-0.00019275
-4.2699e-05
0.00010378
0.00019961
0.00020214
7.0802e-05
-0.00022339
-0.00012584
-5.1638e-05
-3.1515e-07
2.9751e-05
3.901e-05
2.8213e-05
-2.1978e-06
-5.3024e-05
-2.7876e-05
4.6255e-06
2.8468e-05
3.7313e-05
2.5848e-05
-1.5136e-05
-9.3613e-05
4.2537e-05
8.0105e-05
4.2201e-05
-2.1385e-05
-6.008e-05
-2.4346e-05
3.3659e-06
-1.6038e-05
-1.8571e-05
-9.1621e-06
6.6691e-06
2.5167e-05
4.2017e-05
1.9583e-05
-1.4216e-05
-3.3049e-05
-3.6761e-05
-2.5517e-05
1.2946e-06
4.3976e-05
0.00010189
5.456e-05
-5.4923e-05
-9.3898e-05
-8.0259e-05
-3.3075e-05
2.6468e-05
7.7455e-05
