2.04e+138
4.6611e+138
5.4818e+138
3.7662e+138
1.9071e+138
9.2627e+137
4.4967e+138
8.6975e+138
1.2549e+139
1.3223e+139
1.3307e+139
1.3707e+139
1.4439e+139
1.461e+139
1.447e+139
1.4266e+139
1.4002e+139
1.535e+139
1.9077e+139
2.2577e+139
2.5318e+139
2.2248e+139
1.9372e+139
1.6637e+139
1.2462e+139
7.9418e+138
3.4287e+138
3.6678e+137
-2.0897e+138
-4.7288e+138
-5.1085e+138
-2.1837e+138
1.2882e+138
4.4951e+138
4.5397e+138
4.7611e+138
5.1713e+138
5.7612e+138
5.9632e+138
5.9625e+138
5.7564e+138
5.359e+138
7.8776e+138
1.2154e+139
1.5991e+139
1.7393e+139
1.435e+139
1.1521e+139
8.6946e+138
4.2644e+138
-1.8435e+137
-4.6145e+138
-7.4406e+138
-1.027e+139
-1.3313e+139
-1.191e+139
-8.0739e+138
-3.7976e+138
-1.279e+138
-1.6764e+138
-1.8824e+138
-1.8832e+138
-1.6811e+138
-1.0912e+138
-6.8108e+137
-4.5966e+137
-4.1502e+137
2.7919e+138
6.2637e+138
9.1886e+138
8.8089e+138
6.1698e+138
3.7133e+138
6.5135e+137
-3.8617e+138
-8.3816e+138
-1.2557e+139
-1.5292e+139
-1.8168e+139
-2.1238e+139
-1.8497e+139
-1.4997e+139
-1.127e+139
-9.9224e+138
-1.0186e+139
-1.039e+139
-1.053e+139
-1.0359e+139
-9.6272e+138
-9.2268e+138
-9.1429e+138
-8.4694e+138
-4.6174e+138
-4.1661e+137
3.1538e+138
2.173e+138
3.1387e+137
-1.4018e+138
-5.81e+137
2.04e+138
