-11.309
-13.217
-12.829
-12.789
-12.713
-12.644
-12.59
-12.546
-12.504
-12.468
-12.433
-12.404
-12.383
-12.362
-12.342
-12.315
-12.296
-12.247
-11.908
-10.305
-24.386
-28.553
-28.327
-27.891
-27.658
-27.47
-27.309
-27.153
-27.012
-26.899
-26.804
-26.725
-26.659
-26.611
-26.571
-26.54
-26.52
-26.509
-26.506
-26.507
-26.514
-26.525
-26.535
-26.546
-26.56
-26.575
-26.588
-26.602
-26.617
-26.627
-26.633
-26.639
-26.646
-26.65
-26.652
-26.656
-26.656
-26.65
-26.645
-26.641
-26.636
-26.629
-26.624
-26.618
-26.608
-26.597
-26.589
-26.581
-26.572
-26.564
-26.557
-26.548
-26.537
-26.529
-26.522
-26.514
-26.506
-26.5
-26.493
-26.484
-26.477
-26.471
-26.465
-26.458
-26.451
-26.445
-26.438
-26.431
-26.424
-26.418
-26.41
-26.402
-26.393
-26.384
-26.374
-26.364
-26.353
-26.341
-26.326
-26.309
-26.291
-26.272
-26.25
-26.225
-26.197
-26.164
-26.124
-26.079
-26.03
-25.974
-25.908
-25.83
-25.742
-25.645
-25.517
-25.298
-25.27
-26.372
-32.502
-32.347
-32.216
-32.169
-32.18
-32.186
-32.193
-32.199
-32.206
-32.218
-32.234
-32.248
-32.263
-32.277
-32.293
-32.318
-32.346
-32.368
-32.513
-34.253
-32.479
-33.163
-32.301
-32.821
-32.381
-32.676
-32.886
-32.401
-32.866
-32.329
-32.816
-32.722
-32.48
-32.973
-32.394
-32.832
-33.009
-32.337
-33.045
-32.774
-32.626
-33.338
-32.346
-32.751
-33.429
-32.758
-32.813
-33.372
-32.628
-32.859
-33.67
-32.915
-32.749
-33.577
-33.63
-32.811
-33.406
-33.874
-33.135
-33.095
-33.936
-34.027
-33.07
-33.356
-34.235
-34.431
-33.316
-33.457
-34.33
-34.828
-34.063
-33.481
-34.156
-34.984
-35.11
-34.21
-33.835
-34.495
-35.3
-35.577
-34.949
-34.271
-34.416
-35.142
-35.87
-35.896
-35.443
-34.903
-34.786
-35.028
-35.572
-36.068
-36.248
-36.105
-35.725
-35.365
-35.069
-35.06
-35.269
-35.587
-35.943
-36.134
-36.175
-36.053
-35.797
-35.402
-35.16
-34.956
-34.771
-34.534
-34.307
-34.156
-34.003
-33.836
-33.679
-33.517
-33.343
-33.123
-32.834
-32.323
-31.572
-30.877
-30.92
-31.579
-31.408
-29.81
-27.517
-26.665
-27.328
-25.579
-24.508
-23.836
-23.252
-22.097
-21.895
-20.872
-20.012
-19.335
-19.204
-18.402
-18.314
-17.779
-16.947
-16.768
-16.463
-15.837
-15.408
-15.382
-15.906
-15.831
-15.069
-14.489
-14.204
-14.1
-14.224
-14.396
-14.744
-11.309
-11.309
-13.217
-12.829
-12.789
-12.713
-12.644
-12.59
-12.546
-12.504
-12.468
-12.433
-12.404
-12.383
-12.362
-12.342
-12.315
-12.296
-12.247
-11.907
-10.312
-24.395
-28.558
-28.331
-27.895
-27.661
-27.473
-27.311
-27.155
-27.013
-26.9
-26.805
-26.725
-26.66
-26.611
-26.572
-26.54
-26.52
-26.51
-26.506
-26.507
-26.514
-26.525
-26.535
-26.546
-26.56
-26.575
-26.588
-26.602
-26.617
-26.627
-26.633
-26.639
-26.646
-26.65
-26.652
-26.656
-26.656
-26.65
-26.645
-26.641
-26.636
-26.629
-26.624
-26.618
-26.608
-26.597
-26.589
-26.581
-26.572
-26.564
-26.557
-26.547
-26.537
-26.529
-26.521
-26.514
-26.506
-26.5
-26.492
-26.484
-26.477
-26.471
-26.464
-26.457
-26.451
-26.445
-26.438
-26.431
-26.424
-26.417
-26.41
-26.402
-26.393
-26.384
-26.374
-26.364
-26.353
-26.34
-26.326
-26.309
-26.291
-26.272
-26.25
-26.225
-26.196
-26.164
-26.124
-26.078
-26.029
-25.974
-25.907
-25.829
-25.741
-25.644
-25.516
-25.296
-25.267
-26.369
-32.501
-32.347
-32.216
-32.169
-32.18
-32.186
-32.193
-32.199
-32.206
-32.218
-32.233
-32.248
-32.263
-32.277
-32.293
-32.317
-32.345
-32.368
-32.513
-34.253
-32.479
-33.162
-32.3
-32.821
-32.381
-32.676
-32.886
-32.401
-32.866
-32.329
-32.816
-32.722
-32.48
-32.973
-32.393
-32.832
-33.009
-32.337
-33.045
-32.774
-32.626
-33.338
-32.346
-32.751
-33.429
-32.758
-32.813
-33.372
-32.628
-32.859
-33.67
-32.915
-32.749
-33.577
-33.63
-32.81
-33.406
-33.874
-33.134
-33.095
-33.936
-34.027
-33.07
-33.356
-34.235
-34.431
-33.316
-33.456
-34.33
-34.827
-34.062
-33.481
-34.156
-34.984
-35.11
-34.21
-33.835
-34.495
-35.3
-35.576
-34.949
-34.271
-34.416
-35.142
-35.87
-35.896
-35.443
-34.903
-34.786
-35.028
-35.572
-36.068
-36.248
-36.105
-35.724
-35.365
-35.069
-35.06
-35.269
-35.587
-35.943
-36.133
-36.175
-36.053
-35.797
-35.402
-35.16
-34.956
-34.771
-34.534
-34.307
-34.155
-34.003
-33.836
-33.679
-33.517
-33.342
-33.123
-32.834
-32.323
-31.572
-30.877
-30.92
-31.579
-31.408
-29.81
-27.517
-26.665
-27.328
-25.579
-24.508
-23.836
-23.252
-22.097
-21.895
-20.872
-20.012
-19.335
-19.204
-18.402
-18.314
-17.779
-16.947
-16.768
-16.463
-15.837
-15.407
-15.382
-15.906
-15.831
-15.069
-14.489
-14.204
-14.1
-14.223
-14.396
-14.744
-11.309
