0.010512
0.020745
0.02272
0.022119
0.021581
0.018836
0.02166
0.022279
0.022398
0.0221
0.020701
0.020046
0.022081
0.02253
0.022561
0.022006
0.019354
0.023825
0.02555
0.0089264
0.00046145
0.00051068
0.0006912
0.00013024
-0.00063468
-0.00020099
-0.00011333
-2.2032e-05
-6.2632e-05
-6.8801e-05
-8.1241e-05
-7.9371e-05
-0.0001049
-0.00012511
-0.00010781
-0.0001209
-0.00013698
-0.00013856
-0.00014151
-0.00015139
-0.00016318
-0.00015875
-0.00015605
-0.00016743
-0.00016797
-0.0001669
-0.00017415
-0.0001822
-0.00018374
-0.00018678
-0.00019043
-0.00019622
-0.00018562
-0.00020041
-0.00020621
-0.00020763
-0.000217
-0.00021746
-0.00022126
-0.00021202
-0.00021987
-0.00022746
-0.0002278
-0.00023456
-0.00023911
-0.0002355
-0.0002315
-0.00022488
-0.00023768
-0.00023769
-0.00023751
-0.00024609
-0.00023785
-0.00024074
-0.00021499
-0.00023801
-0.0002347
-0.00023229
-0.00023857
-0.00023338
-0.00023077
-0.00021467
-0.00022135
-0.00022496
-0.00022235
-0.00022401
-0.00022304
-0.00021702
-0.00021008
-0.00020063
-0.00021178
-0.00020878
-0.00020792
-0.000208
-0.00020217
-0.0002016
-0.00017836
-0.00019677
-0.00019134
-0.00018972
-0.00018974
-0.00018699
-0.00018315
-0.00016972
-0.00017545
-0.00018004
-0.00018102
-0.00018795
-0.00019312
-0.00019182
-0.00017921
-0.00018276
-0.0002573
-0.00044589
-0.00050417
-0.00025927
-0.00039757
0.00061089
0.0040005
0.017014
0.011637
0.0098984
0.012217
0.011965
0.011911
0.012124
0.010212
0.010841
0.012091
0.011909
0.01197
0.01197
0.0094989
0.012198
0.012097
0.012503
0.01306
0.0079304
0.0017458
0.006151
0.00287
0.0041728
0.0050665
0.0018651
0.0071545
0.0011205
0.0055783
0.0045332
0.001338
0.0071382
0.0006314
0.0054863
0.0046114
0.00053736
0.0075557
0.0012634
0.0038567
0.0041566
0.0029363
0.003733
0.0048882
0.0022242
0.0020564
0.007353
-0.0012564
0.0063388
0.0029629
0.0033879
0.00099705
0.0069203
0.00087039
0.0031136
0.0029701
0.0060117
-0.00058148
0.0051548
0.0029979
0.0035153
0.00058629
0.0059565
0.0021533
0.0025342
0.0025744
0.0037377
0.0035099
0.0022297
0.0024949
0.0029601
0.0036927
0.0029021
0.0021951
0.0023276
0.0032813
0.0033304
0.0031447
0.0017802
0.0012576
0.0053923
0.00018701
0.0055367
0.0014903
0.0020394
0.00056604
0.0055155
0.00066875
0.0034057
0.0020952
0.0028123
0.00038108
0.002992
0.0012507
0.0036735
-0.00097676
0.0051449
0.00015136
0.001841
0.0022257
0.00063986
0.001193
0.0015234
0.0011475
0.0013408
-0.00013632
0.0014216
0.0003402
0.0010227
0.00038821
0.00041101
-0.00020045
0.00060282
0.00028597
0.00024597
-0.00066549
0.00012951
1.6785e-05
-0.00036917
-0.00081574
9.9338e-05
-0.0046937
0.0016371
-0.00072017
0.0033144
-0.00030325
-0.012692
0.015527
-0.0092931
0.0058116
0.0049443
-0.0025379
0.00073314
0.012841
-0.012818
0.029688
-0.014821
0.023545
-0.00082672
0.0086892
0.0079104
0.0090953
0.010756
0.010729
0.010746
0.013499
0.012164
0.014383
0.012952
0.01411
0.016022
0.016885
0.017457
0.017963
0.018045
0.018833
0.019287
0.017847
0.010512
0.010512
0.020745
0.02272
0.022119
0.021582
0.018836
0.021661
0.022278
0.0224
0.022105
0.020697
0.020041
0.02208
0.022536
0.022568
0.022004
0.019349
0.023823
0.025561
0.0089152
0.00046256
0.00051284
0.00069095
0.00012956
-0.00063442
-0.00020077
-0.00011301
-2.1712e-05
-6.2432e-05
-6.8673e-05
-8.1167e-05
-7.9315e-05
-0.00010489
-0.0001251
-0.00010782
-0.00012092
-0.00013702
-0.00013859
-0.00014156
-0.00015144
-0.00016321
-0.00015879
-0.0001561
-0.00016747
-0.000168
-0.00016693
-0.00017417
-0.00018222
-0.00018376
-0.00018681
-0.00019045
-0.00019624
-0.00018564
-0.00020043
-0.00020622
-0.00020764
-0.00021702
-0.00021748
-0.00022127
-0.00021203
-0.00021989
-0.00022747
-0.00022781
-0.00023458
-0.00023912
-0.00023551
-0.00023151
-0.00022489
-0.00023769
-0.0002377
-0.00023752
-0.0002461
-0.00023786
-0.00024075
-0.000215
-0.00023802
-0.00023471
-0.0002323
-0.00023858
-0.00023339
-0.00023078
-0.00021468
-0.00022136
-0.00022497
-0.00022237
-0.00022402
-0.00022305
-0.00021703
-0.0002101
-0.00020064
-0.00021179
-0.0002088
-0.00020794
-0.00020801
-0.00020218
-0.00020161
-0.00017838
-0.00019679
-0.00019135
-0.00018973
-0.00018975
-0.000187
-0.00018316
-0.00016972
-0.00017546
-0.00018003
-0.00018101
-0.00018794
-0.00019312
-0.00019182
-0.00017921
-0.00018275
-0.00025729
-0.00044598
-0.00050483
-0.00025962
-0.0003985
0.000612
0.0039924
0.017028
0.011631
0.0098963
0.012211
0.011972
0.011914
0.012122
0.01021
0.010836
0.012097
0.011907
0.01197
0.011969
0.0094985
0.012198
0.012096
0.012502
0.01306
0.0079303
0.0017454
0.0061509
0.0028698
0.0041727
0.0050664
0.0018649
0.0071544
0.0011203
0.0055782
0.0045332
0.0013379
0.0071382
0.0006313
0.0054863
0.0046114
0.00053728
0.0075557
0.0012633
0.0038567
0.0041566
0.0029363
0.0037329
0.0048882
0.0022242
0.0020564
0.0073531
-0.0012565
0.0063389
0.0029629
0.003388
0.00099705
0.0069204
0.00087042
0.0031136
0.0029701
0.0060118
-0.00058145
0.0051549
0.0029979
0.0035155
0.00058634
0.0059566
0.0021533
0.0025343
0.0025745
0.0037378
0.0035099
0.0022298
0.0024951
0.0029601
0.0036927
0.0029021
0.0021953
0.0023277
0.0032814
0.0033305
0.0031447
0.0017803
0.0012577
0.0053924
0.00018706
0.0055367
0.0014904
0.0020394
0.0005661
0.0055155
0.00066876
0.0034057
0.0020953
0.0028123
0.00038108
0.002992
0.0012507
0.0036736
-0.00097676
0.0051449
0.00015137
0.001841
0.0022257
0.00063984
0.0011929
0.0015234
0.0011474
0.0013407
-0.00013635
0.0014216
0.00034017
0.0010227
0.00038818
0.00041097
-0.00020049
0.00060278
0.00028593
0.00024593
-0.00066554
0.00012947
1.6733e-05
-0.00036923
-0.0008158
9.9264e-05
-0.0046938
0.0016371
-0.00072019
0.0033144
-0.00030332
-0.012692
0.015527
-0.0092932
0.0058116
0.0049442
-0.0025379
0.0007331
0.012841
-0.012818
0.029688
-0.014822
0.023545
-0.00082679
0.0086892
0.0079103
0.0090952
0.010756
0.010729
0.010746
0.013499
0.012164
0.014383
0.012952
0.01411
0.016022
0.016885
0.017457
0.017963
0.018045
0.018833
0.019287
0.017847
0.010512
