0.0030948
0.00011735
-0.00083525
-4.4163e-05
-5.1568e-05
-0.00017945
-0.00014864
-0.00011198
-0.00010017
-0.0001436
-0.00011288
-0.00015548
-0.00011918
-9.4865e-05
-0.00013342
3.9906e-06
-0.0003106
-0.00026887
-0.00052154
-0.00056602
-0.00076148
-0.0011153
-0.00061557
0.00022685
-0.00055289
-0.00089488
-0.00091262
-0.00097987
-0.0009949
-0.00092723
-0.00086975
-0.0007853
-0.00070606
-0.00060401
-0.00051213
-0.00048888
-0.00039661
-0.00032994
-0.00026478
-0.00019215
-0.00012955
-6.3988e-05
-1.6289e-05
5.3731e-05
0.00011501
0.00016004
0.00021481
0.0002701
0.00028316
0.00033579
0.00039727
0.0004402
0.00046588
0.00049011
0.00052586
0.00051964
0.00051176
0.00058196
0.00059463
0.00060332
0.00059728
0.00060467
0.0006096
0.00052785
0.0006072
0.00059978
0.00059679
0.00057371
0.00056229
0.00055766
0.00049383
0.00050607
0.00051764
0.00050152
0.00047741
0.00044999
0.00043874
0.0003991
0.00036437
0.0003838
0.00035994
0.00033856
0.00030318
0.00028434
0.00026355
0.00021101
0.000224
0.00019925
0.00017987
0.00014505
0.0001228
0.00010448
7.7866e-05
6.544e-05
5.0448e-05
3.453e-05
1.2072e-05
-8.6987e-06
-1.7386e-05
-2.5062e-05
-3.1114e-05
-4.2801e-05
-5.0268e-05
-5.6915e-05
-7.2683e-05
-7.9076e-05
-9.0192e-05
-9.1043e-05
-0.0001252
-0.00015393
-0.00017802
-0.00020463
-0.0002477
-0.00048905
-0.00064185
-0.00073947
-0.00078007
-0.00015088
0.00043411
0.00019967
-0.00015693
-0.0003178
-0.00035177
-0.00024531
-0.00012449
-0.00013879
-0.00015635
-8.93e-05
-0.00010252
-0.00011503
-1.8722e-05
-9.6707e-05
-0.00021521
7.1793e-06
0.00079019
0.00041756
-0.00077866
-0.0012283
-0.014363
-0.0070858
-0.008353
-0.0094795
-0.0087935
-0.0090897
-0.0075044
-0.0085492
-0.0091408
-0.0088898
-0.0094429
-0.0072173
-0.0089085
-0.0091499
-0.009263
-0.0093052
-0.0073152
-0.0086751
-0.010657
-0.0083296
-0.009882
-0.0073662
-0.0093973
-0.0096747
-0.0097996
-0.0096174
-0.00744
-0.010846
-0.0085381
-0.011164
-0.0089528
-0.0090121
-0.008977
-0.011937
-0.0092644
-0.010405
-0.0079261
-0.012252
-0.0090444
-0.012267
-0.0088735
-0.010194
-0.011126
-0.011497
-0.010441
-0.01065
-0.010836
-0.011533
-0.011167
-0.012116
-0.010914
-0.01161
-0.010952
-0.013225
-0.012046
-0.011427
-0.012099
-0.012157
-0.013325
-0.012511
-0.011929
-0.012606
-0.013798
-0.012721
-0.013098
-0.011515
-0.013504
-0.014398
-0.013809
-0.013149
-0.011121
-0.013395
-0.013769
-0.013963
-0.012918
-0.012329
-0.013355
-0.013529
-0.012772
-0.011713
-0.011322
-0.012148
-0.012015
-0.011623
-0.010732
-0.01072
-0.010683
-0.010454
-0.0095954
-0.0091855
-0.0088638
-0.0086145
-0.0077312
-0.0069299
-0.0068222
-0.0060248
-0.0051628
-0.0047542
-0.0039826
-0.0024285
-0.0027455
0.00043476
-0.004689
0.0051146
0.0014224
0.0063991
0.00099024
0.0064635
0.0077903
0.00052835
0.013195
0.012538
-0.00022171
0.02104
-0.00031441
0.01689
0.0038779
0.017206
0.011204
0.013936
0.014239
0.011727
0.012902
0.014025
0.013018
0.015699
0.014027
0.015898
0.015218
0.014579
0.013899
0.014907
0.015401
0.015574
0.016418
0.017037
0.015329
0.0030948
-0.0030949
-0.00011727
0.00083525
4.4153e-05
5.1577e-05
0.00017944
0.00014868
0.00011195
0.00010025
0.00014353
0.00011312
0.00015534
0.00011896
9.5742e-05
0.00013263
-3.6727e-06
0.00031117
0.00026915
0.00052242
0.00056706
0.00076277
0.0011166
0.00061502
-0.00022556
0.00055399
0.00089569
0.000913
0.00097989
0.00099448
0.00092644
0.0008687
0.00078406
0.0007047
0.00060265
0.0005108
0.00048738
0.00039514
0.00032851
0.00026342
0.00019086
0.00012834
6.2994e-05
1.5209e-05
-5.4726e-05
-0.00011593
-0.00016088
-0.00021557
-0.0002708
-0.00028374
-0.00033635
-0.0003978
-0.00044067
-0.00046631
-0.00049049
-0.0005262
-0.00051993
-0.00051201
-0.00058221
-0.00059485
-0.00060351
-0.00059744
-0.00060482
-0.00060973
-0.00052794
-0.00060729
-0.00059986
-0.00059686
-0.00057376
-0.00056233
-0.00055769
-0.00049386
-0.00050608
-0.00051765
-0.00050152
-0.0004774
-0.00044997
-0.00043872
-0.00039907
-0.00036434
-0.00038375
-0.00035989
-0.0003385
-0.0003031
-0.00028426
-0.00026346
-0.00021092
-0.00022389
-0.00019912
-0.00017973
-0.00014489
-0.00012263
-0.00010429
-7.7675e-05
-6.5226e-05
-5.0205e-05
-3.4271e-05
-1.1794e-05
8.9916e-06
1.7692e-05
2.5359e-05
3.1401e-05
4.3122e-05
5.0585e-05
5.7224e-05
7.2976e-05
7.9346e-05
9.0428e-05
9.1222e-05
0.00012539
0.0001541
0.00017818
0.00020479
0.00024785
0.00048932
0.00064253
0.00074066
0.0007818
0.00015294
-0.00043365
-0.00019988
0.00015689
0.00031791
0.00035202
0.00024552
0.00012449
0.00013878
0.00015643
8.9315e-05
0.00010251
0.00011509
1.8706e-05
9.6749e-05
0.00021524
-7.1712e-06
-0.00079019
-0.00041752
0.00077875
0.0012281
0.014363
0.0070857
0.0083529
0.0094794
0.0087935
0.0090896
0.0075043
0.0085491
0.0091408
0.0088897
0.0094428
0.0072173
0.0089085
0.0091499
0.0092629
0.0093052
0.0073152
0.0086751
0.010657
0.0083296
0.0098821
0.0073663
0.0093973
0.0096748
0.0097997
0.0096175
0.0074401
0.010846
0.0085382
0.011164
0.0089529
0.0090123
0.0089771
0.011937
0.0092645
0.010405
0.0079263
0.012252
0.0090445
0.012267
0.0088737
0.010194
0.011126
0.011497
0.010441
0.01065
0.010836
0.011533
0.011167
0.012117
0.010914
0.01161
0.010952
0.013225
0.012046
0.011427
0.012099
0.012157
0.013325
0.012511
0.011929
0.012606
0.013798
0.012721
0.013098
0.011515
0.013504
0.014398
0.013809
0.013149
0.011121
0.013395
0.013769
0.013963
0.012918
0.012329
0.013355
0.013529
0.012772
0.011713
0.011322
0.012148
0.012015
0.011623
0.010732
0.01072
0.010683
0.010454
0.0095954
0.0091855
0.0088638
0.0086145
0.0077312
0.0069299
0.0068221
0.0060248
0.0051628
0.0047541
0.0039825
0.0024284
0.0027454
-0.00043483
0.004689
-0.0051147
-0.0014224
-0.0063992
-0.00099029
-0.0064635
-0.0077904
-0.00052834
-0.013195
-0.012538
0.00022171
-0.02104
0.00031444
-0.01689
-0.0038779
-0.017206
-0.011204
-0.013936
-0.01424
-0.011727
-0.012902
-0.014025
-0.013018
-0.015699
-0.014027
-0.015898
-0.015218
-0.014579
-0.013899
-0.014907
-0.015401
-0.015574
-0.016418
-0.017038
-0.015329
-0.0030949
