-0.56861
-0.63069
-0.67913
-0.71624
-0.74526
-0.76882
-0.78884
-0.77438
-0.71676
-0.64306
-0.55229
-0.61003
-0.76035
-0.98335
-1.2778
-1.6168
-1.9108
-2.1667
-2.3888
-2.3458
-2.2261
-2.1171
-2.0136
-1.9115
-1.8055
-1.667
-1.4371
-1.1547
-0.78967
-0.31301
0.30188
1.0788
1.5026
1.6943
1.7626
1.6353
1.0672
0.60081
0.2385
-0.018848
0.21113
0.7036
1.2227
1.7605
2.4598
3.0515
3.5462
3.9605
4.312
4.6179
4.6179
4.312
3.9605
3.5462
3.0515
2.4598
1.7605
1.2227
0.7036
0.21113
-0.018848
0.2385
0.60081
1.0672
1.6353
1.7626
1.6943
1.5026
1.0788
0.30188
-0.31301
-0.78967
-1.1547
-1.4371
-1.667
-1.8055
-1.9115
-2.0136
-2.1171
-2.2261
-2.3458
-2.3888
-2.1667
-1.9108
-1.6168
-1.2778
-0.98335
-0.76035
-0.61003
-0.55229
-0.64306
-0.71676
-0.77438
-0.78884
-0.76882
-0.74526
-0.71624
-0.67913
-0.63069
-0.56861
