2.3164e-16
3.5763e-05
4.0464e-05
-1.7312e-05
-1.0771e-05
4.7938e-06
7.8532e-06
3.2179e-06
-4.2678e-06
-1.0712e-05
-1.4459e-05
4.2573e-06
1.7033e-05
1.9789e-05
1.2575e-05
-5.2155e-06
-3.4005e-05
-7.3876e-05
-0.00012626
8.6741e-06
0.00011397
0.00012575
7.1088e-05
-2.0888e-05
-0.00011952
-0.00015471
-3.9669e-05
7.7113e-05
0.00015856
0.0001692
7.5774e-05
-0.00015196
-0.00014382
-5.7954e-05
2.2319e-06
3.7709e-05
4.914e-05
3.6281e-05
-2.179e-08
-5.9964e-05
-5.6458e-05
-1.2264e-05
2.187e-05
4.1735e-05
3.9205e-05
6.2178e-06
-6.6257e-05
2.738e-05
8.427e-05
3.9303e-05
-3.9303e-05
-8.427e-05
-2.738e-05
6.6257e-05
-6.2178e-06
-3.9205e-05
-4.1735e-05
-2.187e-05
1.2264e-05
5.6458e-05
5.9964e-05
2.179e-08
-3.6281e-05
-4.914e-05
-3.7709e-05
-2.2319e-06
5.7954e-05
0.00014382
0.00015196
-7.5774e-05
-0.0001692
-0.00015856
-7.7113e-05
3.9669e-05
0.00015471
0.00011952
2.0888e-05
-7.1088e-05
-0.00012575
-0.00011397
-8.6741e-06
0.00012626
7.3876e-05
3.4005e-05
5.2155e-06
-1.2575e-05
-1.9789e-05
-1.7033e-05
-4.2573e-06
1.4459e-05
1.0712e-05
4.2678e-06
-3.2179e-06
-7.8532e-06
-4.7938e-06
1.0771e-05
1.7312e-05
-4.0464e-05
-3.5763e-05
2.3159e-16
