0,0,0,0,0,0,0,0,0,0,0,0,0,0,0,0,0,0,0,0,0,0,0,0,0,0,0,0,0,0,0,0,0,0,0,0,0,0,0,0,0,0,0,0,0,0,0,0,0,0,0,0,0,0,0,0,0,0,0,0,0,0,0,0,0,0,0,0,0,0,0,0,0,0
0.040404,0.040404,0.040404,0.040404,0.040404,0.040404,0.040404,0.040404,0.040404,0.040404,0.040404,0.040404,0.040404,0.040404,0.040404,0.040404,0.040404,0.040404,0.040404,0.040404,0.040404,0.040404,0.040404,0.040404,0.040404,0.040404,0.040404,0.040404,0.040404,0.040404,0.040404,0.040404,0.040404,0.040404,0.040404,0.040404,0.040404,0.040404,0.040404,0.040404,0.040404,0.040404,0.040404,0.040404,0.040404,0.040404,0.040404,0.040404,0.040404,0.040404,0.040404,0.040404,0.040404,0.040404,0.040404,0.040404,0.040404,0.040404,0.040404,0.040404,0.040404,0.040404,0.040404,0.040404,0.040404,0.040404,0.040404,0.040404,0.040404,0.040404,0.040404,0.040404,0.040404,0.040404
0.080808,0.080808,0.080808,0.080808,0.080808,0.080808,0.080808,0.080808,0.080808,0.080808,0.080808,0.080808,0.080808,0.080808,0.080808,0.080808,0.080808,0.080808,0.080808,0.080808,0.080808,0.080808,0.080808,0.080808,0.080808,0.080808,0.080808,0.080808,0.080808,0.080808,0.080808,0.080808,0.080808,0.080808,0.080808,0.080808,0.080808,0.080808,0.080808,0.080808,0.080808,0.080808,0.080808,0.080808,0.080808,0.080808,0.080808,0.080808,0.080808,0.080808,0.080808,0.080808,0.080808,0.080808,0.080808,0.080808,0.080808,0.080808,0.080808,0.080808,0.080808,0.080808,0.080808,0.080808,0.080808,0.080808,0.080808,0.080808,0.080808,0.080808,0.080808,0.080808,0.080808,0.080808
0.12121,0.12121,0.12121,0.12121,0.12121,0.12121,0.12121,0.12121,0.12121,0.12121,0.12121,0.12121,0.12121,0.12121,0.12121,0.12121,0.12121,0.12121,0.12121,0.12121,0.12121,0.12121,0.12121,0.12121,0.12121,0.12121,0.12121,0.12121,0.12121,0.12121,0.12121,0.12121,0.12121,0.12121,0.12121,0.12121,0.12121,0.12121,0.12121,0.12121,0.12121,0.12121,0.12121,0.12121,0.12121,0.12121,0.12121,0.12121,0.12121,0.12121,0.12121,0.12121,0.12121,0.12121,0.12121,0.12121,0.12121,0.12121,0.12121,0.12121,0.12121,0.12121,0.12121,0.12121,0.12121,0.12121,0.12121,0.12121,0.12121,0.12121,0.12121,0.12121,0.12121,0.12121
0.16162,0.16162,0.16162,0.16162,0.16162,0.16162,0.16162,0.16162,0.16162,0.16162,0.16162,0.16162,0.16162,0.16162,0.16162,0.16162,0.16162,0.16162,0.16162,0.16162,0.16162,0.16162,0.16162,0.16162,0.16162,0.16162,0.16162,0.16162,0.16162,0.16162,0.16162,0.16162,0.16162,0.16162,0.16162,0.16162,0.16162,0.16162,0.16162,0.16162,0.16162,0.16162,0.16162,0.16162,0.16162,0.16162,0.16162,0.16162,0.16162,0.16162,0.16162,0.16162,0.16162,0.16162,0.16162,0.16162,0.16162,0.16162,0.16162,0.16162,0.16162,0.16162,0.16162,0.16162,0.16162,0.16162,0.16162,0.16162,0.16162,0.16162,0.16162,0.16162,0.16162,0.16162
0.20202,0.20202,0.20202,0.20202,0.20202,0.20202,0.20202,0.20202,0.20202,0.20202,0.20202,0.20202,0.20202,0.20202,0.20202,0.20202,0.20202,0.20202,0.20202,0.20202,0.20202,0.20202,0.20202,0.20202,0.20202,0.20202,0.20202,0.20202,0.20202,0.20202,0.20202,0.20202,0.20202,0.20202,0.20202,0.20202,0.20202,0.20202,0.20202,0.20202,0.20202,0.20202,0.20202,0.20202,0.20202,0.20202,0.20202,0.20202,0.20202,0.20202,0.20202,0.20202,0.20202,0.20202,0.20202,0.20202,0.20202,0.20202,0.20202,0.20202,0.20202,0.20202,0.20202,0.20202,0.20202,0.20202,0.20202,0.20202,0.20202,0.20202,0.20202,0.20202,0.20202,0.20202
0.24242,0.24242,0.24242,0.24242,0.24242,0.24242,0.24242,0.24242,0.24242,0.24242,0.24242,0.24242,0.24242,0.24242,0.24242,0.24242,0.24242,0.24242,0.24242,0.24242,0.24242,0.24242,0.24242,0.24242,0.24242,0.24242,0.24242,0.24242,0.24242,0.24242,0.24242,0.24242,0.24242,0.24242,0.24242,0.24242,0.24242,0.24242,0.24242,0.24242,0.24242,0.24242,0.24242,0.24242,0.24242,0.24242,0.24242,0.24242,0.24242,0.24242,0.24242,0.24242,0.24242,0.24242,0.24242,0.24242,0.24242,0.24242,0.24242,0.24242,0.24242,0.24242,0.24242,0.24242,0.24242,0.24242,0.24242,0.24242,0.24242,0.24242,0.24242,0.24242,0.24242,0.24242
0.28283,0.28283,0.28283,0.28283,0.28283,0.28283,0.28283,0.28283,0.28283,0.28283,0.28283,0.28283,0.28283,0.28283,0.28283,0.28283,0.28283,0.28283,0.28283,0.28283,0.28283,0.28283,0.28283,0.28283,0.28283,0.28283,0.28283,0.28283,0.28283,0.28283,0.28283,0.28283,0.28283,0.28283,0.28283,0.28283,0.28283,0.28283,0.28283,0.28283,0.28283,0.28283,0.28283,0.28283,0.28283,0.28283,0.28283,0.28283,0.28283,0.28283,0.28283,0.28283,0.28283,0.28283,0.28283,0.28283,0.28283,0.28283,0.28283,0.28283,0.28283,0.28283,0.28283,0.28283,0.28283,0.28283,0.28283,0.28283,0.28283,0.28283,0.28283,0.28283,0.28283,0.28283
0.32323,0.32323,0.32323,0.32323,0.32323,0.32323,0.32323,0.32323,0.32323,0.32323,0.32323,0.32323,0.32323,0.32323,0.32323,0.32323,0.32323,0.32323,0.32323,0.32323,0.32323,0.32323,0.32323,0.32323,0.32323,0.32323,0.32323,0.32323,0.32323,0.32323,0.32323,0.32323,0.32323,0.32323,0.32323,0.32323,0.32323,0.32323,0.32323,0.32323,0.32323,0.32323,0.32323,0.32323,0.32323,0.32323,0.32323,0.32323,0.32323,0.32323,0.32323,0.32323,0.32323,0.32323,0.32323,0.32323,0.32323,0.32323,0.32323,0.32323,0.32323,0.32323,0.32323,0.32323,0.32323,0.32323,0.32323,0.32323,0.32323,0.32323,0.32323,0.32323,0.32323,0.32323
0.36364,0.36364,0.36364,0.36364,0.36364,0.36364,0.36364,0.36364,0.36364,0.36364,0.36364,0.36364,0.36364,0.36364,0.36364,0.36364,0.36364,0.36364,0.36364,0.36364,0.36364,0.36364,0.36364,0.36364,0.36364,0.36364,0.36364,0.36364,0.36364,0.36364,0.36364,0.36364,0.36364,0.36364,0.36364,0.36364,0.36364,0.36364,0.36364,0.36364,0.36364,0.36364,0.36364,0.36364,0.36364,0.36364,0.36364,0.36364,0.36364,0.36364,0.36364,0.36364,0.36364,0.36364,0.36364,0.36364,0.36364,0.36364,0.36364,0.36364,0.36364,0.36364,0.36364,0.36364,0.36364,0.36364,0.36364,0.36364,0.36364,0.36364,0.36364,0.36364,0.36364,0.36364
0.40404,0.40404,0.40404,0.40404,0.40404,0.40404,0.40404,0.40404,0.40404,0.40404,0.40404,0.40404,0.40404,0.40404,0.40404,0.40404,0.40404,0.40404,0.40404,0.40404,0.40404,0.40404,0.40404,0.40404,0.40404,0.40404,0.40404,0.40404,0.40404,0.40404,0.40404,0.40404,0.40404,0.40404,0.40404,0.40404,0.40404,0.40404,0.40404,0.40404,0.40404,0.40404,0.40404,0.40404,0.40404,0.40404,0.40404,0.40404,0.40404,0.40404,0.40404,0.40404,0.40404,0.40404,0.40404,0.40404,0.40404,0.40404,0.40404,0.40404,0.40404,0.40404,0.40404,0.40404,0.40404,0.40404,0.40404,0.40404,0.40404,0.40404,0.40404,0.40404,0.40404,0.40404
0.44444,0.44444,0.44444,0.44444,0.44444,0.44444,0.44444,0.44444,0.44444,0.44444,0.44444,0.44444,0.44444,0.44444,0.44444,0.44444,0.44444,0.44444,0.44444,0.44444,0.44444,0.44444,0.44444,0.44444,0.44444,0.44444,0.44444,0.44444,0.44444,0.44444,0.44444,0.44444,0.44444,0.44444,0.44444,0.44444,0.44444,0.44444,0.44444,0.44444,0.44444,0.44444,0.44444,0.44444,0.44444,0.44444,0.44444,0.44444,0.44444,0.44444,0.44444,0.44444,0.44444,0.44444,0.44444,0.44444,0.44444,0.44444,0.44444,0.44444,0.44444,0.44444,0.44444,0.44444,0.44444,0.44444,0.44444,0.44444,0.44444,0.44444,0.44444,0.44444,0.44444,0.44444
0.48485,0.48485,0.48485,0.48485,0.48485,0.48485,0.48485,0.48485,0.48485,0.48485,0.48485,0.48485,0.48485,0.48485,0.48485,0.48485,0.48485,0.48485,0.48485,0.48485,0.48485,0.48485,0.48485,0.48485,0.48485,0.48485,0.48485,0.48485,0.48485,0.48485,0.48485,0.48485,0.48485,0.48485,0.48485,0.48485,0.48485,0.48485,0.48485,0.48485,0.48485,0.48485,0.48485,0.48485,0.48485,0.48485,0.48485,0.48485,0.48485,0.48485,0.48485,0.48485,0.48485,0.48485,0.48485,0.48485,0.48485,0.48485,0.48485,0.48485,0.48485,0.48485,0.48485,0.48485,0.48485,0.48485,0.48485,0.48485,0.48485,0.48485,0.48485,0.48485,0.48485,0.48485
0.52525,0.52525,0.52525,0.52525,0.52525,0.52525,0.52525,0.52525,0.52525,0.52525,0.52525,0.52525,0.52525,0.52525,0.52525,0.52525,0.52525,0.52525,0.52525,0.52525,0.52525,0.52525,0.52525,0.52525,0.52525,0.52525,0.52525,0.52525,0.52525,0.52525,0.52525,0.52525,0.52525,0.52525,0.52525,0.52525,0.52525,0.52525,0.52525,0.52525,0.52525,0.52525,0.52525,0.52525,0.52525,0.52525,0.52525,0.52525,0.52525,0.52525,0.52525,0.52525,0.52525,0.52525,0.52525,0.52525,0.52525,0.52525,0.52525,0.52525,0.52525,0.52525,0.52525,0.52525,0.52525,0.52525,0.52525,0.52525,0.52525,0.52525,0.52525,0.52525,0.52525,0.52525
0.56566,0.56566,0.56566,0.56566,0.56566,0.56566,0.56566,0.56566,0.56566,0.56566,0.56566,0.56566,0.56566,0.56566,0.56566,0.56566,0.56566,0.56566,0.56566,0.56566,0.56566,0.56566,0.56566,0.56566,0.56566,0.56566,0.56566,0.56566,0.56566,0.56566,0.56566,0.56566,0.56566,0.56566,0.56566,0.56566,0.56566,0.56566,0.56566,0.56566,0.56566,0.56566,0.56566,0.56566,0.56566,0.56566,0.56566,0.56566,0.56566,0.56566,0.56566,0.56566,0.56566,0.56566,0.56566,0.56566,0.56566,0.56566,0.56566,0.56566,0.56566,0.56566,0.56566,0.56566,0.56566,0.56566,0.56566,0.56566,0.56566,0.56566,0.56566,0.56566,0.56566,0.56566
0.60606,0.60606,0.60606,0.60606,0.60606,0.60606,0.60606,0.60606,0.60606,0.60606,0.60606,0.60606,0.60606,0.60606,0.60606,0.60606,0.60606,0.60606,0.60606,0.60606,0.60606,0.60606,0.60606,0.60606,0.60606,0.60606,0.60606,0.60606,0.60606,0.60606,0.60606,0.60606,0.60606,0.60606,0.60606,0.60606,0.60606,0.60606,0.60606,0.60606,0.60606,0.60606,0.60606,0.60606,0.60606,0.60606,0.60606,0.60606,0.60606,0.60606,0.60606,0.60606,0.60606,0.60606,0.60606,0.60606,0.60606,0.60606,0.60606,0.60606,0.60606,0.60606,0.60606,0.60606,0.60606,0.60606,0.60606,0.60606,0.60606,0.60606,0.60606,0.60606,0.60606,0.60606
0.64646,0.64646,0.64646,0.64646,0.64646,0.64646,0.64646,0.64646,0.64646,0.64646,0.64646,0.64646,0.64646,0.64646,0.64646,0.64646,0.64646,0.64646,0.64646,0.64646,0.64646,0.64646,0.64646,0.64646,0.64646,0.64646,0.64646,0.64646,0.64646,0.64646,0.64646,0.64646,0.64646,0.64646,0.64646,0.64646,0.64646,0.64646,0.64646,0.64646,0.64646,0.64646,0.64646,0.64646,0.64646,0.64646,0.64646,0.64646,0.64646,0.64646,0.64646,0.64646,0.64646,0.64646,0.64646,0.64646,0.64646,0.64646,0.64646,0.64646,0.64646,0.64646,0.64646,0.64646,0.64646,0.64646,0.64646,0.64646,0.64646,0.64646,0.64646,0.64646,0.64646,0.64646
0.68687,0.68687,0.68687,0.68687,0.68687,0.68687,0.68687,0.68687,0.68687,0.68687,0.68687,0.68687,0.68687,0.68687,0.68687,0.68687,0.68687,0.68687,0.68687,0.68687,0.68687,0.68687,0.68687,0.68687,0.68687,0.68687,0.68687,0.68687,0.68687,0.68687,0.68687,0.68687,0.68687,0.68687,0.68687,0.68687,0.68687,0.68687,0.68687,0.68687,0.68687,0.68687,0.68687,0.68687,0.68687,0.68687,0.68687,0.68687,0.68687,0.68687,0.68687,0.68687,0.68687,0.68687,0.68687,0.68687,0.68687,0.68687,0.68687,0.68687,0.68687,0.68687,0.68687,0.68687,0.68687,0.68687,0.68687,0.68687,0.68687,0.68687,0.68687,0.68687,0.68687,0.68687
0.72727,0.72727,0.72727,0.72727,0.72727,0.72727,0.72727,0.72727,0.72727,0.72727,0.72727,0.72727,0.72727,0.72727,0.72727,0.72727,0.72727,0.72727,0.72727,0.72727,0.72727,0.72727,0.72727,0.72727,0.72727,0.72727,0.72727,0.72727,0.72727,0.72727,0.72727,0.72727,0.72727,0.72727,0.72727,0.72727,0.72727,0.72727,0.72727,0.72727,0.72727,0.72727,0.72727,0.72727,0.72727,0.72727,0.72727,0.72727,0.72727,0.72727,0.72727,0.72727,0.72727,0.72727,0.72727,0.72727,0.72727,0.72727,0.72727,0.72727,0.72727,0.72727,0.72727,0.72727,0.72727,0.72727,0.72727,0.72727,0.72727,0.72727,0.72727,0.72727,0.72727,0.72727
0.76768,0.76768,0.76768,0.76768,0.76768,0.76768,0.76768,0.76768,0.76768,0.76768,0.76768,0.76768,0.76768,0.76768,0.76768,0.76768,0.76768,0.76768,0.76768,0.76768,0.76768,0.76768,0.76768,0.76768,0.76768,0.76768,0.76768,0.76768,0.76768,0.76768,0.76768,0.76768,0.76768,0.76768,0.76768,0.76768,0.76768,0.76768,0.76768,0.76768,0.76768,0.76768,0.76768,0.76768,0.76768,0.76768,0.76768,0.76768,0.76768,0.76768,0.76768,0.76768,0.76768,0.76768,0.76768,0.76768,0.76768,0.76768,0.76768,0.76768,0.76768,0.76768,0.76768,0.76768,0.76768,0.76768,0.76768,0.76768,0.76768,0.76768,0.76768,0.76768,0.76768,0.76768
0.80808,0.80808,0.80808,0.80808,0.80808,0.80808,0.80808,0.80808,0.80808,0.80808,0.80808,0.80808,0.80808,0.80808,0.80808,0.80808,0.80808,0.80808,0.80808,0.80808,0.80808,0.80808,0.80808,0.80808,0.80808,0.80808,0.80808,0.80808,0.80808,0.80808,0.80808,0.80808,0.80808,0.80808,0.80808,0.80808,0.80808,0.80808,0.80808,0.80808,0.80808,0.80808,0.80808,0.80808,0.80808,0.80808,0.80808,0.80808,0.80808,0.80808,0.80808,0.80808,0.80808,0.80808,0.80808,0.80808,0.80808,0.80808,0.80808,0.80808,0.80808,0.80808,0.80808,0.80808,0.80808,0.80808,0.80808,0.80808,0.80808,0.80808,0.80808,0.80808,0.80808,0.80808
0.84848,0.84848,0.84848,0.84848,0.84848,0.84848,0.84848,0.84848,0.84848,0.84848,0.84848,0.84848,0.84848,0.84848,0.84848,0.84848,0.84848,0.84848,0.84848,0.84848,0.84848,0.84848,0.84848,0.84848,0.84848,0.84848,0.84848,0.84848,0.84848,0.84848,0.84848,0.84848,0.84848,0.84848,0.84848,0.84848,0.84848,0.84848,0.84848,0.84848,0.84848,0.84848,0.84848,0.84848,0.84848,0.84848,0.84848,0.84848,0.84848,0.84848,0.84848,0.84848,0.84848,0.84848,0.84848,0.84848,0.84848,0.84848,0.84848,0.84848,0.84848,0.84848,0.84848,0.84848,0.84848,0.84848,0.84848,0.84848,0.84848,0.84848,0.84848,0.84848,0.84848,0.84848
0.88889,0.88889,0.88889,0.88889,0.88889,0.88889,0.88889,0.88889,0.88889,0.88889,0.88889,0.88889,0.88889,0.88889,0.88889,0.88889,0.88889,0.88889,0.88889,0.88889,0.88889,0.88889,0.88889,0.88889,0.88889,0.88889,0.88889,0.88889,0.88889,0.88889,0.88889,0.88889,0.88889,0.88889,0.88889,0.88889,0.88889,0.88889,0.88889,0.88889,0.88889,0.88889,0.88889,0.88889,0.88889,0.88889,0.88889,0.88889,0.88889,0.88889,0.88889,0.88889,0.88889,0.88889,0.88889,0.88889,0.88889,0.88889,0.88889,0.88889,0.88889,0.88889,0.88889,0.88889,0.88889,0.88889,0.88889,0.88889,0.88889,0.88889,0.88889,0.88889,0.88889,0.88889
0.92929,0.92929,0.92929,0.92929,0.92929,0.92929,0.92929,0.92929,0.92929,0.92929,0.92929,0.92929,0.92929,0.92929,0.92929,0.92929,0.92929,0.92929,0.92929,0.92929,0.92929,0.92929,0.92929,0.92929,0.92929,0.92929,0.92929,0.92929,0.92929,0.92929,0.92929,0.92929,0.92929,0.92929,0.92929,0.92929,0.92929,0.92929,0.92929,0.92929,0.92929,0.92929,0.92929,0.92929,0.92929,0.92929,0.92929,0.92929,0.92929,0.92929,0.92929,0.92929,0.92929,0.92929,0.92929,0.92929,0.92929,0.92929,0.92929,0.92929,0.92929,0.92929,0.92929,0.92929,0.92929,0.92929,0.92929,0.92929,0.92929,0.92929,0.92929,0.92929,0.92929,0.92929
0.9697,0.9697,0.9697,0.9697,0.9697,0.9697,0.9697,0.9697,0.9697,0.9697,0.9697,0.9697,0.9697,0.9697,0.9697,0.9697,0.9697,0.9697,0.9697,0.9697,0.9697,0.9697,0.9697,0.9697,0.9697,0.9697,0.9697,0.9697,0.9697,0.9697,0.9697,0.9697,0.9697,0.9697,0.9697,0.9697,0.9697,0.9697,0.9697,0.9697,0.9697,0.9697,0.9697,0.9697,0.9697,0.9697,0.9697,0.9697,0.9697,0.9697,0.9697,0.9697,0.9697,0.9697,0.9697,0.9697,0.9697,0.9697,0.9697,0.9697,0.9697,0.9697,0.9697,0.9697,0.9697,0.9697,0.9697,0.9697,0.9697,0.9697,0.9697,0.9697,0.9697,0.9697
1.0101,1.0101,1.0101,1.0101,1.0101,1.0101,1.0101,1.0101,1.0101,1.0101,1.0101,1.0101,1.0101,1.0101,1.0101,1.0101,1.0101,1.0101,1.0101,1.0101,1.0101,1.0101,1.0101,1.0101,1.0101,1.0101,1.0101,1.0101,1.0101,1.0101,1.0101,1.0101,1.0101,1.0101,1.0101,1.0101,1.0101,1.0101,1.0101,1.0101,1.0101,1.0101,1.0101,1.0101,1.0101,1.0101,1.0101,1.0101,1.0101,1.0101,1.0101,1.0101,1.0101,1.0101,1.0101,1.0101,1.0101,1.0101,1.0101,1.0101,1.0101,1.0101,1.0101,1.0101,1.0101,1.0101,1.0101,1.0101,1.0101,1.0101,1.0101,1.0101,1.0101,1.0101
1.0505,1.0505,1.0505,1.0505,1.0505,1.0505,1.0505,1.0505,1.0505,1.0505,1.0505,1.0505,1.0505,1.0505,1.0505,1.0505,1.0505,1.0505,1.0505,1.0505,1.0505,1.0505,1.0505,1.0505,1.0505,1.0505,1.0505,1.0505,1.0505,1.0505,1.0505,1.0505,1.0505,1.0505,1.0505,1.0505,1.0505,1.0505,1.0505,1.0505,1.0505,1.0505,1.0505,1.0505,1.0505,1.0505,1.0505,1.0505,1.0505,1.0505,1.0505,1.0505,1.0505,1.0505,1.0505,1.0505,1.0505,1.0505,1.0505,1.0505,1.0505,1.0505,1.0505,1.0505,1.0505,1.0505,1.0505,1.0505,1.0505,1.0505,1.0505,1.0505,1.0505,1.0505
1.0909,1.0909,1.0909,1.0909,1.0909,1.0909,1.0909,1.0909,1.0909,1.0909,1.0909,1.0909,1.0909,1.0909,1.0909,1.0909,1.0909,1.0909,1.0909,1.0909,1.0909,1.0909,1.0909,1.0909,1.0909,1.0909,1.0909,1.0909,1.0909,1.0909,1.0909,1.0909,1.0909,1.0909,1.0909,1.0909,1.0909,1.0909,1.0909,1.0909,1.0909,1.0909,1.0909,1.0909,1.0909,1.0909,1.0909,1.0909,1.0909,1.0909,1.0909,1.0909,1.0909,1.0909,1.0909,1.0909,1.0909,1.0909,1.0909,1.0909,1.0909,1.0909,1.0909,1.0909,1.0909,1.0909,1.0909,1.0909,1.0909,1.0909,1.0909,1.0909,1.0909,1.0909
1.1313,1.1313,1.1313,1.1313,1.1313,1.1313,1.1313,1.1313,1.1313,1.1313,1.1313,1.1313,1.1313,1.1313,1.1313,1.1313,1.1313,1.1313,1.1313,1.1313,1.1313,1.1313,1.1313,1.1313,1.1313,1.1313,1.1313,1.1313,1.1313,1.1313,1.1313,1.1313,1.1313,1.1313,1.1313,1.1313,1.1313,1.1313,1.1313,1.1313,1.1313,1.1313,1.1313,1.1313,1.1313,1.1313,1.1313,1.1313,1.1313,1.1313,1.1313,1.1313,1.1313,1.1313,1.1313,1.1313,1.1313,1.1313,1.1313,1.1313,1.1313,1.1313,1.1313,1.1313,1.1313,1.1313,1.1313,1.1313,1.1313,1.1313,1.1313,1.1313,1.1313,1.1313
1.1717,1.1717,1.1717,1.1717,1.1717,1.1717,1.1717,1.1717,1.1717,1.1717,1.1717,1.1717,1.1717,1.1717,1.1717,1.1717,1.1717,1.1717,1.1717,1.1717,1.1717,1.1717,1.1717,1.1717,1.1717,1.1717,1.1717,1.1717,1.1717,1.1717,1.1717,1.1717,1.1717,1.1717,1.1717,1.1717,1.1717,1.1717,1.1717,1.1717,1.1717,1.1717,1.1717,1.1717,1.1717,1.1717,1.1717,1.1717,1.1717,1.1717,1.1717,1.1717,1.1717,1.1717,1.1717,1.1717,1.1717,1.1717,1.1717,1.1717,1.1717,1.1717,1.1717,1.1717,1.1717,1.1717,1.1717,1.1717,1.1717,1.1717,1.1717,1.1717,1.1717,1.1717
1.2121,1.2121,1.2121,1.2121,1.2121,1.2121,1.2121,1.2121,1.2121,1.2121,1.2121,1.2121,1.2121,1.2121,1.2121,1.2121,1.2121,1.2121,1.2121,1.2121,1.2121,1.2121,1.2121,1.2121,1.2121,1.2121,1.2121,1.2121,1.2121,1.2121,1.2121,1.2121,1.2121,1.2121,1.2121,1.2121,1.2121,1.2121,1.2121,1.2121,1.2121,1.2121,1.2121,1.2121,1.2121,1.2121,1.2121,1.2121,1.2121,1.2121,1.2121,1.2121,1.2121,1.2121,1.2121,1.2121,1.2121,1.2121,1.2121,1.2121,1.2121,1.2121,1.2121,1.2121,1.2121,1.2121,1.2121,1.2121,1.2121,1.2121,1.2121,1.2121,1.2121,1.2121
1.2525,1.2525,1.2525,1.2525,1.2525,1.2525,1.2525,1.2525,1.2525,1.2525,1.2525,1.2525,1.2525,1.2525,1.2525,1.2525,1.2525,1.2525,1.2525,1.2525,1.2525,1.2525,1.2525,1.2525,1.2525,1.2525,1.2525,1.2525,1.2525,1.2525,1.2525,1.2525,1.2525,1.2525,1.2525,1.2525,1.2525,1.2525,1.2525,1.2525,1.2525,1.2525,1.2525,1.2525,1.2525,1.2525,1.2525,1.2525,1.2525,1.2525,1.2525,1.2525,1.2525,1.2525,1.2525,1.2525,1.2525,1.2525,1.2525,1.2525,1.2525,1.2525,1.2525,1.2525,1.2525,1.2525,1.2525,1.2525,1.2525,1.2525,1.2525,1.2525,1.2525,1.2525
1.2929,1.2929,1.2929,1.2929,1.2929,1.2929,1.2929,1.2929,1.2929,1.2929,1.2929,1.2929,1.2929,1.2929,1.2929,1.2929,1.2929,1.2929,1.2929,1.2929,1.2929,1.2929,1.2929,1.2929,1.2929,1.2929,1.2929,1.2929,1.2929,1.2929,1.2929,1.2929,1.2929,1.2929,1.2929,1.2929,1.2929,1.2929,1.2929,1.2929,1.2929,1.2929,1.2929,1.2929,1.2929,1.2929,1.2929,1.2929,1.2929,1.2929,1.2929,1.2929,1.2929,1.2929,1.2929,1.2929,1.2929,1.2929,1.2929,1.2929,1.2929,1.2929,1.2929,1.2929,1.2929,1.2929,1.2929,1.2929,1.2929,1.2929,1.2929,1.2929,1.2929,1.2929
1.3333,1.3333,1.3333,1.3333,1.3333,1.3333,1.3333,1.3333,1.3333,1.3333,1.3333,1.3333,1.3333,1.3333,1.3333,1.3333,1.3333,1.3333,1.3333,1.3333,1.3333,1.3333,1.3333,1.3333,1.3333,1.3333,1.3333,1.3333,1.3333,1.3333,1.3333,1.3333,1.3333,1.3333,1.3333,1.3333,1.3333,1.3333,1.3333,1.3333,1.3333,1.3333,1.3333,1.3333,1.3333,1.3333,1.3333,1.3333,1.3333,1.3333,1.3333,1.3333,1.3333,1.3333,1.3333,1.3333,1.3333,1.3333,1.3333,1.3333,1.3333,1.3333,1.3333,1.3333,1.3333,1.3333,1.3333,1.3333,1.3333,1.3333,1.3333,1.3333,1.3333,1.3333
1.3737,1.3737,1.3737,1.3737,1.3737,1.3737,1.3737,1.3737,1.3737,1.3737,1.3737,1.3737,1.3737,1.3737,1.3737,1.3737,1.3737,1.3737,1.3737,1.3737,1.3737,1.3737,1.3737,1.3737,1.3737,1.3737,1.3737,1.3737,1.3737,1.3737,1.3737,1.3737,1.3737,1.3737,1.3737,1.3737,1.3737,1.3737,1.3737,1.3737,1.3737,1.3737,1.3737,1.3737,1.3737,1.3737,1.3737,1.3737,1.3737,1.3737,1.3737,1.3737,1.3737,1.3737,1.3737,1.3737,1.3737,1.3737,1.3737,1.3737,1.3737,1.3737,1.3737,1.3737,1.3737,1.3737,1.3737,1.3737,1.3737,1.3737,1.3737,1.3737,1.3737,1.3737
1.4141,1.4141,1.4141,1.4141,1.4141,1.4141,1.4141,1.4141,1.4141,1.4141,1.4141,1.4141,1.4141,1.4141,1.4141,1.4141,1.4141,1.4141,1.4141,1.4141,1.4141,1.4141,1.4141,1.4141,1.4141,1.4141,1.4141,1.4141,1.4141,1.4141,1.4141,1.4141,1.4141,1.4141,1.4141,1.4141,1.4141,1.4141,1.4141,1.4141,1.4141,1.4141,1.4141,1.4141,1.4141,1.4141,1.4141,1.4141,1.4141,1.4141,1.4141,1.4141,1.4141,1.4141,1.4141,1.4141,1.4141,1.4141,1.4141,1.4141,1.4141,1.4141,1.4141,1.4141,1.4141,1.4141,1.4141,1.4141,1.4141,1.4141,1.4141,1.4141,1.4141,1.4141
1.4545,1.4545,1.4545,1.4545,1.4545,1.4545,1.4545,1.4545,1.4545,1.4545,1.4545,1.4545,1.4545,1.4545,1.4545,1.4545,1.4545,1.4545,1.4545,1.4545,1.4545,1.4545,1.4545,1.4545,1.4545,1.4545,1.4545,1.4545,1.4545,1.4545,1.4545,1.4545,1.4545,1.4545,1.4545,1.4545,1.4545,1.4545,1.4545,1.4545,1.4545,1.4545,1.4545,1.4545,1.4545,1.4545,1.4545,1.4545,1.4545,1.4545,1.4545,1.4545,1.4545,1.4545,1.4545,1.4545,1.4545,1.4545,1.4545,1.4545,1.4545,1.4545,1.4545,1.4545,1.4545,1.4545,1.4545,1.4545,1.4545,1.4545,1.4545,1.4545,1.4545,1.4545
1.4949,1.4949,1.4949,1.4949,1.4949,1.4949,1.4949,1.4949,1.4949,1.4949,1.4949,1.4949,1.4949,1.4949,1.4949,1.4949,1.4949,1.4949,1.4949,1.4949,1.4949,1.4949,1.4949,1.4949,1.4949,1.4949,1.4949,1.4949,1.4949,1.4949,1.4949,1.4949,1.4949,1.4949,1.4949,1.4949,1.4949,1.4949,1.4949,1.4949,1.4949,1.4949,1.4949,1.4949,1.4949,1.4949,1.4949,1.4949,1.4949,1.4949,1.4949,1.4949,1.4949,1.4949,1.4949,1.4949,1.4949,1.4949,1.4949,1.4949,1.4949,1.4949,1.4949,1.4949,1.4949,1.4949,1.4949,1.4949,1.4949,1.4949,1.4949,1.4949,1.4949,1.4949
1.5354,1.5354,1.5354,1.5354,1.5354,1.5354,1.5354,1.5354,1.5354,1.5354,1.5354,1.5354,1.5354,1.5354,1.5354,1.5354,1.5354,1.5354,1.5354,1.5354,1.5354,1.5354,1.5354,1.5354,1.5354,1.5354,1.5354,1.5354,1.5354,1.5354,1.5354,1.5354,1.5354,1.5354,1.5354,1.5354,1.5354,1.5354,1.5354,1.5354,1.5354,1.5354,1.5354,1.5354,1.5354,1.5354,1.5354,1.5354,1.5354,1.5354,1.5354,1.5354,1.5354,1.5354,1.5354,1.5354,1.5354,1.5354,1.5354,1.5354,1.5354,1.5354,1.5354,1.5354,1.5354,1.5354,1.5354,1.5354,1.5354,1.5354,1.5354,1.5354,1.5354,1.5354
1.5758,1.5758,1.5758,1.5758,1.5758,1.5758,1.5758,1.5758,1.5758,1.5758,1.5758,1.5758,1.5758,1.5758,1.5758,1.5758,1.5758,1.5758,1.5758,1.5758,1.5758,1.5758,1.5758,1.5758,1.5758,1.5758,1.5758,1.5758,1.5758,1.5758,1.5758,1.5758,1.5758,1.5758,1.5758,1.5758,1.5758,1.5758,1.5758,1.5758,1.5758,1.5758,1.5758,1.5758,1.5758,1.5758,1.5758,1.5758,1.5758,1.5758,1.5758,1.5758,1.5758,1.5758,1.5758,1.5758,1.5758,1.5758,1.5758,1.5758,1.5758,1.5758,1.5758,1.5758,1.5758,1.5758,1.5758,1.5758,1.5758,1.5758,1.5758,1.5758,1.5758,1.5758
1.6162,1.6162,1.6162,1.6162,1.6162,1.6162,1.6162,1.6162,1.6162,1.6162,1.6162,1.6162,1.6162,1.6162,1.6162,1.6162,1.6162,1.6162,1.6162,1.6162,1.6162,1.6162,1.6162,1.6162,1.6162,1.6162,1.6162,1.6162,1.6162,1.6162,1.6162,1.6162,1.6162,1.6162,1.6162,1.6162,1.6162,1.6162,1.6162,1.6162,1.6162,1.6162,1.6162,1.6162,1.6162,1.6162,1.6162,1.6162,1.6162,1.6162,1.6162,1.6162,1.6162,1.6162,1.6162,1.6162,1.6162,1.6162,1.6162,1.6162,1.6162,1.6162,1.6162,1.6162,1.6162,1.6162,1.6162,1.6162,1.6162,1.6162,1.6162,1.6162,1.6162,1.6162
1.6566,1.6566,1.6566,1.6566,1.6566,1.6566,1.6566,1.6566,1.6566,1.6566,1.6566,1.6566,1.6566,1.6566,1.6566,1.6566,1.6566,1.6566,1.6566,1.6566,1.6566,1.6566,1.6566,1.6566,1.6566,1.6566,1.6566,1.6566,1.6566,1.6566,1.6566,1.6566,1.6566,1.6566,1.6566,1.6566,1.6566,1.6566,1.6566,1.6566,1.6566,1.6566,1.6566,1.6566,1.6566,1.6566,1.6566,1.6566,1.6566,1.6566,1.6566,1.6566,1.6566,1.6566,1.6566,1.6566,1.6566,1.6566,1.6566,1.6566,1.6566,1.6566,1.6566,1.6566,1.6566,1.6566,1.6566,1.6566,1.6566,1.6566,1.6566,1.6566,1.6566,1.6566
1.697,1.697,1.697,1.697,1.697,1.697,1.697,1.697,1.697,1.697,1.697,1.697,1.697,1.697,1.697,1.697,1.697,1.697,1.697,1.697,1.697,1.697,1.697,1.697,1.697,1.697,1.697,1.697,1.697,1.697,1.697,1.697,1.697,1.697,1.697,1.697,1.697,1.697,1.697,1.697,1.697,1.697,1.697,1.697,1.697,1.697,1.697,1.697,1.697,1.697,1.697,1.697,1.697,1.697,1.697,1.697,1.697,1.697,1.697,1.697,1.697,1.697,1.697,1.697,1.697,1.697,1.697,1.697,1.697,1.697,1.697,1.697,1.697,1.697
1.7374,1.7374,1.7374,1.7374,1.7374,1.7374,1.7374,1.7374,1.7374,1.7374,1.7374,1.7374,1.7374,1.7374,1.7374,1.7374,1.7374,1.7374,1.7374,1.7374,1.7374,1.7374,1.7374,1.7374,1.7374,1.7374,1.7374,1.7374,1.7374,1.7374,1.7374,1.7374,1.7374,1.7374,1.7374,1.7374,1.7374,1.7374,1.7374,1.7374,1.7374,1.7374,1.7374,1.7374,1.7374,1.7374,1.7374,1.7374,1.7374,1.7374,1.7374,1.7374,1.7374,1.7374,1.7374,1.7374,1.7374,1.7374,1.7374,1.7374,1.7374,1.7374,1.7374,1.7374,1.7374,1.7374,1.7374,1.7374,1.7374,1.7374,1.7374,1.7374,1.7374,1.7374
1.7778,1.7778,1.7778,1.7778,1.7778,1.7778,1.7778,1.7778,1.7778,1.7778,1.7778,1.7778,1.7778,1.7778,1.7778,1.7778,1.7778,1.7778,1.7778,1.7778,1.7778,1.7778,1.7778,1.7778,1.7778,1.7778,1.7778,1.7778,1.7778,1.7778,1.7778,1.7778,1.7778,1.7778,1.7778,1.7778,1.7778,1.7778,1.7778,1.7778,1.7778,1.7778,1.7778,1.7778,1.7778,1.7778,1.7778,1.7778,1.7778,1.7778,1.7778,1.7778,1.7778,1.7778,1.7778,1.7778,1.7778,1.7778,1.7778,1.7778,1.7778,1.7778,1.7778,1.7778,1.7778,1.7778,1.7778,1.7778,1.7778,1.7778,1.7778,1.7778,1.7778,1.7778
1.8182,1.8182,1.8182,1.8182,1.8182,1.8182,1.8182,1.8182,1.8182,1.8182,1.8182,1.8182,1.8182,1.8182,1.8182,1.8182,1.8182,1.8182,1.8182,1.8182,1.8182,1.8182,1.8182,1.8182,1.8182,1.8182,1.8182,1.8182,1.8182,1.8182,1.8182,1.8182,1.8182,1.8182,1.8182,1.8182,1.8182,1.8182,1.8182,1.8182,1.8182,1.8182,1.8182,1.8182,1.8182,1.8182,1.8182,1.8182,1.8182,1.8182,1.8182,1.8182,1.8182,1.8182,1.8182,1.8182,1.8182,1.8182,1.8182,1.8182,1.8182,1.8182,1.8182,1.8182,1.8182,1.8182,1.8182,1.8182,1.8182,1.8182,1.8182,1.8182,1.8182,1.8182
1.8586,1.8586,1.8586,1.8586,1.8586,1.8586,1.8586,1.8586,1.8586,1.8586,1.8586,1.8586,1.8586,1.8586,1.8586,1.8586,1.8586,1.8586,1.8586,1.8586,1.8586,1.8586,1.8586,1.8586,1.8586,1.8586,1.8586,1.8586,1.8586,1.8586,1.8586,1.8586,1.8586,1.8586,1.8586,1.8586,1.8586,1.8586,1.8586,1.8586,1.8586,1.8586,1.8586,1.8586,1.8586,1.8586,1.8586,1.8586,1.8586,1.8586,1.8586,1.8586,1.8586,1.8586,1.8586,1.8586,1.8586,1.8586,1.8586,1.8586,1.8586,1.8586,1.8586,1.8586,1.8586,1.8586,1.8586,1.8586,1.8586,1.8586,1.8586,1.8586,1.8586,1.8586
1.899,1.899,1.899,1.899,1.899,1.899,1.899,1.899,1.899,1.899,1.899,1.899,1.899,1.899,1.899,1.899,1.899,1.899,1.899,1.899,1.899,1.899,1.899,1.899,1.899,1.899,1.899,1.899,1.899,1.899,1.899,1.899,1.899,1.899,1.899,1.899,1.899,1.899,1.899,1.899,1.899,1.899,1.899,1.899,1.899,1.899,1.899,1.899,1.899,1.899,1.899,1.899,1.899,1.899,1.899,1.899,1.899,1.899,1.899,1.899,1.899,1.899,1.899,1.899,1.899,1.899,1.899,1.899,1.899,1.899,1.899,1.899,1.899,1.899
1.9394,1.9394,1.9394,1.9394,1.9394,1.9394,1.9394,1.9394,1.9394,1.9394,1.9394,1.9394,1.9394,1.9394,1.9394,1.9394,1.9394,1.9394,1.9394,1.9394,1.9394,1.9394,1.9394,1.9394,1.9394,1.9394,1.9394,1.9394,1.9394,1.9394,1.9394,1.9394,1.9394,1.9394,1.9394,1.9394,1.9394,1.9394,1.9394,1.9394,1.9394,1.9394,1.9394,1.9394,1.9394,1.9394,1.9394,1.9394,1.9394,1.9394,1.9394,1.9394,1.9394,1.9394,1.9394,1.9394,1.9394,1.9394,1.9394,1.9394,1.9394,1.9394,1.9394,1.9394,1.9394,1.9394,1.9394,1.9394,1.9394,1.9394,1.9394,1.9394,1.9394,1.9394
1.9798,1.9798,1.9798,1.9798,1.9798,1.9798,1.9798,1.9798,1.9798,1.9798,1.9798,1.9798,1.9798,1.9798,1.9798,1.9798,1.9798,1.9798,1.9798,1.9798,1.9798,1.9798,1.9798,1.9798,1.9798,1.9798,1.9798,1.9798,1.9798,1.9798,1.9798,1.9798,1.9798,1.9798,1.9798,1.9798,1.9798,1.9798,1.9798,1.9798,1.9798,1.9798,1.9798,1.9798,1.9798,1.9798,1.9798,1.9798,1.9798,1.9798,1.9798,1.9798,1.9798,1.9798,1.9798,1.9798,1.9798,1.9798,1.9798,1.9798,1.9798,1.9798,1.9798,1.9798,1.9798,1.9798,1.9798,1.9798,1.9798,1.9798,1.9798,1.9798,1.9798,1.9798
2.0202,2.0202,2.0202,2.0202,2.0202,2.0202,2.0202,2.0202,2.0202,2.0202,2.0202,2.0202,2.0202,2.0202,2.0202,2.0202,2.0202,2.0202,2.0202,2.0202,2.0202,2.0202,2.0202,2.0202,2.0202,2.0202,2.0202,2.0202,2.0202,2.0202,2.0202,2.0202,2.0202,2.0202,2.0202,2.0202,2.0202,2.0202,2.0202,2.0202,2.0202,2.0202,2.0202,2.0202,2.0202,2.0202,2.0202,2.0202,2.0202,2.0202,2.0202,2.0202,2.0202,2.0202,2.0202,2.0202,2.0202,2.0202,2.0202,2.0202,2.0202,2.0202,2.0202,2.0202,2.0202,2.0202,2.0202,2.0202,2.0202,2.0202,2.0202,2.0202,2.0202,2.0202
2.0606,2.0606,2.0606,2.0606,2.0606,2.0606,2.0606,2.0606,2.0606,2.0606,2.0606,2.0606,2.0606,2.0606,2.0606,2.0606,2.0606,2.0606,2.0606,2.0606,2.0606,2.0606,2.0606,2.0606,2.0606,2.0606,2.0606,2.0606,2.0606,2.0606,2.0606,2.0606,2.0606,2.0606,2.0606,2.0606,2.0606,2.0606,2.0606,2.0606,2.0606,2.0606,2.0606,2.0606,2.0606,2.0606,2.0606,2.0606,2.0606,2.0606,2.0606,2.0606,2.0606,2.0606,2.0606,2.0606,2.0606,2.0606,2.0606,2.0606,2.0606,2.0606,2.0606,2.0606,2.0606,2.0606,2.0606,2.0606,2.0606,2.0606,2.0606,2.0606,2.0606,2.0606
2.101,2.101,2.101,2.101,2.101,2.101,2.101,2.101,2.101,2.101,2.101,2.101,2.101,2.101,2.101,2.101,2.101,2.101,2.101,2.101,2.101,2.101,2.101,2.101,2.101,2.101,2.101,2.101,2.101,2.101,2.101,2.101,2.101,2.101,2.101,2.101,2.101,2.101,2.101,2.101,2.101,2.101,2.101,2.101,2.101,2.101,2.101,2.101,2.101,2.101,2.101,2.101,2.101,2.101,2.101,2.101,2.101,2.101,2.101,2.101,2.101,2.101,2.101,2.101,2.101,2.101,2.101,2.101,2.101,2.101,2.101,2.101,2.101,2.101
2.1414,2.1414,2.1414,2.1414,2.1414,2.1414,2.1414,2.1414,2.1414,2.1414,2.1414,2.1414,2.1414,2.1414,2.1414,2.1414,2.1414,2.1414,2.1414,2.1414,2.1414,2.1414,2.1414,2.1414,2.1414,2.1414,2.1414,2.1414,2.1414,2.1414,2.1414,2.1414,2.1414,2.1414,2.1414,2.1414,2.1414,2.1414,2.1414,2.1414,2.1414,2.1414,2.1414,2.1414,2.1414,2.1414,2.1414,2.1414,2.1414,2.1414,2.1414,2.1414,2.1414,2.1414,2.1414,2.1414,2.1414,2.1414,2.1414,2.1414,2.1414,2.1414,2.1414,2.1414,2.1414,2.1414,2.1414,2.1414,2.1414,2.1414,2.1414,2.1414,2.1414,2.1414
2.1818,2.1818,2.1818,2.1818,2.1818,2.1818,2.1818,2.1818,2.1818,2.1818,2.1818,2.1818,2.1818,2.1818,2.1818,2.1818,2.1818,2.1818,2.1818,2.1818,2.1818,2.1818,2.1818,2.1818,2.1818,2.1818,2.1818,2.1818,2.1818,2.1818,2.1818,2.1818,2.1818,2.1818,2.1818,2.1818,2.1818,2.1818,2.1818,2.1818,2.1818,2.1818,2.1818,2.1818,2.1818,2.1818,2.1818,2.1818,2.1818,2.1818,2.1818,2.1818,2.1818,2.1818,2.1818,2.1818,2.1818,2.1818,2.1818,2.1818,2.1818,2.1818,2.1818,2.1818,2.1818,2.1818,2.1818,2.1818,2.1818,2.1818,2.1818,2.1818,2.1818,2.1818
2.2222,2.2222,2.2222,2.2222,2.2222,2.2222,2.2222,2.2222,2.2222,2.2222,2.2222,2.2222,2.2222,2.2222,2.2222,2.2222,2.2222,2.2222,2.2222,2.2222,2.2222,2.2222,2.2222,2.2222,2.2222,2.2222,2.2222,2.2222,2.2222,2.2222,2.2222,2.2222,2.2222,2.2222,2.2222,2.2222,2.2222,2.2222,2.2222,2.2222,2.2222,2.2222,2.2222,2.2222,2.2222,2.2222,2.2222,2.2222,2.2222,2.2222,2.2222,2.2222,2.2222,2.2222,2.2222,2.2222,2.2222,2.2222,2.2222,2.2222,2.2222,2.2222,2.2222,2.2222,2.2222,2.2222,2.2222,2.2222,2.2222,2.2222,2.2222,2.2222,2.2222,2.2222
2.2626,2.2626,2.2626,2.2626,2.2626,2.2626,2.2626,2.2626,2.2626,2.2626,2.2626,2.2626,2.2626,2.2626,2.2626,2.2626,2.2626,2.2626,2.2626,2.2626,2.2626,2.2626,2.2626,2.2626,2.2626,2.2626,2.2626,2.2626,2.2626,2.2626,2.2626,2.2626,2.2626,2.2626,2.2626,2.2626,2.2626,2.2626,2.2626,2.2626,2.2626,2.2626,2.2626,2.2626,2.2626,2.2626,2.2626,2.2626,2.2626,2.2626,2.2626,2.2626,2.2626,2.2626,2.2626,2.2626,2.2626,2.2626,2.2626,2.2626,2.2626,2.2626,2.2626,2.2626,2.2626,2.2626,2.2626,2.2626,2.2626,2.2626,2.2626,2.2626,2.2626,2.2626
2.303,2.303,2.303,2.303,2.303,2.303,2.303,2.303,2.303,2.303,2.303,2.303,2.303,2.303,2.303,2.303,2.303,2.303,2.303,2.303,2.303,2.303,2.303,2.303,2.303,2.303,2.303,2.303,2.303,2.303,2.303,2.303,2.303,2.303,2.303,2.303,2.303,2.303,2.303,2.303,2.303,2.303,2.303,2.303,2.303,2.303,2.303,2.303,2.303,2.303,2.303,2.303,2.303,2.303,2.303,2.303,2.303,2.303,2.303,2.303,2.303,2.303,2.303,2.303,2.303,2.303,2.303,2.303,2.303,2.303,2.303,2.303,2.303,2.303
2.3434,2.3434,2.3434,2.3434,2.3434,2.3434,2.3434,2.3434,2.3434,2.3434,2.3434,2.3434,2.3434,2.3434,2.3434,2.3434,2.3434,2.3434,2.3434,2.3434,2.3434,2.3434,2.3434,2.3434,2.3434,2.3434,2.3434,2.3434,2.3434,2.3434,2.3434,2.3434,2.3434,2.3434,2.3434,2.3434,2.3434,2.3434,2.3434,2.3434,2.3434,2.3434,2.3434,2.3434,2.3434,2.3434,2.3434,2.3434,2.3434,2.3434,2.3434,2.3434,2.3434,2.3434,2.3434,2.3434,2.3434,2.3434,2.3434,2.3434,2.3434,2.3434,2.3434,2.3434,2.3434,2.3434,2.3434,2.3434,2.3434,2.3434,2.3434,2.3434,2.3434,2.3434
2.3838,2.3838,2.3838,2.3838,2.3838,2.3838,2.3838,2.3838,2.3838,2.3838,2.3838,2.3838,2.3838,2.3838,2.3838,2.3838,2.3838,2.3838,2.3838,2.3838,2.3838,2.3838,2.3838,2.3838,2.3838,2.3838,2.3838,2.3838,2.3838,2.3838,2.3838,2.3838,2.3838,2.3838,2.3838,2.3838,2.3838,2.3838,2.3838,2.3838,2.3838,2.3838,2.3838,2.3838,2.3838,2.3838,2.3838,2.3838,2.3838,2.3838,2.3838,2.3838,2.3838,2.3838,2.3838,2.3838,2.3838,2.3838,2.3838,2.3838,2.3838,2.3838,2.3838,2.3838,2.3838,2.3838,2.3838,2.3838,2.3838,2.3838,2.3838,2.3838,2.3838,2.3838
2.4242,2.4242,2.4242,2.4242,2.4242,2.4242,2.4242,2.4242,2.4242,2.4242,2.4242,2.4242,2.4242,2.4242,2.4242,2.4242,2.4242,2.4242,2.4242,2.4242,2.4242,2.4242,2.4242,2.4242,2.4242,2.4242,2.4242,2.4242,2.4242,2.4242,2.4242,2.4242,2.4242,2.4242,2.4242,2.4242,2.4242,2.4242,2.4242,2.4242,2.4242,2.4242,2.4242,2.4242,2.4242,2.4242,2.4242,2.4242,2.4242,2.4242,2.4242,2.4242,2.4242,2.4242,2.4242,2.4242,2.4242,2.4242,2.4242,2.4242,2.4242,2.4242,2.4242,2.4242,2.4242,2.4242,2.4242,2.4242,2.4242,2.4242,2.4242,2.4242,2.4242,2.4242
2.4646,2.4646,2.4646,2.4646,2.4646,2.4646,2.4646,2.4646,2.4646,2.4646,2.4646,2.4646,2.4646,2.4646,2.4646,2.4646,2.4646,2.4646,2.4646,2.4646,2.4646,2.4646,2.4646,2.4646,2.4646,2.4646,2.4646,2.4646,2.4646,2.4646,2.4646,2.4646,2.4646,2.4646,2.4646,2.4646,2.4646,2.4646,2.4646,2.4646,2.4646,2.4646,2.4646,2.4646,2.4646,2.4646,2.4646,2.4646,2.4646,2.4646,2.4646,2.4646,2.4646,2.4646,2.4646,2.4646,2.4646,2.4646,2.4646,2.4646,2.4646,2.4646,2.4646,2.4646,2.4646,2.4646,2.4646,2.4646,2.4646,2.4646,2.4646,2.4646,2.4646,2.4646
2.5051,2.5051,2.5051,2.5051,2.5051,2.5051,2.5051,2.5051,2.5051,2.5051,2.5051,2.5051,2.5051,2.5051,2.5051,2.5051,2.5051,2.5051,2.5051,2.5051,2.5051,2.5051,2.5051,2.5051,2.5051,2.5051,2.5051,2.5051,2.5051,2.5051,2.5051,2.5051,2.5051,2.5051,2.5051,2.5051,2.5051,2.5051,2.5051,2.5051,2.5051,2.5051,2.5051,2.5051,2.5051,2.5051,2.5051,2.5051,2.5051,2.5051,2.5051,2.5051,2.5051,2.5051,2.5051,2.5051,2.5051,2.5051,2.5051,2.5051,2.5051,2.5051,2.5051,2.5051,2.5051,2.5051,2.5051,2.5051,2.5051,2.5051,2.5051,2.5051,2.5051,2.5051
2.5455,2.5455,2.5455,2.5455,2.5455,2.5455,2.5455,2.5455,2.5455,2.5455,2.5455,2.5455,2.5455,2.5455,2.5455,2.5455,2.5455,2.5455,2.5455,2.5455,2.5455,2.5455,2.5455,2.5455,2.5455,2.5455,2.5455,2.5455,2.5455,2.5455,2.5455,2.5455,2.5455,2.5455,2.5455,2.5455,2.5455,2.5455,2.5455,2.5455,2.5455,2.5455,2.5455,2.5455,2.5455,2.5455,2.5455,2.5455,2.5455,2.5455,2.5455,2.5455,2.5455,2.5455,2.5455,2.5455,2.5455,2.5455,2.5455,2.5455,2.5455,2.5455,2.5455,2.5455,2.5455,2.5455,2.5455,2.5455,2.5455,2.5455,2.5455,2.5455,2.5455,2.5455
2.5859,2.5859,2.5859,2.5859,2.5859,2.5859,2.5859,2.5859,2.5859,2.5859,2.5859,2.5859,2.5859,2.5859,2.5859,2.5859,2.5859,2.5859,2.5859,2.5859,2.5859,2.5859,2.5859,2.5859,2.5859,2.5859,2.5859,2.5859,2.5859,2.5859,2.5859,2.5859,2.5859,2.5859,2.5859,2.5859,2.5859,2.5859,2.5859,2.5859,2.5859,2.5859,2.5859,2.5859,2.5859,2.5859,2.5859,2.5859,2.5859,2.5859,2.5859,2.5859,2.5859,2.5859,2.5859,2.5859,2.5859,2.5859,2.5859,2.5859,2.5859,2.5859,2.5859,2.5859,2.5859,2.5859,2.5859,2.5859,2.5859,2.5859,2.5859,2.5859,2.5859,2.5859
2.6263,2.6263,2.6263,2.6263,2.6263,2.6263,2.6263,2.6263,2.6263,2.6263,2.6263,2.6263,2.6263,2.6263,2.6263,2.6263,2.6263,2.6263,2.6263,2.6263,2.6263,2.6263,2.6263,2.6263,2.6263,2.6263,2.6263,2.6263,2.6263,2.6263,2.6263,2.6263,2.6263,2.6263,2.6263,2.6263,2.6263,2.6263,2.6263,2.6263,2.6263,2.6263,2.6263,2.6263,2.6263,2.6263,2.6263,2.6263,2.6263,2.6263,2.6263,2.6263,2.6263,2.6263,2.6263,2.6263,2.6263,2.6263,2.6263,2.6263,2.6263,2.6263,2.6263,2.6263,2.6263,2.6263,2.6263,2.6263,2.6263,2.6263,2.6263,2.6263,2.6263,2.6263
2.6667,2.6667,2.6667,2.6667,2.6667,2.6667,2.6667,2.6667,2.6667,2.6667,2.6667,2.6667,2.6667,2.6667,2.6667,2.6667,2.6667,2.6667,2.6667,2.6667,2.6667,2.6667,2.6667,2.6667,2.6667,2.6667,2.6667,2.6667,2.6667,2.6667,2.6667,2.6667,2.6667,2.6667,2.6667,2.6667,2.6667,2.6667,2.6667,2.6667,2.6667,2.6667,2.6667,2.6667,2.6667,2.6667,2.6667,2.6667,2.6667,2.6667,2.6667,2.6667,2.6667,2.6667,2.6667,2.6667,2.6667,2.6667,2.6667,2.6667,2.6667,2.6667,2.6667,2.6667,2.6667,2.6667,2.6667,2.6667,2.6667,2.6667,2.6667,2.6667,2.6667,2.6667
2.7071,2.7071,2.7071,2.7071,2.7071,2.7071,2.7071,2.7071,2.7071,2.7071,2.7071,2.7071,2.7071,2.7071,2.7071,2.7071,2.7071,2.7071,2.7071,2.7071,2.7071,2.7071,2.7071,2.7071,2.7071,2.7071,2.7071,2.7071,2.7071,2.7071,2.7071,2.7071,2.7071,2.7071,2.7071,2.7071,2.7071,2.7071,2.7071,2.7071,2.7071,2.7071,2.7071,2.7071,2.7071,2.7071,2.7071,2.7071,2.7071,2.7071,2.7071,2.7071,2.7071,2.7071,2.7071,2.7071,2.7071,2.7071,2.7071,2.7071,2.7071,2.7071,2.7071,2.7071,2.7071,2.7071,2.7071,2.7071,2.7071,2.7071,2.7071,2.7071,2.7071,2.7071
2.7475,2.7475,2.7475,2.7475,2.7475,2.7475,2.7475,2.7475,2.7475,2.7475,2.7475,2.7475,2.7475,2.7475,2.7475,2.7475,2.7475,2.7475,2.7475,2.7475,2.7475,2.7475,2.7475,2.7475,2.7475,2.7475,2.7475,2.7475,2.7475,2.7475,2.7475,2.7475,2.7475,2.7475,2.7475,2.7475,2.7475,2.7475,2.7475,2.7475,2.7475,2.7475,2.7475,2.7475,2.7475,2.7475,2.7475,2.7475,2.7475,2.7475,2.7475,2.7475,2.7475,2.7475,2.7475,2.7475,2.7475,2.7475,2.7475,2.7475,2.7475,2.7475,2.7475,2.7475,2.7475,2.7475,2.7475,2.7475,2.7475,2.7475,2.7475,2.7475,2.7475,2.7475
2.7879,2.7879,2.7879,2.7879,2.7879,2.7879,2.7879,2.7879,2.7879,2.7879,2.7879,2.7879,2.7879,2.7879,2.7879,2.7879,2.7879,2.7879,2.7879,2.7879,2.7879,2.7879,2.7879,2.7879,2.7879,2.7879,2.7879,2.7879,2.7879,2.7879,2.7879,2.7879,2.7879,2.7879,2.7879,2.7879,2.7879,2.7879,2.7879,2.7879,2.7879,2.7879,2.7879,2.7879,2.7879,2.7879,2.7879,2.7879,2.7879,2.7879,2.7879,2.7879,2.7879,2.7879,2.7879,2.7879,2.7879,2.7879,2.7879,2.7879,2.7879,2.7879,2.7879,2.7879,2.7879,2.7879,2.7879,2.7879,2.7879,2.7879,2.7879,2.7879,2.7879,2.7879
2.8283,2.8283,2.8283,2.8283,2.8283,2.8283,2.8283,2.8283,2.8283,2.8283,2.8283,2.8283,2.8283,2.8283,2.8283,2.8283,2.8283,2.8283,2.8283,2.8283,2.8283,2.8283,2.8283,2.8283,2.8283,2.8283,2.8283,2.8283,2.8283,2.8283,2.8283,2.8283,2.8283,2.8283,2.8283,2.8283,2.8283,2.8283,2.8283,2.8283,2.8283,2.8283,2.8283,2.8283,2.8283,2.8283,2.8283,2.8283,2.8283,2.8283,2.8283,2.8283,2.8283,2.8283,2.8283,2.8283,2.8283,2.8283,2.8283,2.8283,2.8283,2.8283,2.8283,2.8283,2.8283,2.8283,2.8283,2.8283,2.8283,2.8283,2.8283,2.8283,2.8283,2.8283
2.8687,2.8687,2.8687,2.8687,2.8687,2.8687,2.8687,2.8687,2.8687,2.8687,2.8687,2.8687,2.8687,2.8687,2.8687,2.8687,2.8687,2.8687,2.8687,2.8687,2.8687,2.8687,2.8687,2.8687,2.8687,2.8687,2.8687,2.8687,2.8687,2.8687,2.8687,2.8687,2.8687,2.8687,2.8687,2.8687,2.8687,2.8687,2.8687,2.8687,2.8687,2.8687,2.8687,2.8687,2.8687,2.8687,2.8687,2.8687,2.8687,2.8687,2.8687,2.8687,2.8687,2.8687,2.8687,2.8687,2.8687,2.8687,2.8687,2.8687,2.8687,2.8687,2.8687,2.8687,2.8687,2.8687,2.8687,2.8687,2.8687,2.8687,2.8687,2.8687,2.8687,2.8687
2.9091,2.9091,2.9091,2.9091,2.9091,2.9091,2.9091,2.9091,2.9091,2.9091,2.9091,2.9091,2.9091,2.9091,2.9091,2.9091,2.9091,2.9091,2.9091,2.9091,2.9091,2.9091,2.9091,2.9091,2.9091,2.9091,2.9091,2.9091,2.9091,2.9091,2.9091,2.9091,2.9091,2.9091,2.9091,2.9091,2.9091,2.9091,2.9091,2.9091,2.9091,2.9091,2.9091,2.9091,2.9091,2.9091,2.9091,2.9091,2.9091,2.9091,2.9091,2.9091,2.9091,2.9091,2.9091,2.9091,2.9091,2.9091,2.9091,2.9091,2.9091,2.9091,2.9091,2.9091,2.9091,2.9091,2.9091,2.9091,2.9091,2.9091,2.9091,2.9091,2.9091,2.9091
2.9495,2.9495,2.9495,2.9495,2.9495,2.9495,2.9495,2.9495,2.9495,2.9495,2.9495,2.9495,2.9495,2.9495,2.9495,2.9495,2.9495,2.9495,2.9495,2.9495,2.9495,2.9495,2.9495,2.9495,2.9495,2.9495,2.9495,2.9495,2.9495,2.9495,2.9495,2.9495,2.9495,2.9495,2.9495,2.9495,2.9495,2.9495,2.9495,2.9495,2.9495,2.9495,2.9495,2.9495,2.9495,2.9495,2.9495,2.9495,2.9495,2.9495,2.9495,2.9495,2.9495,2.9495,2.9495,2.9495,2.9495,2.9495,2.9495,2.9495,2.9495,2.9495,2.9495,2.9495,2.9495,2.9495,2.9495,2.9495,2.9495,2.9495,2.9495,2.9495,2.9495,2.9495
2.9899,2.9899,2.9899,2.9899,2.9899,2.9899,2.9899,2.9899,2.9899,2.9899,2.9899,2.9899,2.9899,2.9899,2.9899,2.9899,2.9899,2.9899,2.9899,2.9899,2.9899,2.9899,2.9899,2.9899,2.9899,2.9899,2.9899,2.9899,2.9899,2.9899,2.9899,2.9899,2.9899,2.9899,2.9899,2.9899,2.9899,2.9899,2.9899,2.9899,2.9899,2.9899,2.9899,2.9899,2.9899,2.9899,2.9899,2.9899,2.9899,2.9899,2.9899,2.9899,2.9899,2.9899,2.9899,2.9899,2.9899,2.9899,2.9899,2.9899,2.9899,2.9899,2.9899,2.9899,2.9899,2.9899,2.9899,2.9899,2.9899,2.9899,2.9899,2.9899,2.9899,2.9899
3.0303,3.0303,3.0303,3.0303,3.0303,3.0303,3.0303,3.0303,3.0303,3.0303,3.0303,3.0303,3.0303,3.0303,3.0303,3.0303,3.0303,3.0303,3.0303,3.0303,3.0303,3.0303,3.0303,3.0303,3.0303,3.0303,3.0303,3.0303,3.0303,3.0303,3.0303,3.0303,3.0303,3.0303,3.0303,3.0303,3.0303,3.0303,3.0303,3.0303,3.0303,3.0303,3.0303,3.0303,3.0303,3.0303,3.0303,3.0303,3.0303,3.0303,3.0303,3.0303,3.0303,3.0303,3.0303,3.0303,3.0303,3.0303,3.0303,3.0303,3.0303,3.0303,3.0303,3.0303,3.0303,3.0303,3.0303,3.0303,3.0303,3.0303,3.0303,3.0303,3.0303,3.0303
3.0707,3.0707,3.0707,3.0707,3.0707,3.0707,3.0707,3.0707,3.0707,3.0707,3.0707,3.0707,3.0707,3.0707,3.0707,3.0707,3.0707,3.0707,3.0707,3.0707,3.0707,3.0707,3.0707,3.0707,3.0707,3.0707,3.0707,3.0707,3.0707,3.0707,3.0707,3.0707,3.0707,3.0707,3.0707,3.0707,3.0707,3.0707,3.0707,3.0707,3.0707,3.0707,3.0707,3.0707,3.0707,3.0707,3.0707,3.0707,3.0707,3.0707,3.0707,3.0707,3.0707,3.0707,3.0707,3.0707,3.0707,3.0707,3.0707,3.0707,3.0707,3.0707,3.0707,3.0707,3.0707,3.0707,3.0707,3.0707,3.0707,3.0707,3.0707,3.0707,3.0707,3.0707
3.1111,3.1111,3.1111,3.1111,3.1111,3.1111,3.1111,3.1111,3.1111,3.1111,3.1111,3.1111,3.1111,3.1111,3.1111,3.1111,3.1111,3.1111,3.1111,3.1111,3.1111,3.1111,3.1111,3.1111,3.1111,3.1111,3.1111,3.1111,3.1111,3.1111,3.1111,3.1111,3.1111,3.1111,3.1111,3.1111,3.1111,3.1111,3.1111,3.1111,3.1111,3.1111,3.1111,3.1111,3.1111,3.1111,3.1111,3.1111,3.1111,3.1111,3.1111,3.1111,3.1111,3.1111,3.1111,3.1111,3.1111,3.1111,3.1111,3.1111,3.1111,3.1111,3.1111,3.1111,3.1111,3.1111,3.1111,3.1111,3.1111,3.1111,3.1111,3.1111,3.1111,3.1111
3.1515,3.1515,3.1515,3.1515,3.1515,3.1515,3.1515,3.1515,3.1515,3.1515,3.1515,3.1515,3.1515,3.1515,3.1515,3.1515,3.1515,3.1515,3.1515,3.1515,3.1515,3.1515,3.1515,3.1515,3.1515,3.1515,3.1515,3.1515,3.1515,3.1515,3.1515,3.1515,3.1515,3.1515,3.1515,3.1515,3.1515,3.1515,3.1515,3.1515,3.1515,3.1515,3.1515,3.1515,3.1515,3.1515,3.1515,3.1515,3.1515,3.1515,3.1515,3.1515,3.1515,3.1515,3.1515,3.1515,3.1515,3.1515,3.1515,3.1515,3.1515,3.1515,3.1515,3.1515,3.1515,3.1515,3.1515,3.1515,3.1515,3.1515,3.1515,3.1515,3.1515,3.1515
3.1919,3.1919,3.1919,3.1919,3.1919,3.1919,3.1919,3.1919,3.1919,3.1919,3.1919,3.1919,3.1919,3.1919,3.1919,3.1919,3.1919,3.1919,3.1919,3.1919,3.1919,3.1919,3.1919,3.1919,3.1919,3.1919,3.1919,3.1919,3.1919,3.1919,3.1919,3.1919,3.1919,3.1919,3.1919,3.1919,3.1919,3.1919,3.1919,3.1919,3.1919,3.1919,3.1919,3.1919,3.1919,3.1919,3.1919,3.1919,3.1919,3.1919,3.1919,3.1919,3.1919,3.1919,3.1919,3.1919,3.1919,3.1919,3.1919,3.1919,3.1919,3.1919,3.1919,3.1919,3.1919,3.1919,3.1919,3.1919,3.1919,3.1919,3.1919,3.1919,3.1919,3.1919
3.2323,3.2323,3.2323,3.2323,3.2323,3.2323,3.2323,3.2323,3.2323,3.2323,3.2323,3.2323,3.2323,3.2323,3.2323,3.2323,3.2323,3.2323,3.2323,3.2323,3.2323,3.2323,3.2323,3.2323,3.2323,3.2323,3.2323,3.2323,3.2323,3.2323,3.2323,3.2323,3.2323,3.2323,3.2323,3.2323,3.2323,3.2323,3.2323,3.2323,3.2323,3.2323,3.2323,3.2323,3.2323,3.2323,3.2323,3.2323,3.2323,3.2323,3.2323,3.2323,3.2323,3.2323,3.2323,3.2323,3.2323,3.2323,3.2323,3.2323,3.2323,3.2323,3.2323,3.2323,3.2323,3.2323,3.2323,3.2323,3.2323,3.2323,3.2323,3.2323,3.2323,3.2323
3.2727,3.2727,3.2727,3.2727,3.2727,3.2727,3.2727,3.2727,3.2727,3.2727,3.2727,3.2727,3.2727,3.2727,3.2727,3.2727,3.2727,3.2727,3.2727,3.2727,3.2727,3.2727,3.2727,3.2727,3.2727,3.2727,3.2727,3.2727,3.2727,3.2727,3.2727,3.2727,3.2727,3.2727,3.2727,3.2727,3.2727,3.2727,3.2727,3.2727,3.2727,3.2727,3.2727,3.2727,3.2727,3.2727,3.2727,3.2727,3.2727,3.2727,3.2727,3.2727,3.2727,3.2727,3.2727,3.2727,3.2727,3.2727,3.2727,3.2727,3.2727,3.2727,3.2727,3.2727,3.2727,3.2727,3.2727,3.2727,3.2727,3.2727,3.2727,3.2727,3.2727,3.2727
3.3131,3.3131,3.3131,3.3131,3.3131,3.3131,3.3131,3.3131,3.3131,3.3131,3.3131,3.3131,3.3131,3.3131,3.3131,3.3131,3.3131,3.3131,3.3131,3.3131,3.3131,3.3131,3.3131,3.3131,3.3131,3.3131,3.3131,3.3131,3.3131,3.3131,3.3131,3.3131,3.3131,3.3131,3.3131,3.3131,3.3131,3.3131,3.3131,3.3131,3.3131,3.3131,3.3131,3.3131,3.3131,3.3131,3.3131,3.3131,3.3131,3.3131,3.3131,3.3131,3.3131,3.3131,3.3131,3.3131,3.3131,3.3131,3.3131,3.3131,3.3131,3.3131,3.3131,3.3131,3.3131,3.3131,3.3131,3.3131,3.3131,3.3131,3.3131,3.3131,3.3131,3.3131
3.3535,3.3535,3.3535,3.3535,3.3535,3.3535,3.3535,3.3535,3.3535,3.3535,3.3535,3.3535,3.3535,3.3535,3.3535,3.3535,3.3535,3.3535,3.3535,3.3535,3.3535,3.3535,3.3535,3.3535,3.3535,3.3535,3.3535,3.3535,3.3535,3.3535,3.3535,3.3535,3.3535,3.3535,3.3535,3.3535,3.3535,3.3535,3.3535,3.3535,3.3535,3.3535,3.3535,3.3535,3.3535,3.3535,3.3535,3.3535,3.3535,3.3535,3.3535,3.3535,3.3535,3.3535,3.3535,3.3535,3.3535,3.3535,3.3535,3.3535,3.3535,3.3535,3.3535,3.3535,3.3535,3.3535,3.3535,3.3535,3.3535,3.3535,3.3535,3.3535,3.3535,3.3535
3.3939,3.3939,3.3939,3.3939,3.3939,3.3939,3.3939,3.3939,3.3939,3.3939,3.3939,3.3939,3.3939,3.3939,3.3939,3.3939,3.3939,3.3939,3.3939,3.3939,3.3939,3.3939,3.3939,3.3939,3.3939,3.3939,3.3939,3.3939,3.3939,3.3939,3.3939,3.3939,3.3939,3.3939,3.3939,3.3939,3.3939,3.3939,3.3939,3.3939,3.3939,3.3939,3.3939,3.3939,3.3939,3.3939,3.3939,3.3939,3.3939,3.3939,3.3939,3.3939,3.3939,3.3939,3.3939,3.3939,3.3939,3.3939,3.3939,3.3939,3.3939,3.3939,3.3939,3.3939,3.3939,3.3939,3.3939,3.3939,3.3939,3.3939,3.3939,3.3939,3.3939,3.3939
3.4343,3.4343,3.4343,3.4343,3.4343,3.4343,3.4343,3.4343,3.4343,3.4343,3.4343,3.4343,3.4343,3.4343,3.4343,3.4343,3.4343,3.4343,3.4343,3.4343,3.4343,3.4343,3.4343,3.4343,3.4343,3.4343,3.4343,3.4343,3.4343,3.4343,3.4343,3.4343,3.4343,3.4343,3.4343,3.4343,3.4343,3.4343,3.4343,3.4343,3.4343,3.4343,3.4343,3.4343,3.4343,3.4343,3.4343,3.4343,3.4343,3.4343,3.4343,3.4343,3.4343,3.4343,3.4343,3.4343,3.4343,3.4343,3.4343,3.4343,3.4343,3.4343,3.4343,3.4343,3.4343,3.4343,3.4343,3.4343,3.4343,3.4343,3.4343,3.4343,3.4343,3.4343
3.4747,3.4747,3.4747,3.4747,3.4747,3.4747,3.4747,3.4747,3.4747,3.4747,3.4747,3.4747,3.4747,3.4747,3.4747,3.4747,3.4747,3.4747,3.4747,3.4747,3.4747,3.4747,3.4747,3.4747,3.4747,3.4747,3.4747,3.4747,3.4747,3.4747,3.4747,3.4747,3.4747,3.4747,3.4747,3.4747,3.4747,3.4747,3.4747,3.4747,3.4747,3.4747,3.4747,3.4747,3.4747,3.4747,3.4747,3.4747,3.4747,3.4747,3.4747,3.4747,3.4747,3.4747,3.4747,3.4747,3.4747,3.4747,3.4747,3.4747,3.4747,3.4747,3.4747,3.4747,3.4747,3.4747,3.4747,3.4747,3.4747,3.4747,3.4747,3.4747,3.4747,3.4747
3.5152,3.5152,3.5152,3.5152,3.5152,3.5152,3.5152,3.5152,3.5152,3.5152,3.5152,3.5152,3.5152,3.5152,3.5152,3.5152,3.5152,3.5152,3.5152,3.5152,3.5152,3.5152,3.5152,3.5152,3.5152,3.5152,3.5152,3.5152,3.5152,3.5152,3.5152,3.5152,3.5152,3.5152,3.5152,3.5152,3.5152,3.5152,3.5152,3.5152,3.5152,3.5152,3.5152,3.5152,3.5152,3.5152,3.5152,3.5152,3.5152,3.5152,3.5152,3.5152,3.5152,3.5152,3.5152,3.5152,3.5152,3.5152,3.5152,3.5152,3.5152,3.5152,3.5152,3.5152,3.5152,3.5152,3.5152,3.5152,3.5152,3.5152,3.5152,3.5152,3.5152,3.5152
3.5556,3.5556,3.5556,3.5556,3.5556,3.5556,3.5556,3.5556,3.5556,3.5556,3.5556,3.5556,3.5556,3.5556,3.5556,3.5556,3.5556,3.5556,3.5556,3.5556,3.5556,3.5556,3.5556,3.5556,3.5556,3.5556,3.5556,3.5556,3.5556,3.5556,3.5556,3.5556,3.5556,3.5556,3.5556,3.5556,3.5556,3.5556,3.5556,3.5556,3.5556,3.5556,3.5556,3.5556,3.5556,3.5556,3.5556,3.5556,3.5556,3.5556,3.5556,3.5556,3.5556,3.5556,3.5556,3.5556,3.5556,3.5556,3.5556,3.5556,3.5556,3.5556,3.5556,3.5556,3.5556,3.5556,3.5556,3.5556,3.5556,3.5556,3.5556,3.5556,3.5556,3.5556
3.596,3.596,3.596,3.596,3.596,3.596,3.596,3.596,3.596,3.596,3.596,3.596,3.596,3.596,3.596,3.596,3.596,3.596,3.596,3.596,3.596,3.596,3.596,3.596,3.596,3.596,3.596,3.596,3.596,3.596,3.596,3.596,3.596,3.596,3.596,3.596,3.596,3.596,3.596,3.596,3.596,3.596,3.596,3.596,3.596,3.596,3.596,3.596,3.596,3.596,3.596,3.596,3.596,3.596,3.596,3.596,3.596,3.596,3.596,3.596,3.596,3.596,3.596,3.596,3.596,3.596,3.596,3.596,3.596,3.596,3.596,3.596,3.596,3.596
3.6364,3.6364,3.6364,3.6364,3.6364,3.6364,3.6364,3.6364,3.6364,3.6364,3.6364,3.6364,3.6364,3.6364,3.6364,3.6364,3.6364,3.6364,3.6364,3.6364,3.6364,3.6364,3.6364,3.6364,3.6364,3.6364,3.6364,3.6364,3.6364,3.6364,3.6364,3.6364,3.6364,3.6364,3.6364,3.6364,3.6364,3.6364,3.6364,3.6364,3.6364,3.6364,3.6364,3.6364,3.6364,3.6364,3.6364,3.6364,3.6364,3.6364,3.6364,3.6364,3.6364,3.6364,3.6364,3.6364,3.6364,3.6364,3.6364,3.6364,3.6364,3.6364,3.6364,3.6364,3.6364,3.6364,3.6364,3.6364,3.6364,3.6364,3.6364,3.6364,3.6364,3.6364
3.6768,3.6768,3.6768,3.6768,3.6768,3.6768,3.6768,3.6768,3.6768,3.6768,3.6768,3.6768,3.6768,3.6768,3.6768,3.6768,3.6768,3.6768,3.6768,3.6768,3.6768,3.6768,3.6768,3.6768,3.6768,3.6768,3.6768,3.6768,3.6768,3.6768,3.6768,3.6768,3.6768,3.6768,3.6768,3.6768,3.6768,3.6768,3.6768,3.6768,3.6768,3.6768,3.6768,3.6768,3.6768,3.6768,3.6768,3.6768,3.6768,3.6768,3.6768,3.6768,3.6768,3.6768,3.6768,3.6768,3.6768,3.6768,3.6768,3.6768,3.6768,3.6768,3.6768,3.6768,3.6768,3.6768,3.6768,3.6768,3.6768,3.6768,3.6768,3.6768,3.6768,3.6768
3.7172,3.7172,3.7172,3.7172,3.7172,3.7172,3.7172,3.7172,3.7172,3.7172,3.7172,3.7172,3.7172,3.7172,3.7172,3.7172,3.7172,3.7172,3.7172,3.7172,3.7172,3.7172,3.7172,3.7172,3.7172,3.7172,3.7172,3.7172,3.7172,3.7172,3.7172,3.7172,3.7172,3.7172,3.7172,3.7172,3.7172,3.7172,3.7172,3.7172,3.7172,3.7172,3.7172,3.7172,3.7172,3.7172,3.7172,3.7172,3.7172,3.7172,3.7172,3.7172,3.7172,3.7172,3.7172,3.7172,3.7172,3.7172,3.7172,3.7172,3.7172,3.7172,3.7172,3.7172,3.7172,3.7172,3.7172,3.7172,3.7172,3.7172,3.7172,3.7172,3.7172,3.7172
3.7576,3.7576,3.7576,3.7576,3.7576,3.7576,3.7576,3.7576,3.7576,3.7576,3.7576,3.7576,3.7576,3.7576,3.7576,3.7576,3.7576,3.7576,3.7576,3.7576,3.7576,3.7576,3.7576,3.7576,3.7576,3.7576,3.7576,3.7576,3.7576,3.7576,3.7576,3.7576,3.7576,3.7576,3.7576,3.7576,3.7576,3.7576,3.7576,3.7576,3.7576,3.7576,3.7576,3.7576,3.7576,3.7576,3.7576,3.7576,3.7576,3.7576,3.7576,3.7576,3.7576,3.7576,3.7576,3.7576,3.7576,3.7576,3.7576,3.7576,3.7576,3.7576,3.7576,3.7576,3.7576,3.7576,3.7576,3.7576,3.7576,3.7576,3.7576,3.7576,3.7576,3.7576
3.798,3.798,3.798,3.798,3.798,3.798,3.798,3.798,3.798,3.798,3.798,3.798,3.798,3.798,3.798,3.798,3.798,3.798,3.798,3.798,3.798,3.798,3.798,3.798,3.798,3.798,3.798,3.798,3.798,3.798,3.798,3.798,3.798,3.798,3.798,3.798,3.798,3.798,3.798,3.798,3.798,3.798,3.798,3.798,3.798,3.798,3.798,3.798,3.798,3.798,3.798,3.798,3.798,3.798,3.798,3.798,3.798,3.798,3.798,3.798,3.798,3.798,3.798,3.798,3.798,3.798,3.798,3.798,3.798,3.798,3.798,3.798,3.798,3.798
3.8384,3.8384,3.8384,3.8384,3.8384,3.8384,3.8384,3.8384,3.8384,3.8384,3.8384,3.8384,3.8384,3.8384,3.8384,3.8384,3.8384,3.8384,3.8384,3.8384,3.8384,3.8384,3.8384,3.8384,3.8384,3.8384,3.8384,3.8384,3.8384,3.8384,3.8384,3.8384,3.8384,3.8384,3.8384,3.8384,3.8384,3.8384,3.8384,3.8384,3.8384,3.8384,3.8384,3.8384,3.8384,3.8384,3.8384,3.8384,3.8384,3.8384,3.8384,3.8384,3.8384,3.8384,3.8384,3.8384,3.8384,3.8384,3.8384,3.8384,3.8384,3.8384,3.8384,3.8384,3.8384,3.8384,3.8384,3.8384,3.8384,3.8384,3.8384,3.8384,3.8384,3.8384
3.8788,3.8788,3.8788,3.8788,3.8788,3.8788,3.8788,3.8788,3.8788,3.8788,3.8788,3.8788,3.8788,3.8788,3.8788,3.8788,3.8788,3.8788,3.8788,3.8788,3.8788,3.8788,3.8788,3.8788,3.8788,3.8788,3.8788,3.8788,3.8788,3.8788,3.8788,3.8788,3.8788,3.8788,3.8788,3.8788,3.8788,3.8788,3.8788,3.8788,3.8788,3.8788,3.8788,3.8788,3.8788,3.8788,3.8788,3.8788,3.8788,3.8788,3.8788,3.8788,3.8788,3.8788,3.8788,3.8788,3.8788,3.8788,3.8788,3.8788,3.8788,3.8788,3.8788,3.8788,3.8788,3.8788,3.8788,3.8788,3.8788,3.8788,3.8788,3.8788,3.8788,3.8788
3.9192,3.9192,3.9192,3.9192,3.9192,3.9192,3.9192,3.9192,3.9192,3.9192,3.9192,3.9192,3.9192,3.9192,3.9192,3.9192,3.9192,3.9192,3.9192,3.9192,3.9192,3.9192,3.9192,3.9192,3.9192,3.9192,3.9192,3.9192,3.9192,3.9192,3.9192,3.9192,3.9192,3.9192,3.9192,3.9192,3.9192,3.9192,3.9192,3.9192,3.9192,3.9192,3.9192,3.9192,3.9192,3.9192,3.9192,3.9192,3.9192,3.9192,3.9192,3.9192,3.9192,3.9192,3.9192,3.9192,3.9192,3.9192,3.9192,3.9192,3.9192,3.9192,3.9192,3.9192,3.9192,3.9192,3.9192,3.9192,3.9192,3.9192,3.9192,3.9192,3.9192,3.9192
3.9596,3.9596,3.9596,3.9596,3.9596,3.9596,3.9596,3.9596,3.9596,3.9596,3.9596,3.9596,3.9596,3.9596,3.9596,3.9596,3.9596,3.9596,3.9596,3.9596,3.9596,3.9596,3.9596,3.9596,3.9596,3.9596,3.9596,3.9596,3.9596,3.9596,3.9596,3.9596,3.9596,3.9596,3.9596,3.9596,3.9596,3.9596,3.9596,3.9596,3.9596,3.9596,3.9596,3.9596,3.9596,3.9596,3.9596,3.9596,3.9596,3.9596,3.9596,3.9596,3.9596,3.9596,3.9596,3.9596,3.9596,3.9596,3.9596,3.9596,3.9596,3.9596,3.9596,3.9596,3.9596,3.9596,3.9596,3.9596,3.9596,3.9596,3.9596,3.9596,3.9596,3.9596
4,4,4,4,4,4,4,4,4,4,4,4,4,4,4,4,4,4,4,4,4,4,4,4,4,4,4,4,4,4,4,4,4,4,4,4,4,4,4,4,4,4,4,4,4,4,4,4,4,4,4,4,4,4,4,4,4,4,4,4,4,4,4,4,4,4,4,4,4,4,4,4,4,4
