-1.9633
-1.9927
-1.8758
-1.8088
-1.7587
-1.75
-1.8343
-1.7956
-1.7266
-1.7102
-1.7115
-1.741
-1.7337
-1.7451
-1.7711
-1.7979
-1.7886
-1.7692
-1.7908
-1.8123
-1.8075
-1.824
-1.7916
-1.756
-1.7659
-1.7531
-1.7281
-1.709
-1.7124
-1.7228
-1.7322
-1.7487
-1.7701
-1.7807
-1.7614
-1.7001
-1.6268
-1.5704
-1.5385
-1.5029
-1.4234
-1.4312
-1.5382
-1.3762
-1.2211
-1.2069
-1.2596
-1.0011
-0.7907
-1.1007
-0.76133
-0.80991
-0.84103
-0.54109
-0.10361
0.1625
1.1129
1.5601
0.26576
-0.84849
-1.1381
-1.2496
-1.2978
-1.3996
-1.6226
-1.8068
-1.8417
-1.7945
-1.7921
-1.7457
-1.744
-1.7453
-1.7172
-1.7
-1.6934
-1.6901
-1.6798
-1.6721
-1.6652
-1.6697
-1.6675
-1.6632
-1.6664
-1.6509
-1.6338
-1.6549
-1.674
-1.6396
-1.6021
-1.6125
-1.6055
-1.584
-1.5787
-1.5938
-1.6001
-1.587
-1.5666
-1.5471
-1.5294
-1.5288
-1.5534
-1.5811
-1.5964
-1.5918
-1.6012
-1.5937
-1.6783
-1.8129
-1.8884
-1.9638
-1.9416
