8.2998e-05
0.00023205
-0.00013801
-7.9673e-05
-2.5049e-05
-1.9088e-06
-8.2134e-05
-0.00016335
3.0927e-05
-0.00015185
3.9378e-06
-0.00013969
-7.0207e-05
-3.7981e-05
-0.0001145
-0.00013847
-6.929e-05
-9.7772e-05
-7.1629e-05
-0.00012533
-9.5132e-05
-0.00010826
-9.7739e-05
-5.6795e-05
-5.969e-05
-3.9992e-05
-9.0843e-06
-1.1275e-05
-1.1083e-05
-4.9714e-06
3.8564e-06
1.4086e-05
1.9045e-05
2.2408e-05
1.765e-05
9.2676e-06
1.9251e-05
3.5166e-05
2.5125e-05
3.9651e-05
3.3733e-05
2.8917e-05
2.8004e-05
4.3072e-05
2.6422e-05
6.4603e-05
3.1072e-05
5.2271e-05
7.5103e-05
0.00010095
8.2328e-05
4.7929e-05
4.1858e-05
2.9631e-05
2.8261e-05
2.0921e-05
1.1405e-05
3.9087e-06
-8.4748e-06
-2.411e-05
-1.2462e-05
-1.8363e-05
-8.1092e-06
-1.1968e-06
5.6185e-06
-7.693e-06
-4.5154e-06
7.8196e-06
1.7023e-06
4.1536e-06
3.2194e-05
4.9198e-06
1.0058e-05
1.0038e-05
1.2165e-05
1.3279e-05
1.692e-05
2.371e-05
2.3819e-05
4.2585e-05
3.3066e-05
2.8506e-05
3.3794e-05
4.7879e-05
3.6549e-05
2.818e-05
4.8715e-05
5.2264e-05
1.7787e-05
2.2171e-05
6.0193e-05
5.0512e-05
7.0094e-06
-2.0972e-05
-2.011e-05
-4.0199e-06
-2.7671e-06
-9.7011e-06
-2.1644e-05
-4.6401e-05
-5.1579e-05
-0.00011277
-2.5166e-05
-4.8623e-05
-8.6802e-06
4.0801e-05
-0.00024882
-0.00035364
0.0001458
-0.00058526
-0.00027646
