-0.00018998
-3.164e-05
8.7559e-05
-0.00023894
-0.00017402
-8.7746e-05
-0.00012114
-0.00015839
-0.00025779
-0.00016192
-0.00036976
-0.00029147
-0.00043601
-0.00054587
-0.00054279
-0.00048269
-0.00067834
-0.00076159
-0.00073637
-0.00082013
-0.00077804
-0.00060102
-0.00053665
-0.00049206
-0.0004404
-0.00035568
-0.00035962
-0.00036243
-0.00037321
-0.00038986
-0.0004171
-0.00045359
-0.0004809
-0.00048495
-0.00040845
-0.00026626
-0.0002069
-0.00022484
-0.00027244
-0.00024467
-0.00016724
-0.00024807
-0.00021147
-0.00015086
-0.00021815
-0.00013663
-0.00020428
-0.00013729
-0.00016721
-0.00010044
-4.2824e-05
-4.6197e-05
-2.9281e-05
-4.3341e-05
-2.0189e-05
-1.8804e-05
-1.6658e-05
-2.9653e-05
-1.4943e-05
-2.7215e-05
-4.3168e-05
-2.7028e-05
-5.0172e-05
-5.0712e-05
-0.00011754
-0.00011469
-0.00017029
-0.00010114
-0.00014714
-0.00014586
-0.00010867
-0.00014326
-0.00017027
-0.00016508
-0.00015382
-0.00014372
-0.00013857
-0.00014584
-0.00015172
-0.00014541
-0.00020661
-0.0002623
-0.00029058
-0.0002517
-0.00037278
-0.00043403
-0.00038899
-0.00046993
-0.00060112
-0.00055214
-0.00042799
-0.00053698
-0.00056073
-0.0005173
-0.00046836
-0.00042392
-0.00038312
-0.00034592
-0.00028942
-0.00020063
-0.00014341
-9.6746e-05
-0.00015699
-1.5152e-05
-8.4946e-05
4.558e-05
0.00034289
0.00014171
7.9076e-05
0.00075419
-0.00040841
