0.49767
0.49129
0.47453
0.45887
0.4399
0.41786
0.39302
0.36562
0.35105
0.33593
0.32031
0.30421
0.28767
0.27072
0.25339
0.23571
0.21771
0.19942
0.18088
0.16211
0.14314
0.12401
0.10474
0.085359
0.065898
0.046385
0.026848
0.0073141
-0.012188
-0.031632
-0.050991
-0.070238
-0.089348
-0.10829
-0.12705
-0.14559
-0.1639
-0.18194
-0.19969
-0.21714
-0.23424
-0.251
-0.26737
-0.28334
-0.2989
-0.31401
-0.32865
-0.34282
-0.35648
-0.38222
-0.40574
-0.4269
-0.44558
-0.46167
-0.47506
-0.48567
-0.4934
-0.49948
-0.49699
-0.48215
-0.47007
-0.4549
-0.43667
-0.41541
-0.39118
-0.36406
-0.34945
-0.33416
-0.3182
-0.3016
-0.28436
-0.26651
-0.24808
-0.22909
-0.20956
-0.18953
-0.16903
-0.14808
-0.12672
-0.105
-0.08295
-0.060613
-0.038034
-0.01526
0.0076601
0.030676
0.053735
0.076782
0.099762
0.12262
0.14529
0.16771
0.18984
0.2116
0.23294
0.2538
0.27412
0.29384
0.31291
0.33128
0.34889
0.36569
0.38165
0.39672
0.41085
0.43621
0.45748
0.47453
0.48724
0.49559
0.49935
