204.4
269.97
260.86
265.69
267.22
268.27
268.94
269.48
269.89
270.19
270.41
270.57
270.7
270.83
270.96
270.98
271.17
270.88
266.43
245.18
513.4
578.14
566.72
558.28
553.11
547.89
543.55
539.98
537.26
535.21
533.71
532.74
532.21
532.02
532.25
532.92
533.81
534.9
536.24
537.79
539.5
541.43
543.56
545.77
548.04
550.39
552.73
555.09
557.47
559.67
561.66
563.55
565.3
566.84
568.2
569.47
570.41
570.92
571.3
571.54
571.58
571.43
571.24
570.89
570.17
569.36
568.6
567.75
566.84
565.95
565.06
564.04
562.96
561.98
561.03
560.1
559.19
558.35
557.5
556.64
555.86
555.14
554.45
553.83
553.25
552.73
552.27
551.89
551.58
551.33
551.16
551.06
551.01
551.02
551.09
551.17
551.26
551.35
551.4
551.4
551.33
551.17
550.89
550.49
549.95
549.29
548.45
547.44
546.3
545.01
543.56
541.95
540.2
538.39
536.57
533.54
532.94
552.04
676.85
675.81
673.94
673.28
673.42
673.41
673.43
673.45
673.47
673.5
673.54
673.59
673.65
673.72
673.79
673.87
674.01
674.28
675.8
697.25
653.81
653.49
626.55
616.62
585.08
586.88
523.04
568.23
531.9
519.53
538.1
400.83
488.57
446.45
422.14
458.02
303.73
447.25
413.05
242.56
368.69
345.25
205.13
364.93
298.12
136.01
344.59
190.75
79.837
274.27
258.63
-53.757
199.25
171.41
-69.399
60.539
268.1
-46.335
-198.47
83.4
163.31
-218.02
-208.36
77.639
90.278
-281.03
-331.34
21.299
54.287
-232.28
-555.42
-291.28
-5.1858
-69.021
-438.24
-636.03
-374.67
-91.599
-154.23
-508.51
-795.31
-626.96
-362.99
-169.3
-251.42
-732.65
-772.21
-800.79
-658.95
-401.86
-188.37
-447.3
-689.87
-810.78
-821.27
-670.59
-804.26
-709.91
-517.36
-369.34
-403.39
-587.55
-735.91
-814.87
-859.16
-1016.9
-427.01
-416.45
-632.01
-606.91
-557.75
-499.3
-444.05
-397.22
-355.05
-293.09
-229.33
-169.58
-116.42
-103.79
-268.27
-227.78
-1223.8
-954.5
45.755
672.57
761.87
-305.39
144.03
888.64
515.55
633.06
824.6
875.53
928.69
1146.2
697.57
938.17
907.64
1021.6
1054.8
757.16
957.6
969.31
888.53
704.21
608.61
918.21
972.65
723.79
662.35
587.43
529.65
462.64
399.67
342.75
301.96
204.4
196.34
259.86
251.15
255.91
257.44
258.48
259.15
259.68
260.08
260.38
260.59
260.74
260.87
260.99
261.11
261.13
261.31
261.04
256.77
236.38
494.86
556.82
545.65
537.55
532.6
527.58
523.41
520.01
517.45
515.53
514.16
513.29
512.86
512.76
513.07
513.8
514.74
515.89
517.27
518.85
520.6
522.56
524.7
526.91
529.19
531.54
533.88
536.23
538.6
540.78
542.73
544.59
546.29
547.78
549.07
550.28
551.14
551.55
551.82
551.94
551.86
551.57
551.23
550.71
549.83
548.86
547.92
546.89
545.82
544.75
543.69
542.52
541.31
540.22
539.16
538.14
537.17
536.27
535.39
534.54
533.78
533.09
532.46
531.89
531.39
530.94
530.58
530.3
530.09
529.95
529.88
529.87
529.92
530.03
530.18
530.34
530.51
530.66
530.77
530.82
530.79
530.66
530.41
530.02
529.49
528.82
527.96
526.93
525.74
524.41
522.88
521.18
519.33
517.4
515.42
512.15
511.55
531.92
663.93
662.73
660.74
660.04
660.19
660.19
660.22
660.24
660.27
660.3
660.34
660.39
660.45
660.51
660.58
660.65
660.79
661.03
662.9
685.51
639.86
640.65
612.8
603.48
571.55
573.75
510.19
554.9
519.14
506.24
525.41
388.05
475.55
434.03
409.13
445.57
291.48
434.31
400.87
230.16
356.28
333.45
192.43
352.7
286.71
123.93
332.65
179.32
67.788
262.59
247.66
-65.29
187.53
160.44
-80.18
49.307
257.12
-56.999
-209.52
72.486
152.7
-228.66
-219.42
66.721
79.696
-291.94
-342.21
10.1
42.99
-243.88
-567.3
-302.83
-17.876
-83.171
-453.6
-650.51
-388.83
-109.32
-181.24
-550.05
-846.14
-595.06
-268.63
-166.53
-359.85
-767.55
-754.84
-777.29
-646.18
-394.2
-183.08
-442.64
-686.11
-808.32
-820.28
-670.5
-805.55
-711.76
-519.25
-371.09
-404.88
-589.07
-737.68
-817.17
-862.22
-1020.9
-431.79
-421.95
-638.12
-613.6
-564.93
-506.83
-451.85
-405.29
-363.36
-301.6
-238.02
-178.46
-125.45
-113.04
-277.72
-237.13
-1232.7
-962.53
38.056
664.05
751.86
-315.39
135.87
879.41
505.59
624.33
815.04
865.9
919.26
1136.6
688.25
928.76
897.86
1012.1
1045
747.47
948.17
959.81
878.92
694.83
599.35
908.7
962.47
713.51
652.56
577.95
520.22
453.16
389.97
332.79
291.62
196.34
