232.07
235.51
243.01
255.54
273.94
286.79
254.71
216.4
183.58
202.25
249.74
301.61
357.4
327.21
246.79
152.81
46.645
71.355
176.37
328.88
433.66
362.48
301.36
250.04
229.15
219.52
218.22
146.21
38.5
-65.781
-58.131
153.26
251.98
389.71
507.96
507.87
512.3
483.02
430.97
306.84
200.71
112.36
175.01
188.65
310.23
356.02
346.63
339.42
335.92
333.02
333.02
335.92
339.42
346.63
356.02
310.23
188.65
175.01
112.36
200.71
306.84
430.97
483.02
512.3
507.87
507.96
389.71
251.98
153.26
-58.131
-65.781
38.5
146.21
218.22
219.52
229.15
250.04
301.36
362.48
433.66
328.88
176.37
71.355
46.645
152.81
246.79
327.21
357.4
301.61
249.74
202.25
183.58
216.4
254.71
286.79
273.94
255.54
243.01
235.51
232.07
