-2.3582e-16
-0.093702
-0.083901
0.13403
0.010014
-0.10264
-0.12641
0.22679
0.050185
0.065349
-0.1628
-0.13055
0.084323
-0.017038
-0.065469
0.43967
0.37652
-0.33066
-0.42639
-0.19152
0.18198
0.33823
0.18968
-0.18458
-0.066579
0.046311
0.24388
0.11504
-0.27281
-0.57296
0.063608
0.42889
0.28941
-0.45036
0.78098
0.32283
-1.0197
0.22887
-0.33227
0.29427
-0.12806
0.82696
-0.55291
0.19658
-0.34498
-0.015166
0.32867
-0.14558
-0.12846
-0.049554
0.049554
0.12846
0.14558
-0.32867
0.015166
0.34498
-0.19658
0.55291
-0.82696
0.12806
-0.29427
0.33227
-0.22887
1.0197
-0.32283
-0.78098
0.45036
-0.28941
-0.42889
-0.063608
0.57296
0.27281
-0.11504
-0.24388
-0.046311
0.066579
0.18458
-0.18968
-0.33823
-0.18198
0.19152
0.42639
0.33066
-0.37652
-0.43967
0.065469
0.017038
-0.084323
0.13055
0.1628
-0.065349
-0.050185
-0.22679
0.12641
0.10264
-0.010014
-0.13403
0.083901
0.093702
1.9137e-16
