-2.2423
-2.0335
-2.0287
-2.0981
-2.1409
-2.0871
-2.1493
-1.9094
-2.1016
-1.7841
-1.8617
-1.7333
-1.7835
-1.7618
-1.6947
-1.7637
-1.6396
-1.7733
-1.6781
-1.6849
-1.6532
-1.6948
-1.6368
-1.565
-1.6429
-1.6523
-1.5374
-1.4978
-1.5263
-1.551
-1.4633
-1.4003
-1.4083
-1.3853
-1.2592
-1.1813
-1.1984
-1.2495
-1.1578
-1.0442
-1.0003
-1.008
-0.92968
-0.88968
-0.82802
-0.79816
-0.58713
-0.36201
-0.062069
-0.75159
-0.15712
-0.45423
0.13937
0.4219
0.30549
0.68874
1.156
1.08
0.61272
0.039382
-0.90873
-0.71606
-0.6858
-0.65985
-0.9787
-1.0642
-1.0367
-1.0451
-1.1798
-1.1092
-1.2271
-1.2388
-1.3569
-1.3947
-1.3315
-1.3784
-1.3436
-1.37
-1.3234
-1.3621
-1.3517
-1.3178
-1.305
-1.3148
-1.3299
-1.3387
-1.347
-1.3437
-1.3249
-1.3111
-1.3849
-1.3835
-1.4301
-1.4957
-1.4811
-1.5289
-1.5207
-1.5918
-1.6699
-1.6349
-1.7009
-1.4618
-1.8035
-2.0991
-2.4071
-2.4426
-2.2679
