-0.0025643
-0.00086728
-0.0023932
-0.00021669
-0.00098716
-0.0021848
-0.0029823
-0.0023223
-0.0037253
-0.0018151
-0.0025026
-0.0023053
-0.0017423
-0.0030682
-0.0011332
-0.0034302
-0.0012553
-0.001684
-0.0028182
-0.0011745
-0.0012316
-0.001696
-0.001475
-0.0007741
-0.00044096
-0.00080315
-0.00066761
-0.00026847
-4.1786e-05
0.00022875
-0.00031783
0.00014212
0.00017282
0.00040461
0.00038027
0.00032478
0.00023239
0.00036056
0.00041949
0.00037431
0.00046768
0.00028478
0.00064973
0.00019288
0.00064394
0.00015472
0.0005371
0.00012587
0.00040023
0.00036191
0.0002332
0.00017274
0.00024005
0.00012052
8.3199e-05
9.5859e-05
3.8708e-05
8.688e-06
9.5103e-06
1.3783e-05
2.4163e-05
0.00011916
2.9664e-05
9.5577e-05
0.00011951
7.8145e-05
0.00014462
0.00014055
0.00018837
0.00013285
0.00017666
0.00011684
0.00019435
0.00011956
0.00023946
0.00013466
0.00025995
0.00021904
0.00030191
0.0003222
0.0005809
0.00037028
0.00046834
0.00068899
0.0008178
0.00091277
0.0007831
0.00039749
0.00024144
4.5613e-05
-0.00052306
-0.00044434
-0.001195
-0.0024731
-0.0014073
-0.0027143
-0.0016302
-0.0022983
-0.0024884
0.00016574
-0.0015587
-0.00013803
0.00012245
-0.0041302
0.00092313
0.0006872
0.00045803
