-0.0057322
-0.0070905
-0.0042033
-0.0060375
-0.0035638
-0.002954
-0.0024842
-0.0047871
-0.0038397
-0.0039245
-0.0042418
-0.004893
-0.0056656
-0.0045917
-0.0075468
-0.004118
-0.0075483
-0.0067072
-0.0048301
-0.0069555
-0.0073042
-0.0043712
-0.0051128
-0.0062201
-0.0053375
-0.0040297
-0.0036259
-0.0042951
-0.0044809
-0.0033104
-0.0021076
-0.0024574
-0.0027673
-0.0021928
-0.0014977
-0.0019853
-0.0022316
-0.0012054
-0.0015336
-0.0016153
-0.00099417
-0.0014611
-0.00080253
-0.0011152
-0.00054265
-0.00081585
-0.00033743
-0.00050085
-0.0002323
-0.00019115
0.00010258
-8.5211e-05
-2.8255e-05
-1.8622e-06
-3.8398e-05
-1.266e-05
-5.0248e-05
8.9612e-06
1.0523e-05
-2.5509e-05
-0.00010383
-9.3631e-05
-0.00024553
-0.00022893
-0.0001374
-0.00023724
-0.00029735
-0.0002151
-0.00032425
-0.00037946
-0.00034027
-0.00035056
-0.00026271
-0.00019648
-0.00014343
-0.00014994
-8.6461e-05
-0.00017654
-0.00026537
-0.00035686
-0.00054798
-0.0010358
-0.0012683
-0.0013952
-0.0014813
-0.0015927
-0.0015425
-0.0019982
-0.0030621
-0.0036525
-0.0028338
-0.0049425
-0.0042539
-0.0054478
-0.0073849
-0.0063568
-0.007562
-0.0058979
-0.0048244
-0.0059832
-0.0030806
-0.0028531
0.00067209
-0.001014
0.0032867
-0.010723
0.0020391
