0.48304
0.47106
0.45634
0.4391
0.41953
0.39782
0.37412
0.34859
0.3214
0.30722
0.29268
0.2778
0.26259
0.24708
0.23128
0.21521
0.19889
0.18235
0.16559
0.14865
0.13153
0.11427
0.096874
0.079372
0.061782
0.044125
0.026423
0.0086951
-0.0090365
-0.026751
-0.044426
-0.062042
-0.079577
-0.09701
-0.11432
-0.13149
-0.14849
-0.1653
-0.18191
-0.19829
-0.21443
-0.2303
-0.24589
-0.26117
-0.27613
-0.29074
-0.305
-0.31888
-0.33236
-0.35808
-0.38202
-0.40406
-0.42409
-0.44199
-0.45767
-0.47103
-0.48197
-0.49041
-0.49819
-0.499
-0.47815
-0.46488
-0.44824
-0.42809
-0.40427
-0.37665
-0.36138
-0.3451
-0.32782
-0.30953
-0.29023
-0.26991
-0.24859
-0.22629
-0.20304
-0.17887
-0.15383
-0.12797
-0.10138
-0.07413
-0.04632
-0.018058
0.010537
0.039337
0.068204
0.096997
0.12557
0.15377
0.18146
0.2085
0.23475
0.26009
0.28441
0.30761
0.3296
0.35032
0.3697
0.38772
0.40434
0.41955
0.43335
0.45679
0.47484
0.48777
0.49592
0.49936
0.48793
