0.014373
0.022912
0.03293
0.044161
0.056334
0.069181
0.082439
0.095857
0.1092
0.11577
0.12223
0.12858
0.13476
0.14078
0.1466
0.1522
0.15756
0.16267
0.16751
0.17206
0.17631
0.18024
0.18384
0.1871
0.19001
0.19256
0.19474
0.19656
0.19799
0.19904
0.19971
0.2
0.19989
0.1994
0.19853
0.19728
0.19565
0.19366
0.19129
0.18858
0.18551
0.18211
0.17838
0.17433
0.16998
0.16534
0.16043
0.15526
0.14985
0.13837
0.12615
0.11334
0.10012
0.086681
0.073206
0.0599
0.046971
0.034629
0.017681
-0.00089485
-0.017031
-0.018656
-0.018235
-0.015735
-0.011187
-0.0046975
-0.00078141
0.0035399
0.0082267
0.013233
0.018506
0.023986
0.029608
0.035301
0.040989
0.046592
0.052028
0.057211
0.062058
0.066489
0.070425
0.073796
0.076539
0.078603
0.079948
0.080547
0.080391
0.079483
0.077844
0.075509
0.072528
0.068963
0.064889
0.060388
0.055549
0.050467
0.045236
0.039952
0.034707
0.02959
0.024682
0.015788
0.0085276
0.0032624
0.00021757
0.0010775
0.010737
