1.0001,1.0001,1.0001,1.0001,1.0001,1.0001,1.0001,1.0001,1.0002,1.0002,1.0002,1.0002,1.0003,1.0003,1.0003,1.0004,1.0004,1.0005,1.0006,1.0007,1.0008,1.0009,1.001,1.0011,1.0013,1.0014,1.0015,1.0015,1.0015,1.0013,1.0009,1.0003,0.99932,0.99811,0.99676,0.99547,0.99452,0.99417,0.99452,0.99547,0.99676,0.99811,0.99932,1.0003,1.0009,1.0013,1.0015,1.0015,1.0015,1.0014,1.0013,1.0011,1.001,1.0009,1.0008,1.0007,1.0006,1.0005,1.0004,1.0004,1.0003,1.0003,1.0003,1.0002,1.0002,1.0002,1.0002,1.0001,1.0001,1.0001,1.0001,1.0001,1.0001,1.0001,1.0001
1.0004,1.0004,1.0004,1.0004,1.0005,1.0005,1.0005,1.0006,1.0006,1.0007,1.0008,1.0009,1.001,1.0012,1.0013,1.0015,1.0018,1.002,1.0023,1.0027,1.0031,1.0035,1.004,1.0045,1.0051,1.0056,1.006,1.0062,1.006,1.0053,1.0037,1.0011,0.99738,0.99256,0.9871,0.98187,0.97802,0.9766,0.97802,0.98187,0.9871,0.99256,0.99738,1.0011,1.0037,1.0053,1.006,1.0062,1.006,1.0056,1.0051,1.0045,1.004,1.0035,1.0031,1.0027,1.0023,1.002,1.0018,1.0015,1.0013,1.0012,1.001,1.0009,1.0008,1.0007,1.0006,1.0006,1.0005,1.0005,1.0005,1.0004,1.0004,1.0004,1.0004
1.0009,1.0009,1.0009,1.001,1.001,1.0011,1.0012,1.0013,1.0014,1.0016,1.0018,1.002,1.0023,1.0026,1.003,1.0034,1.0039,1.0045,1.0052,1.006,1.0069,1.0079,1.009,1.0102,1.0115,1.0126,1.0136,1.0142,1.0139,1.0124,1.009,1.0033,0.99477,0.98366,0.97086,0.9584,0.94908,0.94562,0.94908,0.9584,0.97086,0.98366,0.99477,1.0033,1.009,1.0124,1.0139,1.0142,1.0136,1.0126,1.0115,1.0102,1.009,1.0079,1.0069,1.006,1.0052,1.0045,1.0039,1.0034,1.003,1.0026,1.0023,1.002,1.0018,1.0016,1.0014,1.0013,1.0012,1.0011,1.001,1.001,1.0009,1.0009,1.0009
1.0016,1.0016,1.0016,1.0017,1.0018,1.0019,1.0021,1.0023,1.0025,1.0028,1.0032,1.0036,1.004,1.0046,1.0052,1.006,1.0069,1.0079,1.0091,1.0105,1.0121,1.0139,1.0159,1.0181,1.0204,1.0227,1.0246,1.0258,1.0257,1.0234,1.0179,1.008,0.99279,0.97229,0.94796,0.92353,0.90477,0.89773,0.90477,0.92353,0.94796,0.97229,0.99279,1.008,1.0179,1.0234,1.0257,1.0258,1.0246,1.0227,1.0204,1.0181,1.0159,1.0139,1.0121,1.0105,1.0091,1.0079,1.0069,1.006,1.0052,1.0046,1.004,1.0036,1.0032,1.0028,1.0025,1.0023,1.0021,1.0019,1.0018,1.0017,1.0016,1.0016,1.0016
1.0024,1.0025,1.0025,1.0027,1.0028,1.003,1.0033,1.0036,1.0039,1.0044,1.0049,1.0055,1.0062,1.0071,1.0081,1.0092,1.0106,1.0122,1.0141,1.0162,1.0187,1.0216,1.0248,1.0283,1.0321,1.0358,1.0393,1.0418,1.0424,1.0398,1.0321,1.0174,0.99372,0.96027,0.91878,0.87504,0.8398,0.82648,0.8398,0.87504,0.91878,0.96027,0.99372,1.0174,1.0321,1.0398,1.0424,1.0418,1.0393,1.0358,1.0321,1.0283,1.0248,1.0216,1.0187,1.0162,1.0141,1.0122,1.0106,1.0092,1.0081,1.0071,1.0062,1.0055,1.0049,1.0044,1.0039,1.0036,1.0033,1.003,1.0028,1.0027,1.0025,1.0025,1.0024
1.0035,1.0035,1.0036,1.0038,1.004,1.0043,1.0046,1.005,1.0056,1.0062,1.0069,1.0078,1.0088,1.01,1.0114,1.0131,1.015,1.0173,1.0199,1.023,1.0266,1.0307,1.0354,1.0406,1.0463,1.0521,1.0578,1.0624,1.0647,1.0628,1.054,1.0349,1.0017,0.95186,0.88566,0.81049,0.74469,0.7202,0.74469,0.81049,0.88566,0.95186,1.0017,1.0349,1.054,1.0628,1.0647,1.0624,1.0578,1.0521,1.0463,1.0406,1.0354,1.0307,1.0266,1.023,1.0199,1.0173,1.015,1.0131,1.0114,1.01,1.0088,1.0078,1.0069,1.0062,1.0056,1.005,1.0046,1.0043,1.004,1.0038,1.0036,1.0035,1.0035
1.0047,1.0047,1.0048,1.005,1.0053,1.0057,1.0062,1.0068,1.0074,1.0083,1.0092,1.0104,1.0117,1.0133,1.0152,1.0174,1.02,1.0231,1.0266,1.0308,1.0356,1.0412,1.0476,1.0549,1.0629,1.0715,1.0802,1.0882,1.0938,1.0946,1.0869,1.0652,1.023,0.95378,0.85426,0.72965,0.60105,0.55754,0.60105,0.72965,0.85426,0.95378,1.023,1.0652,1.0869,1.0946,1.0938,1.0882,1.0802,1.0715,1.0629,1.0549,1.0476,1.0412,1.0356,1.0308,1.0266,1.0231,1.02,1.0174,1.0152,1.0133,1.0117,1.0104,1.0092,1.0083,1.0074,1.0068,1.0062,1.0057,1.0053,1.005,1.0048,1.0047,1.0047
1.006,1.006,1.0062,1.0065,1.0068,1.0073,1.0079,1.0086,1.0095,1.0106,1.0118,1.0133,1.015,1.017,1.0194,1.0222,1.0255,1.0294,1.034,1.0393,1.0455,1.0528,1.0612,1.0709,1.0818,1.0937,1.1064,1.1188,1.1293,1.1351,1.1317,1.1123,1.0668,0.98267,0.84668,0.64419,0.36428,0.30707,0.36428,0.64419,0.84668,0.98267,1.0668,1.1123,1.1317,1.1351,1.1293,1.1188,1.1064,1.0937,1.0818,1.0709,1.0612,1.0528,1.0455,1.0393,1.034,1.0294,1.0255,1.0222,1.0194,1.017,1.015,1.0133,1.0118,1.0106,1.0095,1.0086,1.0079,1.0073,1.0068,1.0065,1.0062,1.006,1.006
1.0074,1.0075,1.0077,1.008,1.0085,1.0091,1.0098,1.0107,1.0118,1.013,1.0146,1.0164,1.0185,1.021,1.0239,1.0274,1.0314,1.0362,1.0418,1.0484,1.0562,1.0653,1.0759,1.0881,1.1023,1.1182,1.1356,1.1541,1.1722,1.1876,1.1955,1.1879,1.151,1.0593,0.85986,0.51306,0.001328,0.0073025,0.001328,0.51306,0.85986,1.0593,1.151,1.1879,1.1955,1.1876,1.1722,1.1541,1.1356,1.1182,1.1023,1.0881,1.0759,1.0653,1.0562,1.0484,1.0418,1.0362,1.0314,1.0274,1.0239,1.021,1.0185,1.0164,1.0146,1.013,1.0118,1.0107,1.0098,1.0091,1.0085,1.008,1.0077,1.0075,1.0074
1.009,1.009,1.0093,1.0097,1.0102,1.0109,1.0118,1.0129,1.0141,1.0157,1.0175,1.0196,1.0222,1.0251,1.0286,1.0327,1.0376,1.0433,1.05,1.0579,1.0672,1.0782,1.0911,1.1062,1.1238,1.1439,1.1668,1.192,1.2186,1.2446,1.267,1.2802,1.2636,1.1324,0.67455,0.0024454,0.00043817,-0.00025493,0.00043817,0.0024454,0.67455,1.1324,1.2636,1.2802,1.267,1.2446,1.2186,1.192,1.1668,1.1439,1.1238,1.1062,1.0911,1.0782,1.0672,1.0579,1.05,1.0433,1.0376,1.0327,1.0286,1.0251,1.0222,1.0196,1.0175,1.0157,1.0141,1.0129,1.0118,1.0109,1.0102,1.0097,1.0093,1.009,1.009
1.0106,1.0107,1.011,1.0114,1.0121,1.0129,1.0139,1.0151,1.0166,1.0184,1.0205,1.023,1.026,1.0294,1.0335,1.0382,1.0439,1.0505,1.0583,1.0675,1.0784,1.0913,1.1065,1.1244,1.1455,1.17,1.1984,1.2308,1.2675,1.3092,1.3561,1.3986,1.3807,1.1146,0.0042945,-5.979e-05,-0.0027397,0.0062763,-0.0027397,-5.979e-05,0.0042945,1.1146,1.3807,1.3986,1.3561,1.3092,1.2675,1.2308,1.1984,1.17,1.1455,1.1244,1.1065,1.0913,1.0784,1.0675,1.0583,1.0505,1.0439,1.0382,1.0335,1.0294,1.026,1.023,1.0205,1.0184,1.0166,1.0151,1.0139,1.0129,1.0121,1.0114,1.011,1.0107,1.0106
1.0123,1.0124,1.0127,1.0132,1.0139,1.0149,1.016,1.0175,1.0192,1.0212,1.0236,1.0265,1.0298,1.0337,1.0383,1.0438,1.0502,1.0577,1.0666,1.0771,1.0895,1.1042,1.1216,1.1422,1.1665,1.1952,1.2286,1.2677,1.313,1.3641,1.4127,1.421,1.28,0.78969,0.0034931,-0.0030363,0.00097017,0.0040226,0.00097017,-0.0030363,0.0034931,0.78969,1.28,1.421,1.4127,1.3641,1.313,1.2677,1.2286,1.1952,1.1665,1.1422,1.1216,1.1042,1.0895,1.0771,1.0666,1.0577,1.0502,1.0438,1.0383,1.0337,1.0298,1.0265,1.0236,1.0212,1.0192,1.0175,1.016,1.0149,1.0139,1.0132,1.0127,1.0124,1.0123
1.014,1.0141,1.0145,1.0151,1.0159,1.0169,1.0182,1.0198,1.0217,1.024,1.0267,1.0299,1.0336,1.038,1.0432,1.0492,1.0564,1.0648,1.0747,1.0864,1.1002,1.1166,1.136,1.159,1.1862,1.2183,1.256,1.2999,1.3497,1.4007,1.4327,1.3884,1.1555,0.6256,-0.0021535,0.0018036,-0.0010102,-0.0013385,-0.0010102,0.0018036,-0.0021535,0.6256,1.1555,1.3884,1.4327,1.4007,1.3497,1.2999,1.256,1.2183,1.1862,1.159,1.136,1.1166,1.1002,1.0864,1.0747,1.0648,1.0564,1.0492,1.0432,1.038,1.0336,1.0299,1.0267,1.024,1.0217,1.0198,1.0182,1.0169,1.0159,1.0151,1.0145,1.0141,1.014
1.0157,1.0159,1.0163,1.0169,1.0178,1.019,1.0204,1.0222,1.0243,1.0268,1.0298,1.0333,1.0374,1.0422,1.0479,1.0545,1.0624,1.0715,1.0824,1.0952,1.1103,1.1282,1.1493,1.1744,1.204,1.2388,1.2794,1.3258,1.3757,1.4189,1.4259,1.3327,1.0475,0.53997,-0.0024374,4.7934e-05,0.0013124,-0.0029208,0.0013124,4.7934e-05,-0.0024374,0.53997,1.0475,1.3327,1.4259,1.4189,1.3757,1.3258,1.2794,1.2388,1.204,1.1744,1.1493,1.1282,1.1103,1.0952,1.0824,1.0715,1.0624,1.0545,1.0479,1.0422,1.0374,1.0333,1.0298,1.0268,1.0243,1.0222,1.0204,1.019,1.0178,1.0169,1.0163,1.0159,1.0157
1.0174,1.0176,1.0181,1.0188,1.0197,1.021,1.0226,1.0245,1.0268,1.0296,1.0328,1.0366,1.0411,1.0463,1.0524,1.0596,1.068,1.0779,1.0896,1.1033,1.1196,1.1387,1.1613,1.188,1.2194,1.256,1.2981,1.3448,1.391,1.4218,1.4012,1.2663,0.94864,0.47048,0.052279,-0.0013001,-0.00017197,7.7455e-05,-0.00017197,-0.0013001,0.052279,0.47048,0.94864,1.2663,1.4012,1.4218,1.391,1.3448,1.2981,1.256,1.2194,1.188,1.1613,1.1387,1.1196,1.1033,1.0896,1.0779,1.068,1.0596,1.0524,1.0463,1.0411,1.0366,1.0328,1.0296,1.0268,1.0245,1.0226,1.021,1.0197,1.0188,1.0181,1.0176,1.0174
1.0191,1.0193,1.0198,1.0206,1.0216,1.023,1.0247,1.0268,1.0293,1.0322,1.0357,1.0398,1.0445,1.0501,1.0567,1.0644,1.0733,1.0839,1.0962,1.1108,1.1279,1.1481,1.1718,1.1997,1.2323,1.2699,1.3124,1.3574,1.3975,1.4136,1.3675,1.2021,0.87476,0.44549,0.10526,-0.015478,-0.00038354,-0.0034371,-0.00038354,-0.015478,0.10526,0.44549,0.87476,1.2021,1.3675,1.4136,1.3975,1.3574,1.3124,1.2699,1.2323,1.1997,1.1718,1.1481,1.1279,1.1108,1.0962,1.0839,1.0733,1.0644,1.0567,1.0501,1.0445,1.0398,1.0357,1.0322,1.0293,1.0268,1.0247,1.023,1.0216,1.0206,1.0198,1.0193,1.0191
1.0208,1.021,1.0215,1.0224,1.0235,1.0249,1.0268,1.029,1.0316,1.0347,1.0384,1.0428,1.0478,1.0537,1.0607,1.0687,1.0782,1.0893,1.1022,1.1174,1.1353,1.1562,1.1808,1.2095,1.2427,1.2806,1.3224,1.3643,1.3969,1.3985,1.331,1.1465,0.82531,0.44476,0.15031,0.0062459,-0.028108,-0.037364,-0.028108,0.0062459,0.15031,0.44476,0.82531,1.1465,1.331,1.3985,1.3969,1.3643,1.3224,1.2806,1.2427,1.2095,1.1808,1.1562,1.1353,1.1174,1.1022,1.0893,1.0782,1.0687,1.0607,1.0537,1.0478,1.0428,1.0384,1.0347,1.0316,1.029,1.0268,1.0249,1.0235,1.0224,1.0215,1.021,1.0208
1.0224,1.0227,1.0232,1.0241,1.0253,1.0268,1.0287,1.031,1.0338,1.0371,1.041,1.0456,1.0509,1.0571,1.0643,1.0727,1.0826,1.0941,1.1075,1.1232,1.1416,1.1631,1.1882,1.2174,1.2508,1.2884,1.3286,1.3667,1.3912,1.3794,1.2952,1.1004,0.79306,0.45169,0.18278,0.024328,-0.044718,-0.064408,-0.044718,0.024328,0.18278,0.45169,0.79306,1.1004,1.2952,1.3794,1.3912,1.3667,1.3286,1.2884,1.2508,1.2174,1.1882,1.1631,1.1416,1.1232,1.1075,1.0941,1.0826,1.0727,1.0643,1.0571,1.0509,1.0456,1.041,1.0371,1.0338,1.031,1.0287,1.0268,1.0253,1.0241,1.0232,1.0227,1.0224
1.024,1.0242,1.0248,1.0257,1.0269,1.0286,1.0306,1.033,1.0359,1.0393,1.0434,1.0481,1.0536,1.0601,1.0676,1.0763,1.0864,1.0983,1.1121,1.1282,1.1469,1.1688,1.1942,1.2235,1.2568,1.2936,1.3317,1.3654,1.382,1.3584,1.2616,1.0627,0.77142,0.45945,0.2059,0.038892,-0.049572,-0.077024,-0.049572,0.038892,0.2059,0.45945,0.77142,1.0627,1.2616,1.3584,1.382,1.3654,1.3317,1.2936,1.2568,1.2235,1.1942,1.1688,1.1469,1.1282,1.1121,1.0983,1.0864,1.0763,1.0676,1.0601,1.0536,1.0481,1.0434,1.0393,1.0359,1.033,1.0306,1.0286,1.0269,1.0257,1.0248,1.0242,1.024
1.0254,1.0257,1.0263,1.0272,1.0285,1.0302,1.0323,1.0348,1.0378,1.0414,1.0456,1.0505,1.0562,1.0628,1.0705,1.0794,1.0898,1.1019,1.1159,1.1323,1.1513,1.1733,1.1988,1.2279,1.2608,1.2964,1.3321,1.3612,1.3703,1.3366,1.2308,1.0319,0.75616,0.46637,0.22367,0.052753,-0.04568,-0.077633,-0.04568,0.052753,0.22367,0.46637,0.75616,1.0319,1.2308,1.3366,1.3703,1.3612,1.3321,1.2964,1.2608,1.2279,1.1988,1.1733,1.1513,1.1323,1.1159,1.1019,1.0898,1.0794,1.0705,1.0628,1.0562,1.0505,1.0456,1.0414,1.0378,1.0348,1.0323,1.0302,1.0285,1.0272,1.0263,1.0257,1.0254
1.0268,1.0271,1.0277,1.0287,1.03,1.0317,1.0339,1.0365,1.0396,1.0432,1.0475,1.0525,1.0584,1.0651,1.073,1.0821,1.0926,1.1049,1.1191,1.1356,1.1547,1.1767,1.2021,1.231,1.2631,1.2973,1.3303,1.3548,1.3569,1.3148,1.2028,1.0063,0.74493,0.47259,0.23889,0.067382,-0.035595,-0.069814,-0.035595,0.067382,0.23889,0.47259,0.74493,1.0063,1.2028,1.3148,1.3569,1.3548,1.3303,1.2973,1.2631,1.231,1.2021,1.1767,1.1547,1.1356,1.1191,1.1049,1.0926,1.0821,1.073,1.0651,1.0584,1.0525,1.0475,1.0432,1.0396,1.0365,1.0339,1.0317,1.03,1.0287,1.0277,1.0271,1.0268
1.0281,1.0283,1.029,1.03,1.0313,1.0331,1.0353,1.038,1.0412,1.0449,1.0493,1.0544,1.0603,1.0672,1.0751,1.0843,1.095,1.1073,1.1216,1.1381,1.1572,1.1792,1.2043,1.2327,1.264,1.2966,1.3268,1.3468,1.3425,1.2935,1.1775,0.98495,0.73651,0.47858,0.25313,0.083252,-0.021163,-0.056311,-0.021163,0.083252,0.25313,0.47858,0.73651,0.98495,1.1775,1.2935,1.3425,1.3468,1.3268,1.2966,1.264,1.2327,1.2043,1.1792,1.1572,1.1381,1.1216,1.1073,1.095,1.0843,1.0751,1.0672,1.0603,1.0544,1.0493,1.0449,1.0412,1.038,1.0353,1.0331,1.0313,1.03,1.029,1.0283,1.0281
1.0292,1.0295,1.0302,1.0312,1.0326,1.0344,1.0366,1.0393,1.0425,1.0463,1.0508,1.056,1.0619,1.0689,1.0769,1.0862,1.0969,1.1092,1.1235,1.14,1.159,1.1808,1.2056,1.2334,1.2636,1.2945,1.3219,1.3375,1.3277,1.2731,1.1548,0.967,0.73024,0.48473,0.26719,0.10036,-0.0036869,-0.038983,-0.0036869,0.10036,0.26719,0.48473,0.73024,0.967,1.1548,1.2731,1.3277,1.3375,1.3219,1.2945,1.2636,1.2334,1.2056,1.1808,1.159,1.14,1.1235,1.1092,1.0969,1.0862,1.0769,1.0689,1.0619,1.056,1.0508,1.0463,1.0425,1.0393,1.0366,1.0344,1.0326,1.0312,1.0302,1.0295,1.0292
1.0302,1.0305,1.0312,1.0322,1.0337,1.0355,1.0378,1.0405,1.0438,1.0476,1.0521,1.0573,1.0633,1.0703,1.0783,1.0876,1.0983,1.1106,1.1248,1.1412,1.16,1.1816,1.2059,1.2331,1.2622,1.2913,1.3158,1.3274,1.3126,1.2537,1.1344,0.95184,0.7257,0.49128,0.28144,0.11851,0.015906,-0.019079,0.015906,0.11851,0.28144,0.49128,0.7257,0.95184,1.1344,1.2537,1.3126,1.3274,1.3158,1.2913,1.2622,1.2331,1.2059,1.1816,1.16,1.1412,1.1248,1.1106,1.0983,1.0876,1.0783,1.0703,1.0633,1.0573,1.0521,1.0476,1.0438,1.0405,1.0378,1.0355,1.0337,1.0322,1.0312,1.0305,1.0302
1.0312,1.0315,1.0321,1.0332,1.0346,1.0365,1.0387,1.0415,1.0448,1.0486,1.0531,1.0584,1.0644,1.0714,1.0794,1.0886,1.0993,1.1116,1.1257,1.1419,1.1605,1.1817,1.2056,1.232,1.2599,1.2872,1.309,1.3168,1.2978,1.2354,1.1162,0.93902,0.72263,0.49832,0.29599,0.13747,0.036947,0.0025491,0.036947,0.13747,0.29599,0.49832,0.72263,0.93902,1.1162,1.2354,1.2978,1.3168,1.309,1.2872,1.2599,1.232,1.2056,1.1817,1.1605,1.1419,1.1257,1.1116,1.0993,1.0886,1.0794,1.0714,1.0644,1.0584,1.0531,1.0486,1.0448,1.0415,1.0387,1.0365,1.0346,1.0332,1.0321,1.0315,1.0312
1.032,1.0323,1.0329,1.034,1.0354,1.0373,1.0396,1.0423,1.0456,1.0495,1.054,1.0592,1.0652,1.0722,1.0802,1.0894,1.0999,1.1121,1.1261,1.1421,1.1604,1.1813,1.2046,1.2302,1.2569,1.2823,1.3015,1.306,1.2832,1.2183,1.0998,0.92818,0.72081,0.50586,0.31083,0.157,0.058942,0.025297,0.058942,0.157,0.31083,0.50586,0.72081,0.92818,1.0998,1.2183,1.2832,1.306,1.3015,1.2823,1.2569,1.2302,1.2046,1.1813,1.1604,1.1421,1.1261,1.1121,1.0999,1.0894,1.0802,1.0722,1.0652,1.0592,1.054,1.0495,1.0456,1.0423,1.0396,1.0373,1.0354,1.034,1.0329,1.0323,1.032
1.0326,1.0329,1.0336,1.0347,1.0361,1.0379,1.0402,1.043,1.0463,1.0501,1.0546,1.0598,1.0658,1.0727,1.0806,1.0898,1.1002,1.1123,1.1261,1.1419,1.1599,1.1803,1.2031,1.2279,1.2534,1.277,1.2937,1.295,1.2691,1.2024,1.0852,0.91903,0.72007,0.51385,0.32591,0.17688,0.081517,0.048727,0.081517,0.17688,0.32591,0.51385,0.72007,0.91903,1.0852,1.2024,1.2691,1.295,1.2937,1.277,1.2534,1.2279,1.2031,1.1803,1.1599,1.1419,1.1261,1.1123,1.1002,1.0898,1.0806,1.0727,1.0658,1.0598,1.0546,1.0501,1.0463,1.043,1.0402,1.0379,1.0361,1.0347,1.0336,1.0329,1.0326
1.0332,1.0335,1.0342,1.0352,1.0366,1.0385,1.0408,1.0435,1.0468,1.0506,1.0551,1.0602,1.0662,1.073,1.0809,1.0899,1.1002,1.1121,1.1257,1.1413,1.159,1.179,1.2012,1.2251,1.2494,1.2713,1.2856,1.2841,1.2556,1.1877,1.0722,0.91134,0.72025,0.52223,0.34114,0.19695,0.10439,0.072511,0.10439,0.19695,0.34114,0.52223,0.72025,0.91134,1.0722,1.1877,1.2556,1.2841,1.2856,1.2713,1.2494,1.2251,1.2012,1.179,1.159,1.1413,1.1257,1.1121,1.1002,1.0899,1.0809,1.073,1.0662,1.0602,1.0551,1.0506,1.0468,1.0435,1.0408,1.0385,1.0366,1.0352,1.0342,1.0335,1.0332
1.0336,1.0339,1.0346,1.0356,1.037,1.0389,1.0411,1.0439,1.0471,1.0509,1.0553,1.0604,1.0663,1.0731,1.0808,1.0897,1.1,1.1117,1.1251,1.1404,1.1578,1.1773,1.1989,1.222,1.2451,1.2653,1.2774,1.2735,1.2427,1.1741,1.0606,0.9049,0.72121,0.53092,0.35643,0.21704,0.12734,0.096403,0.12734,0.21704,0.35643,0.53092,0.72121,0.9049,1.0606,1.1741,1.2427,1.2735,1.2774,1.2653,1.2451,1.222,1.1989,1.1773,1.1578,1.1404,1.1251,1.1117,1.1,1.0897,1.0808,1.0731,1.0663,1.0604,1.0553,1.0509,1.0471,1.0439,1.0411,1.0389,1.037,1.0356,1.0346,1.0339,1.0336
1.0339,1.0342,1.0349,1.0359,1.0373,1.0391,1.0414,1.0441,1.0473,1.051,1.0554,1.0605,1.0663,1.0729,1.0806,1.0894,1.0995,1.111,1.1242,1.1392,1.1563,1.1754,1.1964,1.2186,1.2405,1.2591,1.2693,1.263,1.2305,1.1615,1.0502,0.89954,0.72282,0.53984,0.3717,0.23704,0.15019,0.12021,0.15019,0.23704,0.3717,0.53984,0.72282,0.89954,1.0502,1.1615,1.2305,1.263,1.2693,1.2591,1.2405,1.2186,1.1964,1.1754,1.1563,1.1392,1.1242,1.111,1.0995,1.0894,1.0806,1.0729,1.0663,1.0605,1.0554,1.051,1.0473,1.0441,1.0414,1.0391,1.0373,1.0359,1.0349,1.0342,1.0339
1.0341,1.0344,1.0351,1.0361,1.0375,1.0393,1.0415,1.0442,1.0473,1.051,1.0553,1.0603,1.066,1.0726,1.0802,1.0888,1.0988,1.1101,1.1231,1.1378,1.1545,1.1732,1.1936,1.215,1.2358,1.2529,1.2612,1.253,1.2189,1.1499,1.0409,0.89513,0.72498,0.54891,0.38687,0.25683,0.17282,0.14379,0.17282,0.25683,0.38687,0.54891,0.72498,0.89513,1.0409,1.1499,1.2189,1.253,1.2612,1.2529,1.2358,1.215,1.1936,1.1732,1.1545,1.1378,1.1231,1.1101,1.0988,1.0888,1.0802,1.0726,1.066,1.0603,1.0553,1.051,1.0473,1.0442,1.0415,1.0393,1.0375,1.0361,1.0351,1.0344,1.0341
1.0342,1.0345,1.0351,1.0361,1.0375,1.0393,1.0415,1.0441,1.0472,1.0509,1.0551,1.06,1.0657,1.0722,1.0796,1.0881,1.0979,1.109,1.1218,1.1363,1.1527,1.1709,1.1907,1.2113,1.2311,1.2467,1.2532,1.2433,1.2081,1.1392,1.0326,0.89152,0.72758,0.55808,0.40189,0.27633,0.19511,0.16703,0.19511,0.27633,0.40189,0.55808,0.72758,0.89152,1.0326,1.1392,1.2081,1.2433,1.2532,1.2467,1.2311,1.2113,1.1907,1.1709,1.1527,1.1363,1.1218,1.109,1.0979,1.0881,1.0796,1.0722,1.0657,1.06,1.0551,1.0509,1.0472,1.0441,1.0415,1.0393,1.0375,1.0361,1.0351,1.0345,1.0342
1.0341,1.0344,1.0351,1.0361,1.0374,1.0392,1.0413,1.0439,1.047,1.0506,1.0548,1.0596,1.0652,1.0716,1.0789,1.0873,1.0969,1.1078,1.1204,1.1346,1.1507,1.1685,1.1877,1.2076,1.2262,1.2405,1.2455,1.234,1.1978,1.1294,1.0252,0.88861,0.73056,0.56727,0.41669,0.29549,0.21699,0.18984,0.21699,0.29549,0.41669,0.56727,0.73056,0.88861,1.0252,1.1294,1.1978,1.234,1.2455,1.2405,1.2262,1.2076,1.1877,1.1685,1.1507,1.1346,1.1204,1.1078,1.0969,1.0873,1.0789,1.0716,1.0652,1.0596,1.0548,1.0506,1.047,1.0439,1.0413,1.0392,1.0374,1.0361,1.0351,1.0344,1.0341
1.034,1.0343,1.035,1.0359,1.0373,1.039,1.0411,1.0437,1.0467,1.0502,1.0543,1.0591,1.0646,1.0708,1.078,1.0863,1.0957,1.1065,1.1188,1.1328,1.1486,1.166,1.1847,1.2038,1.2214,1.2345,1.238,1.2251,1.1882,1.1204,1.0186,0.8863,0.73382,0.57645,0.43124,0.31424,0.2384,0.21215,0.2384,0.31424,0.43124,0.57645,0.73382,0.8863,1.0186,1.1204,1.1882,1.2251,1.238,1.2345,1.2214,1.2038,1.1847,1.166,1.1486,1.1328,1.1188,1.1065,1.0957,1.0863,1.078,1.0708,1.0646,1.0591,1.0543,1.0502,1.0467,1.0437,1.0411,1.039,1.0373,1.0359,1.035,1.0343,1.034
1.0338,1.0341,1.0347,1.0357,1.037,1.0387,1.0408,1.0433,1.0463,1.0497,1.0538,1.0584,1.0638,1.07,1.0771,1.0852,1.0945,1.1051,1.1172,1.131,1.1464,1.1634,1.1816,1.2,1.2167,1.2285,1.2307,1.2167,1.1793,1.1121,1.0127,0.88452,0.73732,0.58557,0.4455,0.33255,0.25929,0.23393,0.25929,0.33255,0.4455,0.58557,0.73732,0.88452,1.0127,1.1121,1.1793,1.2167,1.2307,1.2285,1.2167,1.2,1.1816,1.1634,1.1464,1.131,1.1172,1.1051,1.0945,1.0852,1.0771,1.07,1.0638,1.0584,1.0538,1.0497,1.0463,1.0433,1.0408,1.0387,1.037,1.0357,1.0347,1.0341,1.0338
1.0335,1.0338,1.0344,1.0354,1.0366,1.0383,1.0403,1.0428,1.0457,1.0492,1.0531,1.0577,1.063,1.0691,1.0761,1.084,1.0932,1.1037,1.1156,1.1291,1.1442,1.1608,1.1785,1.1962,1.212,1.2228,1.2237,1.2087,1.1708,1.1045,1.0074,0.88318,0.741,0.59458,0.45943,0.35039,0.27963,0.25512,0.27963,0.35039,0.45943,0.59458,0.741,0.88318,1.0074,1.1045,1.1708,1.2087,1.2237,1.2228,1.212,1.1962,1.1785,1.1608,1.1442,1.1291,1.1156,1.1037,1.0932,1.084,1.0761,1.0691,1.063,1.0577,1.0531,1.0492,1.0457,1.0428,1.0403,1.0383,1.0366,1.0354,1.0344,1.0338,1.0335
1.0331,1.0334,1.034,1.0349,1.0362,1.0378,1.0398,1.0423,1.0451,1.0485,1.0524,1.0569,1.0621,1.0681,1.075,1.0828,1.0918,1.1022,1.1139,1.1272,1.142,1.1583,1.1754,1.1925,1.2074,1.2171,1.217,1.2011,1.1629,1.0974,1.0027,0.88222,0.74481,0.60348,0.47303,0.36775,0.2994,0.27572,0.2994,0.36775,0.47303,0.60348,0.74481,0.88222,1.0027,1.0974,1.1629,1.2011,1.217,1.2171,1.2074,1.1925,1.1754,1.1583,1.142,1.1272,1.1139,1.1022,1.0918,1.0828,1.075,1.0681,1.0621,1.0569,1.0524,1.0485,1.0451,1.0423,1.0398,1.0378,1.0362,1.0349,1.034,1.0334,1.0331
1.0326,1.0329,1.0335,1.0344,1.0357,1.0373,1.0393,1.0416,1.0445,1.0478,1.0516,1.056,1.0612,1.0671,1.0738,1.0816,1.0905,1.1006,1.1122,1.1252,1.1398,1.1557,1.1724,1.1888,1.203,1.2117,1.2106,1.1938,1.1556,1.0909,0.9985,0.88159,0.74871,0.61222,0.48627,0.3846,0.31858,0.2957,0.31858,0.3846,0.48627,0.61222,0.74871,0.88159,0.9985,1.0909,1.1556,1.1938,1.2106,1.2117,1.203,1.1888,1.1724,1.1557,1.1398,1.1252,1.1122,1.1006,1.0905,1.0816,1.0738,1.0671,1.0612,1.056,1.0516,1.0478,1.0445,1.0416,1.0393,1.0373,1.0357,1.0344,1.0335,1.0329,1.0326
1.0321,1.0324,1.033,1.0339,1.0351,1.0367,1.0386,1.041,1.0437,1.047,1.0507,1.0551,1.0602,1.066,1.0726,1.0803,1.089,1.0991,1.1104,1.1233,1.1376,1.1532,1.1694,1.1852,1.1986,1.2065,1.2044,1.187,1.1486,1.085,0.99471,0.88125,0.75268,0.6208,0.49915,0.40094,0.33717,0.31506,0.33717,0.40094,0.49915,0.6208,0.75268,0.88125,0.99471,1.085,1.1486,1.187,1.2044,1.2065,1.1986,1.1852,1.1694,1.1532,1.1376,1.1233,1.1104,1.0991,1.089,1.0803,1.0726,1.066,1.0602,1.0551,1.0507,1.047,1.0437,1.041,1.0386,1.0367,1.0351,1.0339,1.033,1.0324,1.0321
1.0315,1.0318,1.0324,1.0333,1.0345,1.036,1.0379,1.0402,1.0429,1.0461,1.0498,1.0542,1.0591,1.0648,1.0714,1.079,1.0876,1.0975,1.1087,1.1214,1.1355,1.1507,1.1665,1.1818,1.1944,1.2014,1.1985,1.1805,1.1421,1.0794,0.99132,0.88115,0.75668,0.62919,0.51166,0.41678,0.35516,0.3338,0.35516,0.41678,0.51166,0.62919,0.75668,0.88115,0.99132,1.0794,1.1421,1.1805,1.1985,1.2014,1.1944,1.1818,1.1665,1.1507,1.1355,1.1214,1.1087,1.0975,1.0876,1.079,1.0714,1.0648,1.0591,1.0542,1.0498,1.0461,1.0429,1.0402,1.0379,1.036,1.0345,1.0333,1.0324,1.0318,1.0315
1.0309,1.0312,1.0317,1.0326,1.0338,1.0353,1.0372,1.0394,1.0421,1.0452,1.0489,1.0531,1.058,1.0637,1.0702,1.0776,1.0862,1.0959,1.107,1.1195,1.1334,1.1483,1.1637,1.1784,1.1903,1.1965,1.1929,1.1744,1.1361,1.0743,0.98828,0.88125,0.7607,0.63739,0.52379,0.43211,0.37257,0.35193,0.37257,0.43211,0.52379,0.63739,0.7607,0.88125,0.98828,1.0743,1.1361,1.1744,1.1929,1.1965,1.1903,1.1784,1.1637,1.1483,1.1334,1.1195,1.107,1.0959,1.0862,1.0776,1.0702,1.0637,1.058,1.0531,1.0489,1.0452,1.0421,1.0394,1.0372,1.0353,1.0338,1.0326,1.0317,1.0312,1.0309
1.0302,1.0305,1.031,1.0319,1.0331,1.0345,1.0364,1.0386,1.0412,1.0443,1.0479,1.0521,1.0569,1.0625,1.0689,1.0763,1.0847,1.0944,1.1054,1.1177,1.1313,1.1459,1.1609,1.1751,1.1864,1.1919,1.1875,1.1685,1.1304,1.0696,0.98554,0.88153,0.7647,0.6454,0.53556,0.44694,0.38939,0.36944,0.38939,0.44694,0.53556,0.6454,0.7647,0.88153,0.98554,1.0696,1.1304,1.1685,1.1875,1.1919,1.1864,1.1751,1.1609,1.1459,1.1313,1.1177,1.1054,1.0944,1.0847,1.0763,1.0689,1.0625,1.0569,1.0521,1.0479,1.0443,1.0412,1.0386,1.0364,1.0345,1.0331,1.0319,1.031,1.0305,1.0302
1.0294,1.0297,1.0303,1.0311,1.0323,1.0337,1.0356,1.0377,1.0403,1.0434,1.0469,1.0511,1.0558,1.0613,1.0677,1.075,1.0833,1.0929,1.1037,1.1159,1.1293,1.1437,1.1583,1.1719,1.1826,1.1874,1.1824,1.163,1.125,1.0652,0.98309,0.88196,0.76869,0.6532,0.54696,0.46128,0.40564,0.38636,0.40564,0.46128,0.54696,0.6532,0.76869,0.88196,0.98309,1.0652,1.125,1.163,1.1824,1.1874,1.1826,1.1719,1.1583,1.1437,1.1293,1.1159,1.1037,1.0929,1.0833,1.075,1.0677,1.0613,1.0558,1.0511,1.0469,1.0434,1.0403,1.0377,1.0356,1.0337,1.0323,1.0311,1.0303,1.0297,1.0294
1.0287,1.029,1.0295,1.0303,1.0315,1.0329,1.0347,1.0368,1.0394,1.0424,1.0459,1.05,1.0547,1.0602,1.0664,1.0737,1.0819,1.0914,1.1021,1.1141,1.1274,1.1414,1.1557,1.1689,1.1789,1.1831,1.1775,1.1578,1.1199,1.0611,0.98088,0.88251,0.77264,0.6608,0.558,0.47513,0.42134,0.4027,0.42134,0.47513,0.558,0.6608,0.77264,0.88251,0.98088,1.0611,1.1199,1.1578,1.1775,1.1831,1.1789,1.1689,1.1557,1.1414,1.1274,1.1141,1.1021,1.0914,1.0819,1.0737,1.0664,1.0602,1.0547,1.05,1.0459,1.0424,1.0394,1.0368,1.0347,1.0329,1.0315,1.0303,1.0295,1.029,1.0287
1.0279,1.0282,1.0287,1.0295,1.0306,1.0321,1.0338,1.0359,1.0385,1.0414,1.0449,1.0489,1.0536,1.059,1.0652,1.0724,1.0806,1.0899,1.1006,1.1124,1.1255,1.1393,1.1532,1.1659,1.1754,1.1789,1.1728,1.1528,1.1152,1.0573,0.97889,0.88317,0.77655,0.66819,0.56869,0.48852,0.43649,0.41846,0.43649,0.48852,0.56869,0.66819,0.77655,0.88317,0.97889,1.0573,1.1152,1.1528,1.1728,1.1789,1.1754,1.1659,1.1532,1.1393,1.1255,1.1124,1.1006,1.0899,1.0806,1.0724,1.0652,1.059,1.0536,1.0489,1.0449,1.0414,1.0385,1.0359,1.0338,1.0321,1.0306,1.0295,1.0287,1.0282,1.0279
1.0271,1.0273,1.0279,1.0287,1.0298,1.0312,1.0329,1.035,1.0375,1.0404,1.0439,1.0479,1.0525,1.0578,1.064,1.0711,1.0792,1.0885,1.099,1.1108,1.1236,1.1372,1.1507,1.163,1.172,1.1749,1.1683,1.1481,1.1107,1.0537,0.9771,0.88392,0.7804,0.67538,0.57903,0.50145,0.45112,0.43368,0.45112,0.50145,0.57903,0.67538,0.7804,0.88392,0.9771,1.0537,1.1107,1.1481,1.1683,1.1749,1.172,1.163,1.1507,1.1372,1.1236,1.1108,1.099,1.0885,1.0792,1.0711,1.064,1.0578,1.0525,1.0479,1.0439,1.0404,1.0375,1.035,1.0329,1.0312,1.0298,1.0287,1.0279,1.0273,1.0271
1.0262,1.0265,1.027,1.0278,1.0289,1.0303,1.032,1.0341,1.0365,1.0394,1.0428,1.0468,1.0514,1.0567,1.0628,1.0698,1.0779,1.0871,1.0976,1.1092,1.1219,1.1352,1.1484,1.1602,1.1687,1.1711,1.164,1.1436,1.1065,1.0504,0.97549,0.88474,0.7842,0.68237,0.58904,0.51394,0.46523,0.44836,0.46523,0.51394,0.58904,0.68237,0.7842,0.88474,0.97549,1.0504,1.1065,1.1436,1.164,1.1711,1.1687,1.1602,1.1484,1.1352,1.1219,1.1092,1.0976,1.0871,1.0779,1.0698,1.0628,1.0567,1.0514,1.0468,1.0428,1.0394,1.0365,1.0341,1.032,1.0303,1.0289,1.0278,1.027,1.0265,1.0262
1.0253,1.0256,1.0262,1.0269,1.028,1.0294,1.0311,1.0331,1.0356,1.0384,1.0418,1.0457,1.0503,1.0555,1.0616,1.0686,1.0766,1.0858,1.0961,1.1076,1.1201,1.1332,1.1461,1.1576,1.1655,1.1674,1.1599,1.1393,1.1025,1.0473,0.97404,0.88563,0.78794,0.68915,0.59873,0.526,0.47886,0.46253,0.47886,0.526,0.59873,0.68915,0.78794,0.88563,0.97404,1.0473,1.1025,1.1393,1.1599,1.1674,1.1655,1.1576,1.1461,1.1332,1.1201,1.1076,1.0961,1.0858,1.0766,1.0686,1.0616,1.0555,1.0503,1.0457,1.0418,1.0384,1.0356,1.0331,1.0311,1.0294,1.028,1.0269,1.0262,1.0256,1.0253
1.0245,1.0247,1.0253,1.026,1.0271,1.0285,1.0301,1.0322,1.0346,1.0374,1.0408,1.0447,1.0492,1.0544,1.0605,1.0674,1.0754,1.0845,1.0948,1.1061,1.1185,1.1313,1.1439,1.155,1.1625,1.1639,1.156,1.1352,1.0987,1.0444,0.97274,0.88657,0.79161,0.69575,0.6081,0.53766,0.49201,0.4762,0.49201,0.53766,0.6081,0.69575,0.79161,0.88657,0.97274,1.0444,1.0987,1.1352,1.156,1.1639,1.1625,1.155,1.1439,1.1313,1.1185,1.1061,1.0948,1.0845,1.0754,1.0674,1.0605,1.0544,1.0492,1.0447,1.0408,1.0374,1.0346,1.0322,1.0301,1.0285,1.0271,1.026,1.0253,1.0247,1.0245
1.0236,1.0239,1.0244,1.0252,1.0262,1.0275,1.0292,1.0312,1.0336,1.0364,1.0398,1.0436,1.0481,1.0533,1.0593,1.0663,1.0742,1.0832,1.0934,1.1047,1.1169,1.1295,1.1418,1.1525,1.1595,1.1605,1.1522,1.1313,1.0951,1.0417,0.97156,0.88756,0.79521,0.70216,0.61717,0.54891,0.5047,0.48939,0.5047,0.54891,0.61717,0.70216,0.79521,0.88756,0.97156,1.0417,1.0951,1.1313,1.1522,1.1605,1.1595,1.1525,1.1418,1.1295,1.1169,1.1047,1.0934,1.0832,1.0742,1.0663,1.0593,1.0533,1.0481,1.0436,1.0398,1.0364,1.0336,1.0312,1.0292,1.0275,1.0262,1.0252,1.0244,1.0239,1.0236
1.0227,1.023,1.0235,1.0242,1.0253,1.0266,1.0283,1.0303,1.0326,1.0354,1.0387,1.0426,1.0471,1.0522,1.0582,1.0651,1.073,1.082,1.0921,1.1033,1.1153,1.1277,1.1398,1.15,1.1567,1.1572,1.1486,1.1276,1.0917,1.0391,0.9705,0.88858,0.79875,0.70839,0.62595,0.55979,0.51695,0.50213,0.51695,0.55979,0.62595,0.70839,0.79875,0.88858,0.9705,1.0391,1.0917,1.1276,1.1486,1.1572,1.1567,1.15,1.1398,1.1277,1.1153,1.1033,1.0921,1.082,1.073,1.0651,1.0582,1.0522,1.0471,1.0426,1.0387,1.0354,1.0326,1.0303,1.0283,1.0266,1.0253,1.0242,1.0235,1.023,1.0227
1.0218,1.0221,1.0226,1.0233,1.0244,1.0257,1.0273,1.0293,1.0317,1.0345,1.0377,1.0416,1.046,1.0512,1.0572,1.064,1.0719,1.0808,1.0909,1.1019,1.1138,1.126,1.1378,1.1477,1.1539,1.154,1.1451,1.1241,1.0884,1.0367,0.96954,0.88963,0.80221,0.71443,0.63445,0.5703,0.52879,0.51443,0.52879,0.5703,0.63445,0.71443,0.80221,0.88963,0.96954,1.0367,1.0884,1.1241,1.1451,1.154,1.1539,1.1477,1.1378,1.126,1.1138,1.1019,1.0909,1.0808,1.0719,1.064,1.0572,1.0512,1.046,1.0416,1.0377,1.0345,1.0317,1.0293,1.0273,1.0257,1.0244,1.0233,1.0226,1.0221,1.0218
1.0209,1.0212,1.0217,1.0224,1.0235,1.0248,1.0264,1.0284,1.0307,1.0335,1.0368,1.0406,1.045,1.0502,1.0561,1.063,1.0708,1.0797,1.0897,1.1006,1.1124,1.1244,1.1358,1.1454,1.1512,1.1509,1.1417,1.1206,1.0853,1.0345,0.96869,0.8907,0.80561,0.72031,0.64268,0.58047,0.54022,0.5263,0.54022,0.58047,0.64268,0.72031,0.80561,0.8907,0.96869,1.0345,1.0853,1.1206,1.1417,1.1509,1.1512,1.1454,1.1358,1.1244,1.1124,1.1006,1.0897,1.0797,1.0708,1.063,1.0561,1.0502,1.045,1.0406,1.0368,1.0335,1.0307,1.0284,1.0264,1.0248,1.0235,1.0224,1.0217,1.0212,1.0209
1.02,1.0203,1.0208,1.0215,1.0226,1.0239,1.0255,1.0274,1.0298,1.0326,1.0358,1.0396,1.044,1.0492,1.0551,1.0619,1.0697,1.0786,1.0885,1.0994,1.111,1.1228,1.1339,1.1432,1.1486,1.148,1.1385,1.1174,1.0824,1.0324,0.96792,0.8918,0.80894,0.72603,0.65065,0.5903,0.55127,0.53778,0.55127,0.5903,0.65065,0.72603,0.80894,0.8918,0.96792,1.0324,1.0824,1.1174,1.1385,1.148,1.1486,1.1432,1.1339,1.1228,1.111,1.0994,1.0885,1.0786,1.0697,1.0619,1.0551,1.0492,1.044,1.0396,1.0358,1.0326,1.0298,1.0274,1.0255,1.0239,1.0226,1.0215,1.0208,1.0203,1.02
1.0191,1.0194,1.0199,1.0206,1.0217,1.023,1.0246,1.0265,1.0289,1.0316,1.0349,1.0387,1.0431,1.0482,1.0541,1.0609,1.0687,1.0775,1.0874,1.0981,1.1096,1.1212,1.1321,1.141,1.1461,1.1451,1.1354,1.1142,1.0796,1.0304,0.96723,0.89291,0.81221,0.73158,0.65837,0.59981,0.56196,0.54887,0.56196,0.59981,0.65837,0.73158,0.81221,0.89291,0.96723,1.0304,1.0796,1.1142,1.1354,1.1451,1.1461,1.141,1.1321,1.1212,1.1096,1.0981,1.0874,1.0775,1.0687,1.0609,1.0541,1.0482,1.0431,1.0387,1.0349,1.0316,1.0289,1.0265,1.0246,1.023,1.0217,1.0206,1.0199,1.0194,1.0191
1.0182,1.0185,1.019,1.0198,1.0208,1.0221,1.0237,1.0256,1.0279,1.0307,1.0339,1.0377,1.0421,1.0472,1.0531,1.0599,1.0677,1.0765,1.0863,1.097,1.1083,1.1197,1.1303,1.1389,1.1437,1.1423,1.1324,1.1112,1.0769,1.0285,0.96661,0.89404,0.81541,0.73699,0.66586,0.60901,0.57229,0.55959,0.57229,0.60901,0.66586,0.73699,0.81541,0.89404,0.96661,1.0285,1.0769,1.1112,1.1324,1.1423,1.1437,1.1389,1.1303,1.1197,1.1083,1.097,1.0863,1.0765,1.0677,1.0599,1.0531,1.0472,1.0421,1.0377,1.0339,1.0307,1.0279,1.0256,1.0237,1.0221,1.0208,1.0198,1.019,1.0185,1.0182
1.0174,1.0176,1.0181,1.0189,1.0199,1.0212,1.0228,1.0247,1.027,1.0298,1.033,1.0368,1.0412,1.0463,1.0522,1.059,1.0667,1.0755,1.0852,1.0958,1.107,1.1182,1.1286,1.1369,1.1413,1.1396,1.1294,1.1083,1.0743,1.0267,0.96607,0.89517,0.81854,0.74224,0.67313,0.61792,0.58228,0.56996,0.58228,0.61792,0.67313,0.74224,0.81854,0.89517,0.96607,1.0267,1.0743,1.1083,1.1294,1.1396,1.1413,1.1369,1.1286,1.1182,1.107,1.0958,1.0852,1.0755,1.0667,1.059,1.0522,1.0463,1.0412,1.0368,1.033,1.0298,1.027,1.0247,1.0228,1.0212,1.0199,1.0189,1.0181,1.0176,1.0174
1.0165,1.0168,1.0173,1.018,1.019,1.0203,1.0219,1.0238,1.0262,1.0289,1.0321,1.0359,1.0403,1.0454,1.0513,1.0581,1.0658,1.0745,1.0842,1.0947,1.1057,1.1168,1.1269,1.1349,1.139,1.137,1.1266,1.1055,1.0719,1.025,0.96558,0.89632,0.82162,0.74736,0.68018,0.62656,0.59196,0.58,0.59196,0.62656,0.68018,0.74736,0.82162,0.89632,0.96558,1.025,1.0719,1.1055,1.1266,1.137,1.139,1.1349,1.1269,1.1168,1.1057,1.0947,1.0842,1.0745,1.0658,1.0581,1.0513,1.0454,1.0403,1.0359,1.0321,1.0289,1.0262,1.0238,1.0219,1.0203,1.019,1.018,1.0173,1.0168,1.0165
1.0157,1.0159,1.0164,1.0172,1.0182,1.0195,1.0211,1.023,1.0253,1.028,1.0313,1.035,1.0394,1.0445,1.0504,1.0572,1.0649,1.0736,1.0832,1.0936,1.1045,1.1154,1.1253,1.133,1.1367,1.1345,1.1239,1.1028,1.0695,1.0234,0.96516,0.89747,0.82463,0.75235,0.68702,0.63493,0.60133,0.58972,0.60133,0.63493,0.68702,0.75235,0.82463,0.89747,0.96516,1.0234,1.0695,1.1028,1.1239,1.1345,1.1367,1.133,1.1253,1.1154,1.1045,1.0936,1.0832,1.0736,1.0649,1.0572,1.0504,1.0445,1.0394,1.035,1.0313,1.028,1.0253,1.023,1.0211,1.0195,1.0182,1.0172,1.0164,1.0159,1.0157
1.0148,1.0151,1.0156,1.0163,1.0173,1.0186,1.0202,1.0221,1.0245,1.0272,1.0304,1.0342,1.0386,1.0437,1.0496,1.0563,1.064,1.0726,1.0822,1.0925,1.1033,1.114,1.1236,1.131,1.1345,1.132,1.1213,1.1002,1.0673,1.0219,0.96479,0.89863,0.82759,0.75721,0.69367,0.64304,0.61041,0.59913,0.61041,0.64304,0.69367,0.75721,0.82759,0.89863,0.96479,1.0219,1.0673,1.1002,1.1213,1.132,1.1345,1.131,1.1236,1.114,1.1033,1.0925,1.0822,1.0726,1.064,1.0563,1.0496,1.0437,1.0386,1.0342,1.0304,1.0272,1.0245,1.0221,1.0202,1.0186,1.0173,1.0163,1.0156,1.0151,1.0148
1.014,1.0143,1.0148,1.0155,1.0165,1.0178,1.0194,1.0213,1.0236,1.0264,1.0296,1.0334,1.0378,1.0429,1.0487,1.0555,1.0631,1.0718,1.0813,1.0915,1.1021,1.1126,1.1221,1.1292,1.1323,1.1296,1.1187,1.0977,1.0651,1.0204,0.96447,0.89979,0.83049,0.76194,0.70013,0.65092,0.61921,0.60826,0.61921,0.65092,0.70013,0.76194,0.83049,0.89979,0.96447,1.0204,1.0651,1.0977,1.1187,1.1296,1.1323,1.1292,1.1221,1.1126,1.1021,1.0915,1.0813,1.0718,1.0631,1.0555,1.0487,1.0429,1.0378,1.0334,1.0296,1.0264,1.0236,1.0213,1.0194,1.0178,1.0165,1.0155,1.0148,1.0143,1.014
1.0132,1.0135,1.014,1.0147,1.0157,1.017,1.0186,1.0205,1.0228,1.0256,1.0288,1.0326,1.037,1.0421,1.0479,1.0547,1.0623,1.0709,1.0803,1.0905,1.101,1.1113,1.1205,1.1274,1.1302,1.1272,1.1162,1.0953,1.0631,1.0191,0.9642,0.90096,0.83334,0.76656,0.70642,0.65857,0.62775,0.61711,0.62775,0.65857,0.70642,0.76656,0.83334,0.90096,0.9642,1.0191,1.0631,1.0953,1.1162,1.1272,1.1302,1.1274,1.1205,1.1113,1.101,1.0905,1.0803,1.0709,1.0623,1.0547,1.0479,1.0421,1.037,1.0326,1.0288,1.0256,1.0228,1.0205,1.0186,1.017,1.0157,1.0147,1.014,1.0135,1.0132
1.0124,1.0127,1.0132,1.0139,1.0149,1.0162,1.0178,1.0197,1.022,1.0248,1.028,1.0318,1.0362,1.0413,1.0471,1.0539,1.0615,1.07,1.0794,1.0895,1.0999,1.11,1.119,1.1256,1.1282,1.1249,1.1138,1.093,1.0611,1.0178,0.96397,0.90213,0.83614,0.77107,0.71253,0.666,0.63604,0.6257,0.63604,0.666,0.71253,0.77107,0.83614,0.90213,0.96397,1.0178,1.0611,1.093,1.1138,1.1249,1.1282,1.1256,1.119,1.11,1.0999,1.0895,1.0794,1.07,1.0615,1.0539,1.0471,1.0413,1.0362,1.0318,1.028,1.0248,1.022,1.0197,1.0178,1.0162,1.0149,1.0139,1.0132,1.0127,1.0124
1.0116,1.0119,1.0124,1.0131,1.0141,1.0154,1.017,1.0189,1.0213,1.024,1.0272,1.031,1.0354,1.0405,1.0464,1.0531,1.0607,1.0692,1.0785,1.0885,1.0988,1.1087,1.1175,1.1238,1.1261,1.1227,1.1114,1.0907,1.0592,1.0165,0.96378,0.9033,0.8389,0.77548,0.71849,0.67322,0.64409,0.63404,0.64409,0.67322,0.71849,0.77548,0.8389,0.9033,0.96378,1.0165,1.0592,1.0907,1.1114,1.1227,1.1261,1.1238,1.1175,1.1087,1.0988,1.0885,1.0785,1.0692,1.0607,1.0531,1.0464,1.0405,1.0354,1.031,1.0272,1.024,1.0213,1.0189,1.017,1.0154,1.0141,1.0131,1.0124,1.0119,1.0116
1.0109,1.0111,1.0116,1.0124,1.0134,1.0147,1.0163,1.0182,1.0205,1.0233,1.0265,1.0303,1.0347,1.0398,1.0456,1.0523,1.0599,1.0684,1.0777,1.0876,1.0977,1.1074,1.116,1.1221,1.1241,1.1205,1.1091,1.0885,1.0573,1.0154,0.96363,0.90447,0.8416,0.77978,0.72429,0.68024,0.65191,0.64213,0.65191,0.68024,0.72429,0.77978,0.8416,0.90447,0.96363,1.0154,1.0573,1.0885,1.1091,1.1205,1.1241,1.1221,1.116,1.1074,1.0977,1.0876,1.0777,1.0684,1.0599,1.0523,1.0456,1.0398,1.0347,1.0303,1.0265,1.0233,1.0205,1.0182,1.0163,1.0147,1.0134,1.0124,1.0116,1.0111,1.0109
1.0101,1.0104,1.0109,1.0116,1.0126,1.0139,1.0155,1.0175,1.0198,1.0225,1.0258,1.0295,1.0339,1.039,1.0449,1.0516,1.0592,1.0676,1.0768,1.0866,1.0966,1.1062,1.1145,1.1203,1.1222,1.1183,1.1069,1.0863,1.0555,1.0143,0.96352,0.90565,0.84426,0.78399,0.72994,0.68707,0.65951,0.65001,0.65951,0.68707,0.72994,0.78399,0.84426,0.90565,0.96352,1.0143,1.0555,1.0863,1.1069,1.1183,1.1222,1.1203,1.1145,1.1062,1.0966,1.0866,1.0768,1.0676,1.0592,1.0516,1.0449,1.039,1.0339,1.0295,1.0258,1.0225,1.0198,1.0175,1.0155,1.0139,1.0126,1.0116,1.0109,1.0104,1.0101
1.0094,1.0097,1.0102,1.0109,1.0119,1.0132,1.0148,1.0167,1.0191,1.0218,1.025,1.0288,1.0332,1.0383,1.0442,1.0509,1.0584,1.0668,1.076,1.0857,1.0955,1.105,1.1131,1.1186,1.1203,1.1162,1.1047,1.0843,1.0538,1.0132,0.96345,0.90682,0.84688,0.7881,0.73545,0.69372,0.66691,0.65766,0.66691,0.69372,0.73545,0.7881,0.84688,0.90682,0.96345,1.0132,1.0538,1.0843,1.1047,1.1162,1.1203,1.1186,1.1131,1.105,1.0955,1.0857,1.076,1.0668,1.0584,1.0509,1.0442,1.0383,1.0332,1.0288,1.025,1.0218,1.0191,1.0167,1.0148,1.0132,1.0119,1.0109,1.0102,1.0097,1.0094
1.0087,1.009,1.0095,1.0102,1.0112,1.0125,1.0141,1.016,1.0184,1.0211,1.0244,1.0282,1.0326,1.0377,1.0435,1.0502,1.0577,1.0661,1.0752,1.0848,1.0945,1.1037,1.1116,1.117,1.1184,1.1141,1.1026,1.0823,1.0522,1.0122,0.96341,0.908,0.84945,0.79213,0.74084,0.70021,0.67411,0.66512,0.67411,0.70021,0.74084,0.79213,0.84945,0.908,0.96341,1.0122,1.0522,1.0823,1.1026,1.1141,1.1184,1.117,1.1116,1.1037,1.0945,1.0848,1.0752,1.0661,1.0577,1.0502,1.0435,1.0377,1.0326,1.0282,1.0244,1.0211,1.0184,1.016,1.0141,1.0125,1.0112,1.0102,1.0095,1.009,1.0087
1.008,1.0083,1.0088,1.0095,1.0105,1.0118,1.0134,1.0154,1.0177,1.0204,1.0237,1.0275,1.0319,1.037,1.0428,1.0495,1.057,1.0653,1.0743,1.0838,1.0934,1.1025,1.1102,1.1153,1.1165,1.1121,1.1005,1.0803,1.0506,1.0113,0.9634,0.90918,0.85199,0.79608,0.74609,0.70653,0.68113,0.67237,0.68113,0.70653,0.74609,0.79608,0.85199,0.90918,0.9634,1.0113,1.0506,1.0803,1.1005,1.1121,1.1165,1.1153,1.1102,1.1025,1.0934,1.0838,1.0743,1.0653,1.057,1.0495,1.0428,1.037,1.0319,1.0275,1.0237,1.0204,1.0177,1.0154,1.0134,1.0118,1.0105,1.0095,1.0088,1.0083,1.008
1.0073,1.0076,1.0081,1.0089,1.0099,1.0112,1.0128,1.0147,1.017,1.0198,1.023,1.0268,1.0312,1.0363,1.0422,1.0488,1.0563,1.0646,1.0735,1.0829,1.0924,1.1013,1.1088,1.1137,1.1147,1.1101,1.0985,1.0784,1.049,1.0104,0.96341,0.91036,0.85449,0.79994,0.75122,0.71269,0.68796,0.67944,0.68796,0.71269,0.75122,0.79994,0.85449,0.91036,0.96341,1.0104,1.049,1.0784,1.0985,1.1101,1.1147,1.1137,1.1088,1.1013,1.0924,1.0829,1.0735,1.0646,1.0563,1.0488,1.0422,1.0363,1.0312,1.0268,1.023,1.0198,1.017,1.0147,1.0128,1.0112,1.0099,1.0089,1.0081,1.0076,1.0073
1.0067,1.007,1.0075,1.0082,1.0092,1.0105,1.0121,1.0141,1.0164,1.0191,1.0224,1.0262,1.0306,1.0357,1.0415,1.0482,1.0556,1.0638,1.0727,1.082,1.0914,1.1001,1.1074,1.1121,1.1128,1.1081,1.0965,1.0765,1.0475,1.0095,0.96346,0.91154,0.85696,0.80373,0.75624,0.71871,0.69463,0.68633,0.69463,0.71871,0.75624,0.80373,0.85696,0.91154,0.96346,1.0095,1.0475,1.0765,1.0965,1.1081,1.1128,1.1121,1.1074,1.1001,1.0914,1.082,1.0727,1.0638,1.0556,1.0482,1.0415,1.0357,1.0306,1.0262,1.0224,1.0191,1.0164,1.0141,1.0121,1.0105,1.0092,1.0082,1.0075,1.007,1.0067
1.0061,1.0063,1.0068,1.0076,1.0086,1.0099,1.0115,1.0134,1.0158,1.0185,1.0218,1.0256,1.03,1.0351,1.0409,1.0475,1.0549,1.0631,1.0719,1.0811,1.0903,1.0989,1.106,1.1105,1.111,1.1062,1.0945,1.0747,1.0461,1.0087,0.96353,0.91271,0.85939,0.80745,0.76115,0.72458,0.70113,0.69305,0.70113,0.72458,0.76115,0.80745,0.85939,0.91271,0.96353,1.0087,1.0461,1.0747,1.0945,1.1062,1.111,1.1105,1.106,1.0989,1.0903,1.0811,1.0719,1.0631,1.0549,1.0475,1.0409,1.0351,1.03,1.0256,1.0218,1.0185,1.0158,1.0134,1.0115,1.0099,1.0086,1.0076,1.0068,1.0063,1.0061
1.0055,1.0057,1.0062,1.007,1.008,1.0093,1.0109,1.0128,1.0152,1.0179,1.0212,1.025,1.0294,1.0345,1.0403,1.0469,1.0543,1.0624,1.0711,1.0802,1.0893,1.0977,1.1046,1.1089,1.1093,1.1043,1.0926,1.073,1.0447,1.0079,0.96363,0.91389,0.86178,0.8111,0.76595,0.73032,0.70748,0.69961,0.70748,0.73032,0.76595,0.8111,0.86178,0.91389,0.96363,1.0079,1.0447,1.073,1.0926,1.1043,1.1093,1.1089,1.1046,1.0977,1.0893,1.0802,1.0711,1.0624,1.0543,1.0469,1.0403,1.0345,1.0294,1.025,1.0212,1.0179,1.0152,1.0128,1.0109,1.0093,1.008,1.007,1.0062,1.0057,1.0055
1.0049,1.0051,1.0056,1.0064,1.0074,1.0087,1.0103,1.0122,1.0146,1.0173,1.0206,1.0244,1.0288,1.0339,1.0397,1.0463,1.0536,1.0617,1.0704,1.0794,1.0883,1.0965,1.1032,1.1073,1.1075,1.1024,1.0907,1.0713,1.0434,1.0072,0.96374,0.91507,0.86415,0.81468,0.77065,0.73593,0.71368,0.70602,0.71368,0.73593,0.77065,0.81468,0.86415,0.91507,0.96374,1.0072,1.0434,1.0713,1.0907,1.1024,1.1075,1.1073,1.1032,1.0965,1.0883,1.0794,1.0704,1.0617,1.0536,1.0463,1.0397,1.0339,1.0288,1.0244,1.0206,1.0173,1.0146,1.0122,1.0103,1.0087,1.0074,1.0064,1.0056,1.0051,1.0049
1.0043,1.0046,1.0051,1.0058,1.0068,1.0081,1.0097,1.0117,1.014,1.0168,1.02,1.0238,1.0282,1.0333,1.0391,1.0457,1.053,1.061,1.0696,1.0785,1.0873,1.0953,1.1018,1.1057,1.1058,1.1006,1.0889,1.0696,1.0421,1.0065,0.96388,0.91624,0.86648,0.81819,0.77526,0.74141,0.71974,0.71227,0.71974,0.74141,0.77526,0.81819,0.86648,0.91624,0.96388,1.0065,1.0421,1.0696,1.0889,1.1006,1.1058,1.1057,1.1018,1.0953,1.0873,1.0785,1.0696,1.061,1.053,1.0457,1.0391,1.0333,1.0282,1.0238,1.02,1.0168,1.014,1.0117,1.0097,1.0081,1.0068,1.0058,1.0051,1.0046,1.0043
1.0038,1.004,1.0045,1.0053,1.0063,1.0076,1.0092,1.0111,1.0135,1.0162,1.0195,1.0233,1.0277,1.0327,1.0385,1.0451,1.0523,1.0603,1.0688,1.0776,1.0862,1.0941,1.1005,1.1042,1.104,1.0988,1.0871,1.0679,1.0408,1.0058,0.96404,0.91741,0.86878,0.82164,0.77977,0.74678,0.72566,0.71839,0.72566,0.74678,0.77977,0.82164,0.86878,0.91741,0.96404,1.0058,1.0408,1.0679,1.0871,1.0988,1.104,1.1042,1.1005,1.0941,1.0862,1.0776,1.0688,1.0603,1.0523,1.0451,1.0385,1.0327,1.0277,1.0233,1.0195,1.0162,1.0135,1.0111,1.0092,1.0076,1.0063,1.0053,1.0045,1.004,1.0038
1.0032,1.0035,1.004,1.0047,1.0058,1.0071,1.0087,1.0106,1.0129,1.0157,1.019,1.0228,1.0271,1.0322,1.038,1.0445,1.0517,1.0596,1.068,1.0767,1.0852,1.0929,1.0991,1.1026,1.1023,1.097,1.0853,1.0663,1.0396,1.0052,0.96421,0.91857,0.87104,0.82503,0.78419,0.75202,0.73144,0.72436,0.73144,0.75202,0.78419,0.82503,0.87104,0.91857,0.96421,1.0052,1.0396,1.0663,1.0853,1.097,1.1023,1.1026,1.0991,1.0929,1.0852,1.0767,1.068,1.0596,1.0517,1.0445,1.038,1.0322,1.0271,1.0228,1.019,1.0157,1.0129,1.0106,1.0087,1.0071,1.0058,1.0047,1.004,1.0035,1.0032
1.0027,1.003,1.0035,1.0042,1.0053,1.0065,1.0082,1.0101,1.0124,1.0152,1.0184,1.0222,1.0266,1.0317,1.0374,1.0439,1.0511,1.0589,1.0673,1.0758,1.0842,1.0918,1.0977,1.1011,1.1006,1.0952,1.0836,1.0648,1.0384,1.0046,0.9644,0.91973,0.87328,0.82835,0.78852,0.75716,0.73711,0.7302,0.73711,0.75716,0.78852,0.82835,0.87328,0.91973,0.9644,1.0046,1.0384,1.0648,1.0836,1.0952,1.1006,1.1011,1.0977,1.0918,1.0842,1.0758,1.0673,1.0589,1.0511,1.0439,1.0374,1.0317,1.0266,1.0222,1.0184,1.0152,1.0124,1.0101,1.0082,1.0065,1.0053,1.0042,1.0035,1.003,1.0027
1.0022,1.0025,1.003,1.0038,1.0048,1.0061,1.0077,1.0096,1.0119,1.0147,1.018,1.0217,1.0261,1.0311,1.0369,1.0433,1.0505,1.0582,1.0665,1.0749,1.0832,1.0906,1.0964,1.0995,1.099,1.0934,1.0818,1.0632,1.0372,1.004,0.9646,0.92088,0.87548,0.83162,0.79276,0.76219,0.74264,0.73592,0.74264,0.76219,0.79276,0.83162,0.87548,0.92088,0.9646,1.004,1.0372,1.0632,1.0818,1.0934,1.099,1.0995,1.0964,1.0906,1.0832,1.0749,1.0665,1.0582,1.0505,1.0433,1.0369,1.0311,1.0261,1.0217,1.018,1.0147,1.0119,1.0096,1.0077,1.0061,1.0048,1.0038,1.003,1.0025,1.0022
1.0018,1.002,1.0025,1.0033,1.0043,1.0056,1.0072,1.0092,1.0115,1.0142,1.0175,1.0213,1.0256,1.0306,1.0363,1.0427,1.0498,1.0576,1.0657,1.0741,1.0821,1.0894,1.095,1.098,1.0973,1.0917,1.0801,1.0617,1.0361,1.0034,0.96481,0.92202,0.87765,0.83483,0.79692,0.76711,0.74806,0.74151,0.74806,0.76711,0.79692,0.83483,0.87765,0.92202,0.96481,1.0034,1.0361,1.0617,1.0801,1.0917,1.0973,1.098,1.095,1.0894,1.0821,1.0741,1.0657,1.0576,1.0498,1.0427,1.0363,1.0306,1.0256,1.0213,1.0175,1.0142,1.0115,1.0092,1.0072,1.0056,1.0043,1.0033,1.0025,1.002,1.0018
1.0013,1.0016,1.0021,1.0029,1.0039,1.0052,1.0068,1.0087,1.011,1.0138,1.017,1.0208,1.0251,1.0301,1.0358,1.0422,1.0492,1.0569,1.065,1.0732,1.0811,1.0882,1.0937,1.0965,1.0957,1.09,1.0785,1.0602,1.035,1.0029,0.96502,0.92315,0.87978,0.83797,0.80099,0.77193,0.75336,0.74697,0.75336,0.77193,0.80099,0.83797,0.87978,0.92315,0.96502,1.0029,1.035,1.0602,1.0785,1.09,1.0957,1.0965,1.0937,1.0882,1.0811,1.0732,1.065,1.0569,1.0492,1.0422,1.0358,1.0301,1.0251,1.0208,1.017,1.0138,1.011,1.0087,1.0068,1.0052,1.0039,1.0029,1.0021,1.0016,1.0013
1.0009,1.0012,1.0017,1.0024,1.0034,1.0047,1.0063,1.0083,1.0106,1.0134,1.0166,1.0203,1.0247,1.0297,1.0353,1.0417,1.0486,1.0562,1.0642,1.0723,1.0801,1.087,1.0923,1.095,1.094,1.0883,1.0768,1.0588,1.0339,1.0024,0.96524,0.92426,0.88188,0.84106,0.80498,0.77664,0.75854,0.75232,0.75854,0.77664,0.80498,0.84106,0.88188,0.92426,0.96524,1.0024,1.0339,1.0588,1.0768,1.0883,1.094,1.095,1.0923,1.087,1.0801,1.0723,1.0642,1.0562,1.0486,1.0417,1.0353,1.0297,1.0247,1.0203,1.0166,1.0134,1.0106,1.0083,1.0063,1.0047,1.0034,1.0024,1.0017,1.0012,1.0009
1.0005,1.0008,1.0013,1.002,1.003,1.0043,1.0059,1.0079,1.0102,1.0129,1.0162,1.0199,1.0242,1.0292,1.0348,1.0411,1.0481,1.0556,1.0634,1.0714,1.0791,1.0859,1.091,1.0935,1.0924,1.0866,1.0752,1.0574,1.0328,1.0019,0.96546,0.92536,0.88393,0.84408,0.80888,0.78125,0.76361,0.75754,0.76361,0.78125,0.80888,0.84408,0.88393,0.92536,0.96546,1.0019,1.0328,1.0574,1.0752,1.0866,1.0924,1.0935,1.091,1.0859,1.0791,1.0714,1.0634,1.0556,1.0481,1.0411,1.0348,1.0292,1.0242,1.0199,1.0162,1.0129,1.0102,1.0079,1.0059,1.0043,1.003,1.002,1.0013,1.0008,1.0005
1.0002,1.0004,1.0009,1.0017,1.0027,1.004,1.0056,1.0075,1.0098,1.0126,1.0158,1.0195,1.0238,1.0288,1.0344,1.0406,1.0475,1.0549,1.0627,1.0706,1.0781,1.0847,1.0896,1.092,1.0908,1.085,1.0736,1.0559,1.0318,1.0014,0.96568,0.92643,0.88595,0.84704,0.8127,0.78576,0.76856,0.76265,0.76856,0.78576,0.8127,0.84704,0.88595,0.92643,0.96568,1.0014,1.0318,1.0559,1.0736,1.085,1.0908,1.092,1.0896,1.0847,1.0781,1.0706,1.0627,1.0549,1.0475,1.0406,1.0344,1.0288,1.0238,1.0195,1.0158,1.0126,1.0098,1.0075,1.0056,1.004,1.0027,1.0017,1.0009,1.0004,1.0002
0.99981,1.0001,1.0006,1.0013,1.0023,1.0036,1.0052,1.0071,1.0095,1.0122,1.0154,1.0191,1.0234,1.0283,1.0339,1.0401,1.0469,1.0543,1.062,1.0697,1.0771,1.0835,1.0883,1.0905,1.0892,1.0833,1.072,1.0546,1.0307,1.0009,0.9659,0.92748,0.88792,0.84993,0.81642,0.79015,0.77339,0.76763,0.77339,0.79015,0.81642,0.84993,0.88792,0.92748,0.9659,1.0009,1.0307,1.0546,1.072,1.0833,1.0892,1.0905,1.0883,1.0835,1.0771,1.0697,1.062,1.0543,1.0469,1.0401,1.0339,1.0283,1.0234,1.0191,1.0154,1.0122,1.0095,1.0071,1.0052,1.0036,1.0023,1.0013,1.0006,1.0001,0.99981
0.99949,0.99975,1.0002,1.001,1.002,1.0033,1.0049,1.0068,1.0091,1.0118,1.015,1.0188,1.023,1.0279,1.0335,1.0396,1.0464,1.0537,1.0612,1.0689,1.0761,1.0824,1.087,1.089,1.0876,1.0817,1.0704,1.0532,1.0297,1.0004,0.9661,0.92851,0.88984,0.85275,0.82006,0.79444,0.7781,0.77249,0.7781,0.79444,0.82006,0.85275,0.88984,0.92851,0.9661,1.0004,1.0297,1.0532,1.0704,1.0817,1.0876,1.089,1.087,1.0824,1.0761,1.0689,1.0612,1.0537,1.0464,1.0396,1.0335,1.0279,1.023,1.0188,1.015,1.0118,1.0091,1.0068,1.0049,1.0033,1.002,1.001,1.0002,0.99975,0.99949
0.99919,0.99945,0.99995,1.0007,1.0017,1.003,1.0046,1.0065,1.0088,1.0115,1.0147,1.0184,1.0227,1.0276,1.033,1.0392,1.0459,1.0531,1.0605,1.068,1.0751,1.0812,1.0857,1.0876,1.086,1.0801,1.0689,1.0518,1.0287,0.99989,0.96629,0.9295,0.8917,0.85549,0.82359,0.79862,0.78269,0.77722,0.78269,0.79862,0.82359,0.85549,0.8917,0.9295,0.96629,0.99989,1.0287,1.0518,1.0689,1.0801,1.086,1.0876,1.0857,1.0812,1.0751,1.068,1.0605,1.0531,1.0459,1.0392,1.033,1.0276,1.0227,1.0184,1.0147,1.0115,1.0088,1.0065,1.0046,1.003,1.0017,1.0007,0.99995,0.99945,0.99919
0.99892,0.99917,0.99967,1.0004,1.0014,1.0027,1.0043,1.0062,1.0085,1.0112,1.0144,1.0181,1.0223,1.0272,1.0327,1.0387,1.0454,1.0525,1.0599,1.0672,1.0742,1.0801,1.0844,1.0862,1.0845,1.0785,1.0674,1.0505,1.0277,0.99941,0.96646,0.93045,0.89351,0.85814,0.82702,0.80267,0.78714,0.78181,0.78714,0.80267,0.82702,0.85814,0.89351,0.93045,0.96646,0.99941,1.0277,1.0505,1.0674,1.0785,1.0845,1.0862,1.0844,1.0801,1.0742,1.0672,1.0599,1.0525,1.0454,1.0387,1.0327,1.0272,1.0223,1.0181,1.0144,1.0112,1.0085,1.0062,1.0043,1.0027,1.0014,1.0004,0.99967,0.99917,0.99892
0.99867,0.99892,0.99941,1.0002,1.0012,1.0024,1.004,1.0059,1.0082,1.011,1.0141,1.0178,1.022,1.0269,1.0323,1.0383,1.0449,1.0519,1.0592,1.0664,1.0732,1.079,1.0831,1.0848,1.083,1.0769,1.0659,1.0492,1.0267,0.99892,0.96661,0.93136,0.89524,0.86071,0.83034,0.80659,0.79145,0.78625,0.79145,0.80659,0.83034,0.86071,0.89524,0.93136,0.96661,0.99892,1.0267,1.0492,1.0659,1.0769,1.083,1.0848,1.0831,1.079,1.0732,1.0664,1.0592,1.0519,1.0449,1.0383,1.0323,1.0269,1.022,1.0178,1.0141,1.011,1.0082,1.0059,1.004,1.0024,1.0012,1.0002,0.99941,0.99892,0.99867
0.99844,0.99869,0.99919,0.99993,1.0009,1.0022,1.0038,1.0057,1.008,1.0107,1.0139,1.0175,1.0218,1.0265,1.0319,1.0379,1.0444,1.0514,1.0586,1.0657,1.0723,1.078,1.0819,1.0834,1.0815,1.0754,1.0644,1.0479,1.0258,0.99842,0.96673,0.93222,0.8969,0.86317,0.83353,0.81037,0.79561,0.79054,0.79561,0.81037,0.83353,0.86317,0.8969,0.93222,0.96673,0.99842,1.0258,1.0479,1.0644,1.0754,1.0815,1.0834,1.0819,1.078,1.0723,1.0657,1.0586,1.0514,1.0444,1.0379,1.0319,1.0265,1.0218,1.0175,1.0139,1.0107,1.008,1.0057,1.0038,1.0022,1.0009,0.99993,0.99919,0.99869,0.99844
0.99824,0.99849,0.99898,0.99972,1.0007,1.002,1.0036,1.0055,1.0078,1.0105,1.0136,1.0173,1.0215,1.0263,1.0316,1.0376,1.044,1.0509,1.058,1.065,1.0715,1.077,1.0807,1.0821,1.0801,1.0739,1.0629,1.0466,1.0248,0.99791,0.96682,0.93301,0.89847,0.86552,0.83659,0.81399,0.7996,0.79466,0.7996,0.81399,0.83659,0.86552,0.89847,0.93301,0.96682,0.99791,1.0248,1.0466,1.0629,1.0739,1.0801,1.0821,1.0807,1.077,1.0715,1.065,1.058,1.0509,1.044,1.0376,1.0316,1.0263,1.0215,1.0173,1.0136,1.0105,1.0078,1.0055,1.0036,1.002,1.0007,0.99972,0.99898,0.99849,0.99824
0.99806,0.99831,0.9988,0.99954,1.0005,1.0018,1.0034,1.0053,1.0076,1.0103,1.0134,1.0171,1.0213,1.026,1.0313,1.0372,1.0436,1.0504,1.0574,1.0643,1.0706,1.076,1.0796,1.0808,1.0787,1.0725,1.0616,1.0454,1.0239,0.9974,0.96687,0.93375,0.89995,0.86774,0.83949,0.81743,0.80339,0.79857,0.80339,0.81743,0.83949,0.86774,0.89995,0.93375,0.96687,0.9974,1.0239,1.0454,1.0616,1.0725,1.0787,1.0808,1.0796,1.076,1.0706,1.0643,1.0574,1.0504,1.0436,1.0372,1.0313,1.026,1.0213,1.0171,1.0134,1.0103,1.0076,1.0053,1.0034,1.0018,1.0005,0.99954,0.9988,0.99831,0.99806
0.9979,0.99815,0.99864,0.99938,1.0004,1.0017,1.0032,1.0052,1.0074,1.0101,1.0133,1.0169,1.0211,1.0258,1.0311,1.0369,1.0433,1.05,1.0569,1.0636,1.0699,1.0751,1.0785,1.0796,1.0774,1.0711,1.0602,1.0442,1.0229,0.99688,0.96689,0.93441,0.90131,0.86981,0.84221,0.82067,0.80697,0.80227,0.80697,0.82067,0.84221,0.86981,0.90131,0.93441,0.96689,0.99688,1.0229,1.0442,1.0602,1.0711,1.0774,1.0796,1.0785,1.0751,1.0699,1.0636,1.0569,1.05,1.0433,1.0369,1.0311,1.0258,1.0211,1.0169,1.0133,1.0101,1.0074,1.0052,1.0032,1.0017,1.0004,0.99938,0.99864,0.99815,0.9979
0.99777,0.99802,0.99851,0.99925,1.0002,1.0015,1.0031,1.005,1.0073,1.01,1.0131,1.0167,1.0209,1.0256,1.0309,1.0367,1.043,1.0496,1.0564,1.0631,1.0692,1.0742,1.0775,1.0784,1.0761,1.0698,1.0589,1.043,1.022,0.99635,0.96687,0.93499,0.90255,0.87172,0.84472,0.82368,0.8103,0.80571,0.8103,0.82368,0.84472,0.87172,0.90255,0.93499,0.96687,0.99635,1.022,1.043,1.0589,1.0698,1.0761,1.0784,1.0775,1.0742,1.0692,1.0631,1.0564,1.0496,1.043,1.0367,1.0309,1.0256,1.0209,1.0167,1.0131,1.01,1.0073,1.005,1.0031,1.0015,1.0002,0.99925,0.99851,0.99802,0.99777
0.99766,0.99791,0.9984,0.99913,1.0001,1.0014,1.003,1.0049,1.0072,1.0099,1.013,1.0166,1.0208,1.0255,1.0307,1.0365,1.0427,1.0493,1.056,1.0625,1.0685,1.0734,1.0766,1.0774,1.075,1.0686,1.0578,1.0419,1.0212,0.99584,0.96681,0.93547,0.90365,0.87343,0.847,0.82641,0.81333,0.80884,0.81333,0.82641,0.847,0.87343,0.90365,0.93547,0.96681,0.99584,1.0212,1.0419,1.0578,1.0686,1.075,1.0774,1.0766,1.0734,1.0685,1.0625,1.056,1.0493,1.0427,1.0365,1.0307,1.0255,1.0208,1.0166,1.013,1.0099,1.0072,1.0049,1.003,1.0014,1.0001,0.99913,0.9984,0.99791,0.99766
0.99757,0.99782,0.99831,0.99904,1,1.0013,1.0029,1.0048,1.0071,1.0098,1.0129,1.0165,1.0207,1.0253,1.0306,1.0363,1.0425,1.049,1.0557,1.0621,1.068,1.0728,1.0759,1.0765,1.074,1.0676,1.0567,1.041,1.0204,0.99534,0.96671,0.93587,0.90458,0.87492,0.849,0.82883,0.81601,0.81162,0.81601,0.82883,0.849,0.87492,0.90458,0.93587,0.96671,0.99534,1.0204,1.041,1.0567,1.0676,1.074,1.0765,1.0759,1.0728,1.068,1.0621,1.0557,1.049,1.0425,1.0363,1.0306,1.0253,1.0207,1.0165,1.0129,1.0098,1.0071,1.0048,1.0029,1.0013,1,0.99904,0.99831,0.99782,0.99757
0.9975,0.99775,0.99824,0.99898,0.99997,1.0013,1.0028,1.0047,1.007,1.0097,1.0128,1.0164,1.0206,1.0252,1.0304,1.0362,1.0423,1.0488,1.0554,1.0618,1.0676,1.0722,1.0752,1.0757,1.0731,1.0667,1.0558,1.0401,1.0197,0.99488,0.96659,0.93616,0.90534,0.87615,0.85067,0.83085,0.81827,0.81396,0.81827,0.83085,0.85067,0.87615,0.90534,0.93616,0.96659,0.99488,1.0197,1.0401,1.0558,1.0667,1.0731,1.0757,1.0752,1.0722,1.0676,1.0618,1.0554,1.0488,1.0423,1.0362,1.0304,1.0252,1.0206,1.0164,1.0128,1.0097,1.007,1.0047,1.0028,1.0013,0.99997,0.99898,0.99824,0.99775,0.9975
0.99746,0.9977,0.99819,0.99893,0.99993,1.0012,1.0028,1.0047,1.007,1.0097,1.0128,1.0164,1.0205,1.0252,1.0304,1.0361,1.0422,1.0487,1.0552,1.0615,1.0672,1.0718,1.0747,1.0752,1.0725,1.066,1.0551,1.0394,1.0191,0.9945,0.96646,0.93635,0.90589,0.87706,0.85193,0.83239,0.81999,0.81574,0.81999,0.83239,0.85193,0.87706,0.90589,0.93635,0.96646,0.9945,1.0191,1.0394,1.0551,1.066,1.0725,1.0752,1.0747,1.0718,1.0672,1.0615,1.0552,1.0487,1.0422,1.0361,1.0304,1.0252,1.0205,1.0164,1.0128,1.0097,1.007,1.0047,1.0028,1.0012,0.99993,0.99893,0.99819,0.9977,0.99746
0.99743,0.99768,0.99817,0.9989,0.9999,1.0012,1.0028,1.0047,1.007,1.0096,1.0128,1.0164,1.0205,1.0252,1.0303,1.036,1.0422,1.0486,1.0551,1.0614,1.067,1.0716,1.0744,1.0748,1.072,1.0655,1.0546,1.039,1.0187,0.99423,0.96637,0.93647,0.90626,0.87768,0.85277,0.83341,0.82113,0.81692,0.82113,0.83341,0.85277,0.87768,0.90626,0.93647,0.96637,0.99423,1.0187,1.039,1.0546,1.0655,1.072,1.0748,1.0744,1.0716,1.067,1.0614,1.0551,1.0486,1.0422,1.036,1.0303,1.0252,1.0205,1.0164,1.0128,1.0096,1.007,1.0047,1.0028,1.0012,0.9999,0.9989,0.99817,0.99768,0.99743
