3.1477e-16
-1.4722e-05
1.8281e-05
-0.00015514
0.00018875
-0.00017361
-4.1964e-05
-3.1866e-05
0.00013881
-0.00034178
0.00015888
-0.00022164
-0.00013727
0.00030938
-0.00026607
-0.00043724
0.00019691
0.00015173
-0.00049501
-0.0002562
0.00052671
-0.00047964
-0.00014035
5.6628e-06
-5.2345e-05
-0.0003652
0.00014711
-0.00068545
0.001062
-0.0004842
-0.0014651
0.0014486
-0.00025307
-0.00059407
-0.0006759
0.0017518
-0.0022815
0.0022223
-0.0015975
0.00028722
0.00059241
-0.0017493
0.0019687
-0.0013967
0.0015074
-0.0012758
-0.00028523
0.00091381
-0.00064609
0.00056617
-0.00056617
0.00064609
-0.00091381
0.00028523
0.0012758
-0.0015074
0.0013967
-0.0019687
0.0017493
-0.00059241
-0.00028722
0.0015975
-0.0022223
0.0022815
-0.0017518
0.0006759
0.00059407
0.00025307
-0.0014486
0.0014651
0.0004842
-0.001062
0.00068545
-0.00014711
0.0003652
5.2345e-05
-5.6628e-06
0.00014035
0.00047964
-0.00052671
0.0002562
0.00049501
-0.00015173
-0.00019691
0.00043724
0.00026607
-0.00030938
0.00013727
0.00022164
-0.00015888
0.00034178
-0.00013881
3.1866e-05
4.1964e-05
0.00017361
-0.00018875
0.00015514
-1.8281e-05
1.4722e-05
3.1463e-16
