1.000000000000000000e+00
9.855558123411138904e-01
9.711116246822278919e-01
9.566674370233417823e-01
9.422232493644557838e-01
9.277790617055696742e-01
9.133348740466835647e-01
8.988906863877975661e-01
8.844464987289114566e-01
8.700023110700254581e-01
8.555581234111393485e-01
8.411139357522532389e-01
8.266697480933671294e-01
8.122255604344811308e-01
7.977813727755951323e-01
7.833371851167090227e-01
7.688929974578229132e-01
7.544488097989368036e-01
7.400046221400508051e-01
7.255604344811648065e-01
7.111162468222786970e-01
6.966720591633925874e-01
6.822278715045064779e-01
6.677836838456204793e-01
6.533394961867343698e-01
6.388953085278483712e-01
6.244511208689622617e-01
6.100069332100761521e-01
5.955627455511901536e-01
5.811185578923040440e-01
5.666743702334180455e-01
5.522301825745319359e-01
5.377859949156458264e-01
5.233418072567598278e-01
5.088976195978737183e-01
4.944534319389877197e-01
4.800092442801016102e-01
4.655650566212156116e-01
4.511208689623295021e-01
4.366766813034433925e-01
4.222324936445573940e-01
4.077883059856712844e-01
3.933441183267852859e-01
3.788999306678991763e-01
3.644557430090130667e-01
3.500115553501270682e-01
3.355673676912409586e-01
3.211231800323549601e-01
3.066789923734687395e-01
2.922348047145827410e-01
2.777906170556967425e-01
2.633464293968106329e-01
2.489022417379246344e-01
2.344580540790384138e-01
2.200138664201524152e-01
2.055696787612664167e-01
1.911254911023803071e-01
1.766813034434943086e-01
1.622371157846080880e-01
1.477929281257220895e-01
1.333487404668360909e-01
1.189045528079499814e-01
1.044603651490639828e-01
9.001617749017776227e-02
7.557198983129176373e-02
6.112780217240576519e-02
4.668361451351965563e-02
3.223942685463365709e-02
1.779523919574743651e-02
3.351051536861437974e-03
-1.109313612202456056e-02
-2.553732378091067012e-02
-3.998151143979677968e-02
-5.442569909868288924e-02
-6.886988675756877676e-02
-8.331407441645488632e-02
-9.775826207534099588e-02
-1.122024497342271054e-01
-1.266466373931132150e-01
-1.410908250519991025e-01
-1.555350127108852121e-01
-1.699792003697713216e-01
-1.844233880286574312e-01
-1.988675756875435408e-01
-2.133117633464294283e-01
-2.277559510053155378e-01
-2.422001386642016474e-01
-2.566443263230877569e-01
-2.710885139819738665e-01
-2.855327016408597540e-01
-2.999768892997458636e-01
-3.144210769586319731e-01
-3.288652646175180827e-01
-3.433094522764041923e-01
-3.577536399352900798e-01
-3.721978275941761893e-01
-3.866420152530625209e-01
-4.010862029119484085e-01
-4.155303905708345180e-01
-4.299745782297204055e-01
-4.444187658886065151e-01
-4.588629535474928467e-01
-4.733071412063787342e-01
-4.877513288652648438e-01
-5.021955165241507313e-01
-5.166397041830368408e-01
-5.310838918419231724e-01
-5.455280795008090600e-01
-5.599722671596951695e-01
-5.744164548185810570e-01
-5.888606424774671666e-01
-6.033048301363534982e-01
-6.177490177952393857e-01
-6.321932054541254953e-01
-6.466373931130113828e-01
-6.610815807718974924e-01
-6.755257684307838240e-01
-6.899699560896697115e-01
-7.044141437485558210e-01
-7.188583314074417085e-01
-7.333025190663278181e-01
-7.477467067252141497e-01
-7.621908943841000372e-01
-7.766350820429861468e-01
-7.910792697018720343e-01
-8.055234573607581439e-01
-8.199676450196444755e-01
-8.344118326785303630e-01
-8.488560203374164725e-01
-8.633002079963023601e-01
-8.777443956551884696e-01
-8.921885833140748012e-01
-9.066327709729606887e-01
-9.210769586318467983e-01
-9.355211462907326858e-01
-9.499653339496187954e-01
-9.644095216085051270e-01
-9.788537092673910145e-01
-9.932978969262771241e-01
-1.007742084585163234e+00
-1.022186272244049121e+00
-1.036630459902935453e+00
-1.051074647561821340e+00
-1.065518835220707228e+00
-1.079963022879593559e+00
-1.094407210538479447e+00
-1.108851398197365778e+00
-1.123295585856251666e+00
-1.137739773515137554e+00
-1.152183961174023885e+00
-1.166628148832909773e+00
-1.181072336491796104e+00
-1.195516524150681992e+00
-1.209960711809567879e+00
-1.224404899468454211e+00
-1.238849087127340098e+00
-1.253293274786226430e+00
-1.267737462445112318e+00
-1.282181650103998205e+00
-1.296625837762884537e+00
-1.311070025421770424e+00
