1.000000000000000000e+00
9.272333774147760721e-01
8.550719753811307777e-01
7.841059132137423449e-01
7.148957357485316022e-01
6.479591595294978967e-01
5.837595594714362068e-01
5.226966180579405430e-01
4.650994387801455909e-01
4.112222924041777361e-01
3.612430279922666521e-01
3.152640494503157198e-01
2.733156409006941012e-01
2.353613270521772161e-01
2.013048826922000378e-01
1.709985610201537332e-01
1.442520941350774188e-01
1.208420289160458128e-01
1.005209944161957747e-01
8.302654810081337711e-02
6.808931241164492554e-02
5.544018460561123823e-02
4.481647619327144144e-02
3.596690879997229556e-02
2.865545699426263679e-02
2.266408273715955421e-02
1.779444887612833398e-02
1.386872987347082149e-02
1.072965698469688367e-02
8.239943398334330371e-03
6.281233957042476300e-03
4.752715859180894203e-03
3.569513163817961219e-03
2.660970909900778770e-03
1.968915946906128929e-03
1.445962622873007584e-03
1.053913431128458960e-03
7.622883952492883397e-04
5.470028778818862092e-04
3.892018651301944144e-04
2.742496137188392673e-04
1.908666945793000664e-04
1.304016514212353814e-04
8.622137843273149484e-05
5.326021464776184672e-05
3.275086640156519343e-05
2.004670143837543569e-05
1.221328487773536236e-05
7.405622737106480173e-06
4.468906223108623422e-06
2.683634955475601249e-06
1.603618766634542959e-06
9.534726534570608471e-07
5.640527151849860932e-07
3.319796025502835016e-07
1.943838899585682305e-07
1.132254875381807691e-07
6.560577663813420768e-08
3.781235993092494985e-08
2.167704835698870756e-08
1.236012804612210429e-08
7.009467039681792964e-09
3.953392227910719969e-09
2.217493086187707233e-09
1.236937022628801113e-09
6.861391504493983433e-10
3.784803338767408542e-10
2.076007806373542912e-10
1.132290971293134636e-10
6.140732011608775674e-11
3.311354597380147840e-11
1.775439302186037658e-11
9.464821634218602570e-12
5.016699315118405319e-12
2.643723217009958543e-12
1.385160407341241624e-12
7.215473729983934524e-13
3.736848224996557447e-13
1.924055589679229043e-13
9.849123936985753912e-14
5.012359895768773589e-14
2.535997944468655564e-14
1.275602632613015743e-14
6.378816531804994626e-15
3.171186686475292530e-15
1.567327476617886497e-15
7.701114786305349385e-16
3.761867024735726245e-16
1.826878863173206279e-16
8.820097294876241508e-17
4.233460371788923712e-17
2.020121741879000532e-17
9.583424799926648501e-18
4.519850591069072312e-18
2.119211579944447216e-18
9.876362288695708965e-19
4.571050189396746365e-19
2.092009197269367574e-19
9.263896046555100239e-20
3.504822550517291165e-20
0.000000000000000000e+00
