1.000000000000000000e+00
9.716321905266237513e-01
9.432643810671403894e-01
9.148965716353326671e-01
8.865287622447637350e-01
8.581609529086692278e-01
8.297931436398522376e-01
8.014253344505821719e-01
7.730575253524969437e-01
7.446897163565106004e-01
7.163219074727269486e-01
6.879540987103590632e-01
6.595862900776564564e-01
6.312184815818392414e-01
6.028506732290410675e-01
5.744828650242606027e-01
5.461150569713211222e-01
5.177472490728413090e-01
4.893794413302133828e-01
4.610116337435924416e-01
4.326438263118957961e-01
4.042760190328105740e-01
3.759082119028127611e-01
3.475404049171949561e-01
3.191725980701036747e-01
2.908047913545859786e-01
2.624369847626445984e-01
2.340691782853012437e-01
2.057013719126682405e-01
1.773335656340265520e-01
1.489657594379111827e-01
1.205979533122021607e-01
9.223014724422060051e-02
6.386234122109983591e-02
3.549454264562446754e-02
7.289743464306912800e-03
1.481106712523561899e-03
3.009264319308946681e-04
6.114125111197145660e-05
1.242248001795870313e-05
2.523958980066807774e-06
5.128097548839395543e-07
1.041910137133688624e-07
2.116919039708327544e-08
4.301087071681395203e-09
8.738808452841920917e-10
1.775522604000857130e-10
3.607448926624258603e-11
7.329497089408011389e-12
1.489183316973866539e-12
3.025674100830266298e-13
6.147465970165661359e-14
1.249022088795826260e-14
2.537722349128895334e-15
5.156061513273213981e-16
1.047591764236257222e-16
2.128462784376170677e-17
4.324541275653539269e-18
8.786461939625669106e-19
1.785204684046496107e-19
3.627120661126279860e-20
7.369465478069611054e-21
1.497303963844334773e-21
3.042173366325607171e-22
6.180988639754235808e-23
1.255833115484651738e-23
2.551560771046174471e-24
5.184177967650779201e-25
1.053304373748314568e-25
2.140069478093358305e-26
4.348123377451217005e-27
8.834375285037713744e-28
1.794939561306339783e-28
3.646899666572029282e-29
7.409651781182448820e-30
1.505468712839692570e-30
3.058753721208850858e-31
6.214256927984930781e-32
1.260529543833693219e-32
2.459569841626711542e-33
0.000000000000000000e+00
