1.000000000000000000e+00
9.435605627596481693e-01
8.871211256292934610e-01
8.306816887154844231e-01
7.742422521179792572e-01
7.178028159266178765e-01
6.613633802185044930e-01
6.049239450555898845e-01
5.484845104827297257e-01
4.920450765262774917e-01
4.356056431932578410e-01
3.791662104711461256e-01
3.227267783282616320e-01
2.662873467147611195e-01
2.098479155642012373e-01
1.534084847956238840e-01
9.696905436299871339e-02
4.053079832019744477e-02
2.810251528257544634e-03
1.947411369152171308e-04
1.349491655094853572e-05
9.351530734684211672e-07
6.480301434364767155e-08
4.490634514462427090e-09
3.111861160584774758e-10
2.156416838548960746e-11
1.494325531124807345e-12
1.035518158202671675e-13
7.175798269071442759e-15
4.972590812679037761e-16
3.445840931302971250e-17
2.387853771029627796e-18
1.654703669000878804e-19
1.146654902165271328e-20
7.945939138779684101e-22
5.506272957784111102e-23
3.815665000715459017e-24
2.644129325329228222e-25
1.832252101183900529e-26
1.263622138747528003e-27
0.000000000000000000e+00
