1.000000000000000000e+00
9.858294430465220914e-01
9.716588860947857897e-01
9.574883291465291490e-01
9.433177722034840063e-01
9.291472152673715401e-01
9.149766583398988296e-01
9.008061014227559671e-01
8.866355445176127281e-01
8.724649876261151293e-01
8.582944307498817649e-01
8.441238738905018080e-01
8.299533170495302370e-01
8.157827602284857260e-01
8.016122034288475362e-01
7.874416466520526292e-01
7.732710898994925586e-01
7.591005331725111382e-01
7.449299764724012229e-01
7.307594198004024877e-01
7.165888631576987633e-01
7.024183065454158159e-01
6.882477499646195707e-01
6.740771934163127810e-01
6.599066369014346956e-01
6.457360804208579497e-01
6.315655239753868999e-01
6.173949675657566249e-01
6.032244111926313712e-01
5.890538548566027766e-01
5.748832985581889821e-01
5.607127422978335218e-01
5.465421860759048789e-01
5.323716298926950419e-01
5.182010737484192830e-01
5.040305176432159362e-01
4.898599615771456195e-01
4.756894055501917906e-01
4.615188495622599696e-01
4.473482936131787380e-01
4.331777377026994058e-01
4.190071818304968998e-01
4.048366259961704849e-01
3.906660701992438756e-01
3.764955144391671782e-01
3.623249587153172246e-01
3.481544030269991263e-01
3.339838473734476065e-01
3.198132917538282216e-01
3.056427361672398590e-01
2.914721806127154591e-01
2.773016250892247347e-01
2.631310695956755596e-01
2.489605141309167990e-01
2.347899586937399752e-01
2.206194032828824036e-01
2.064488478970286645e-01
1.922782925348143213e-01
1.781077371948276977e-01
1.639371818756133192e-01
1.497666265756744386e-01
1.355960712934761447e-01
1.214255160274483325e-01
1.072549607759889501e-01
9.308440553746692714e-02
7.891385031022571384e-02
6.474329509258633375e-02
5.057273988285082567e-02
3.640218468146633884e-02
2.223169107913455789e-02
9.433206983577904423e-03
4.002246725711841417e-03
1.698041699062118482e-03
7.204317498044166901e-04
3.056591050814158540e-04
1.296826362032714843e-04
5.502072685893152166e-05
2.334376037313132414e-05
9.904106678839964931e-06
4.202036327392561571e-06
1.782806856720406807e-06
7.563952428611178037e-07
3.209174124870757348e-07
1.361563106185590227e-07
5.776732642079501806e-08
2.450906598927646610e-08
1.039851336187973690e-08
4.411799298451448193e-09
1.871803436938441711e-09
7.941540105336112860e-10
3.369374048581598214e-10
1.429531467281351449e-10
6.065103447947186326e-11
2.573254291789694656e-11
1.091760051092809041e-11
4.632033503121750960e-12
1.965242669629274756e-12
8.337976717846941424e-13
3.537571050219035085e-13
1.500892765574831284e-13
6.367869540359911277e-14
2.701709503377715639e-14
1.146260015909315992e-14
4.863261658700698522e-15
2.063346329168292669e-15
8.754203192985646790e-16
3.714164338808364068e-16
1.575816374325090444e-16
6.685749522832755345e-17
2.836577117127868537e-17
1.203480584179009846e-17
5.106032576200023713e-18
2.166347260766278327e-18
9.191207428061900757e-19
3.899573051634349195e-19
1.654480121796036150e-19
7.019497871109379923e-20
2.978177236062503344e-20
1.263557566689480844e-20
5.360922462925929321e-21
2.274489933118074111e-21
9.650026635587614839e-22
4.094237249047258590e-22
1.737070713325076288e-22
7.369906723880776784e-23
3.126845942542737881e-23
1.326633553816211074e-23
5.628536290086118325e-24
2.388031018639957258e-24
1.013174980506200409e-24
4.298618958929580812e-25
1.823784174460840831e-25
7.737807762896125734e-26
3.282936095946539039e-26
1.392858253955242647e-26
5.909509228664620593e-27
2.507240002671136229e-27
1.063752028764473423e-27
4.513203273300531520e-28
1.914826316222289131e-28
8.124074186926671697e-29
3.446818170166974952e-29
1.462388848850112095e-29
6.204508156974470104e-30
2.632399823084040996e-30
1.116853850978020175e-30
4.738499499485656346e-31
2.010413223164162188e-31
8.529622774396869822e-32
3.618881109649329308e-32
1.535390311815426085e-32
6.514231950873211124e-33
2.763804495211875036e-33
1.172599301434828786e-33
4.974873119037738866e-34
2.110372847975469521e-34
8.946013643940028249e-35
3.777371967453671696e-35
1.559802140540506679e-35
5.608277359246771691e-36
0.000000000000000000e+00
