30.528
33.396
38.782
44.967
51.152
46.906
38.464
40.961
46.741
43.644
45.47
37.73
41.273
37.412
38.386
45.71
37.998
51.011
39.238
25.302
29.096
21.457
48.212
34.332
15.637
1.9388
-7.452
14.057
64.81
112.09
95.405
-19.908
17.212
53.194
25.42
80.918
68.189
48.848
38.27
22.833
72.852
47.523
32.075
111.78
62.208
-17.768
-0.63462
90.577
122.53
138.51
138.51
122.53
90.577
-0.63462
-17.768
62.208
111.78
32.075
47.523
72.852
22.833
38.27
48.848
68.189
80.918
25.42
53.194
17.212
-19.908
95.405
112.09
64.81
14.057
-7.452
1.9388
15.637
34.332
48.212
21.457
29.096
25.302
39.238
51.011
37.998
45.71
38.386
37.412
41.273
37.73
45.47
43.644
46.741
40.961
38.464
46.906
51.152
44.967
38.782
33.396
30.528
