0.000000000000000000e+00
4.228885031315421372e-01
8.457768397099331148e-01
1.268664843295166156e+00
1.691552347673445533e+00
2.114439186970106910e+00
2.537325195762311303e+00
2.960210209191440178e+00
3.383094063075116953e+00
3.805976594018778414e+00
4.228857639526731660e+00
4.651737038112599976e+00
5.074614629409121669e+00
5.497490254277190402e+00
5.920363754914087728e+00
6.343234974960827444e+00
6.766103759608554036e+00
7.188969955703887749e+00
7.611833411853199394e+00
8.034693978525575986e+00
8.457551508153844821e+00
8.880405855228307388e+00
9.303256876341707837e+00
9.726104429855791267e+00
1.014894837256885296e+01
1.057178853254631612e+01
1.099462449241742412e+01
1.141745386556444330e+01
1.184025858825852495e+01
1.226289591938174084e+01
1.268423178605627299e+01
1.309525477879673083e+01
1.342465997271839839e+01
1.312712147239883009e+01
9.023170531905726932e+00
1.307949983125979321e+00
-3.695303019584366688e-01
-5.581109692217823826e-01
-5.422823372796035102e-01
-5.004642345475490695e-01
-4.553766196219252160e-01
-4.098809187966356848e-01
-3.643367394126085790e-01
-3.187889903506085365e-01
-2.732430014431862508e-01
-2.276991235469787156e-01
-1.821570800546700175e-01
-1.366165143601094922e-01
-9.107705893052737978e-02
-4.553834421708745361e-02
0.000000000000000000e+00
