0.000000000000000000e+00
1.773598008366607814e+01
3.547196275978367908e+01
5.320795061990776276e+01
7.094394625380010666e+01
8.867995224852968761e+01
1.064159711875472567e+02
1.241520056495442930e+02
1.418880582055953425e+02
1.596241314026328837e+02
1.773602276382376317e+02
1.950963481711798693e+02
2.128324852596853702e+02
2.305685596533446642e+02
2.483039235539911544e+02
2.660334083823551055e+02
2.837159023715703370e+02
3.010247800923735895e+02
3.153817400321296418e+02
3.074438102029429842e+02
1.805327724571208137e+02
3.416924471776334116e+01
6.856593023115578056e+00
3.188226524872655343e+00
2.673784162766862593e+00
2.558969196492943077e+00
2.494490142224852214e+00
2.436373584887442600e+00
2.379088173148868446e+00
2.321937704342283748e+00
2.264834040790566050e+00
2.207765504677906332e+00
2.150730023907136079e+00
2.093726724785384352e+00
2.036754874934527226e+00
1.979813750562233299e+00
1.922902619982512773e+00
1.866020741758846357e+00
1.809167364688904156e+00
1.752341728023994571e+00
1.695543061720453215e+00
1.638770586697855025e+00
1.582023515100608790e+00
1.525301050562521521e+00
1.468602388474156584e+00
1.411926716252889680e+00
1.355273213615589167e+00
1.298641052853818367e+00
1.242029399111473698e+00
1.185437410664771152e+00
1.128864239204480091e+00
1.072309030120325302e+00
1.015770922787442965e+00
9.592490508548252581e-01
9.027425425356272459e-01
8.462505208992679995e-01
7.897721041652108198e-01
7.333064059983379623e-01
6.768525358058167241e-01
6.204095990353620804e-01
5.639766974747970618e-01
5.075529295528136142e-01
4.511373906408335244e-01
3.947291733558720983e-01
3.383273678643058391e-01
2.819310621864412614e-01
2.255393425017880316e-01
1.691512934549369851e-01
1.127659984619386324e-01
5.638254001708610519e-02
0.000000000000000000e+00
