0.000000000000000000e+00
5.288589024596290766e-02
1.057717819427073380e-01
1.586576765291853597e-01
2.115435754207860009e-01
2.644294799977932042e-01
3.173153915941283598e-01
3.702013114864689536e-01
4.230872408838318166e-01
4.759731809177057960e-01
5.288591326328136999e-01
5.817450969785777914e-01
6.346310748013609393e-01
6.875170668375419902e-01
7.404030737074867030e-01
7.932890959104598183e-01
8.461751338205220074e-01
8.990611876834431193e-01
9.519472576146598142e-01
1.004833343598292350e+00
1.057719445487230070e+00
1.110605563004244178e+00
1.163491695743805510e+00
1.216377843170006745e+00
1.269264004552834724e+00
1.322150178109496199e+00
1.375036350176008559e+00
1.427922361447282018e+00
1.480806289039704904e+00
1.533665418283097104e+00
1.586241362267978294e+00
1.635764218622420385e+00
1.655511536627075619e+00
1.443040123131098307e+00
4.473027228798011623e-01
6.411191513060696123e-02
8.474055119700592623e-03
1.113441515582367985e-03
1.462380788308540131e-04
1.920616062005069905e-05
2.522433467580847066e-06
3.312827466505268036e-07
4.350888079723636087e-08
5.714220634606484724e-09
7.504747734464552034e-10
9.856329000781966727e-11
1.294476840647047561e-11
1.700095736291471514e-12
2.232813613808392096e-13
2.932456406768717523e-14
3.851329338202743256e-15
5.058127253678552390e-16
6.643070240867567918e-17
8.724648473777352147e-18
1.145848050957810202e-18
1.504894607024250536e-19
1.976437060460882920e-20
2.594986364931413073e-21
3.350325471525171916e-22
0.000000000000000000e+00
