0.000000000000000000e+00
3.722633989044234898e-02
7.445267967795050901e-02
1.116790192596129883e-01
1.489053585325634255e-01
1.861316973940033703e-01
2.233580357412248696e-01
2.605843734716327686e-01
2.978107104827678597e-01
3.350370466723289198e-01
3.722633819381946929e-01
4.094897161784479822e-01
4.467160492913963554e-01
4.839423811755953486e-01
5.211687117298704486e-01
5.583950408533403520e-01
5.956213684454370050e-01
6.328476944059300280e-01
6.700740186349474214e-01
7.073003410329984364e-01
7.445266615009941136e-01
7.817529799402703761e-01
8.189792962526093456e-01
8.562056103402613250e-01
8.934319221059651150e-01
9.306582314529713296e-01
9.678845382850616019e-01
1.005110842506571567e+00
1.042337144022411621e+00
1.079563442738086687e+00
1.116789738559718748e+00
1.154016031394066388e+00
1.191242321148545669e+00
1.228468607731250772e+00
1.265694891050970883e+00
1.302921171017189517e+00
1.340147447539939973e+00
1.377373720528500600e+00
1.414599989880913178e+00
1.451826255400463284e+00
1.489052516131450954e+00
1.526278765077259569e+00
1.563504947199872985e+00
1.600730625444010347e+00
1.637952325063164016e+00
1.675142416862942074e+00
1.712081228125625021e+00
1.747023636391536572e+00
1.766196896488947399e+00
1.666438756615674421e+00
9.390349233880438407e-01
1.573649162688633418e-01
1.343069396878081821e-02
-5.438819816191493850e-03
-7.652350050451390065e-03
-7.756032049011496628e-03
-7.594146542979034534e-03
-7.398866298565572042e-03
-7.199392756286561793e-03
-6.999398165366263642e-03
-6.799344187606086616e-03
-6.599288721912986017e-03
-6.399238888886094739e-03
-6.199195421882838786e-03
-5.999158249636639580e-03
-5.799127198362777867e-03
-5.599102080093513317e-03
-5.399082703827403837e-03
-5.199068876972259834e-03
-4.999060405567229588e-03
-4.799057094351935789e-03
-4.599058746816489344e-03
-4.399065165249534289e-03
-4.199076150786130480e-03
-3.999091503455904327e-03
-3.799111022231480960e-03
-3.599134505077154940e-03
-3.399161748997806421e-03
-3.199192550088047603e-03
-2.999226703581589926e-03
-2.799264003900808154e-03
-2.599304244706506558e-03
-2.399347218947869842e-03
-2.199392718912571501e-03
-1.999440536277054779e-03
-1.799490462156950890e-03
-1.599542287157635365e-03
-1.399595801424901925e-03
-1.199650794695754103e-03
-9.997070563492879355e-04
-7.997643754576607387e-04
-5.998225408371390347e-04
-3.998813410991994386e-04
-1.999405647016862773e-04
0.000000000000000000e+00
