0.000000000000000000e+00
4.500907580901483684e-02
9.001815193148104965e-02
1.350272286797727372e-01
1.800363063641130246e-01
2.250453852915080544e-01
2.700544657646914426e-01
3.150635480810839439e-01
3.600726325317708532e-01
4.050817194005011945e-01
4.500908089627121966e-01
4.950999014845819945e-01
5.401089972221142510e-01
5.851180964202569168e-01
6.301271993120602932e-01
6.751363061178740077e-01
7.201454170445883429e-01
7.651545322849226949e-01
8.101636520167602162e-01
8.551727764025353062e-01
9.001819055886727261e-01
9.451910397050824475e-01
9.902001788647102343e-01
1.035209323163147399e+00
1.080218472678297958e+00
1.125227627470110514e+00
1.170236787580366089e+00
1.215245953032532800e+00
1.260255123831681257e+00
1.305264299964463248e+00
1.350273481399153930e+00
1.395282668085757072e+00
1.440291859956172926e+00
1.485301056924427821e+00
1.530310258886965924e+00
1.575319465723000301e+00
1.620328677294925024e+00
1.665337893448782802e+00
1.710347114014790559e+00
1.755356338807873229e+00
1.800365567627863816e+00
1.845374800254337755e+00
1.890384036372450005e+00
1.935393274620071713e+00
1.980402500590467740e+00
2.025411538096417718e+00
2.070418240421406875e+00
2.115397057846964302e+00
2.160054298240088322e+00
2.201188836395927328e+00
2.207014609125432791e+00
1.927002209480064954e+00
8.264797573675063402e-01
2.739494020336597502e-01
8.884778298398218754e-02
2.877023174472494865e-02
9.315194214462316560e-03
3.016039673984980112e-03
9.765218020042087553e-04
3.161744854695207698e-04
1.023697625352545525e-04
3.314488917054668731e-05
1.073152511938270117e-05
3.474612052411546881e-06
1.124996566700216792e-06
3.642470744924997066e-07
1.179345210496982021e-07
3.818438699775478096e-08
1.236319440157726504e-08
4.002907675856540011e-09
1.296046097874742103e-09
4.196288357954519375e-10
1.358658153593436849e-10
4.399011271059902566e-11
1.424295001044292179e-11
4.611527738847883687e-12
1.493102768076255284e-12
4.834310888464648634e-13
1.565234641982427204e-13
5.067856703853773980e-14
1.640851210542241774e-14
5.312685129969415115e-15
1.720120819539224061e-15
5.569341230334151291e-16
1.803219947550500117e-16
5.838396400518076291e-17
1.890333598842856100e-17
6.120449640242053825e-18
1.981655715248906089e-18
6.416128886934551114e-19
2.077389607941339877e-19
6.726092413714781039e-20
2.177748410066618184e-20
7.051030294911268703e-21
2.282955551244662847e-21
7.391665942380294266e-22
2.393245254992259670e-22
7.748757716042711938e-23
2.508863060176615524e-23
8.123100612227448494e-24
2.630066367660788792e-24
8.515528033578836545e-25
2.757125013357012935e-25
8.926913644466331481e-26
2.890321868964870827e-26
9.358173316031727016e-27
3.029953471730109876e-27
9.810267165183551783e-28
3.176330684577399988e-28
1.028420169054933725e-28
3.329779383357397325e-29
1.078103186408186255e-29
3.490640721624206131e-30
1.130184925009670315e-30
3.659227941103550058e-31
1.184642704567989828e-31
3.831634698232182204e-32
1.228373596080989400e-32
3.599809298891371408e-33
0.000000000000000000e+00
