0.000000000000000000e+00
2.184727021376835410e+01
4.369453649768136927e+01
6.554179492265521390e+01
8.738904156114898569e+01
1.092362724879356364e+02
1.310834837808728253e+02
1.529306715216729344e+02
1.747778317966723023e+02
1.966249606975998176e+02
2.184720543223444622e+02
2.403191087757216451e+02
2.621661201702378321e+02
2.840130846268547771e+02
3.058599982757513658e+02
3.277068572570832998e+02
3.495536577217428089e+02
3.714003958321137020e+02
3.932470677628267595e+02
4.150936697015109189e+02
4.369401978495432672e+02
4.587866484227965316e+02
4.806330176523819091e+02
5.024793017853921242e+02
5.243254970856390855e+02
5.461715998343893261e+02
5.680176063310959762e+02
5.898635128941281209e+02
6.117093158614947015e+02
6.335550115915671086e+02
6.554005964637964325e+02
6.772460668794266212e+02
6.990914192622062728e+02
7.209366500590906526e+02
7.427817557409458686e+02
7.646267328032436126e+02
7.864715777667537395e+02
8.083162871782325283e+02
8.301608576111029834e+02
8.520052856661343412e+02
8.738495679721116858e+02
8.956937011865048817e+02
9.175376819961182946e+02
9.393815071177174332e+02
9.612251732985284889e+02
9.830686773162244663e+02
1.004912015976601879e+03
1.026755186101005393e+03
1.048598184467944066e+03
1.070441007550144377e+03
1.092283650337931931e+03
1.114126101081699517e+03
1.135968317806876485e+03
1.157810123415330281e+03
1.179650737151588601e+03
1.201486681898144752e+03
1.223302437382073322e+03
1.245028699103472036e+03
1.266356073224193096e+03
1.285905580614184601e+03
1.297576062712344992e+03
1.275246968154918477e+03
1.122490086546120892e+03
6.671089697976730122e+02
2.028381501551608324e+02
3.225943776622207793e+01
-1.007394798503684008e+01
-1.889228458720725712e+01
-1.993990889352862794e+01
-1.923421163639385156e+01
-1.813543279034428579e+01
-1.694876016534490759e+01
-1.574254461820727080e+01
-1.453208082140060142e+01
-1.332078323253364438e+01
-1.210940637415853871e+01
-1.089810921632149210e+01
-9.686917371897193263e+00
-8.475826578619274798e+00
-7.264825869498057642e+00
-6.053902762463265752e+00
-4.843044424337980658e+00
-3.632237933517585837e+00
-2.421470340862533099e+00
-1.210728685414546035e+00
0.000000000000000000e+00
