0.000000000000000000e+00
6.310436026569332668e-01
1.262087096319579382e+00
1.893123979474516272e+00
2.523926221490432109e+00
3.147217418566191860e+00
3.568249142631618742e+00
8.660687288992378052e-01
3.602732641263937247e-02
1.401714277180161504e-03
5.445354441208513722e-05
2.115329493528930614e-06
8.217307995781794754e-08
3.192133885245887353e-09
1.240031253871009321e-10
4.817083386354766266e-12
1.871266734499906136e-13
7.269210247771512510e-15
2.823831399986277685e-16
1.096958748440798982e-17
4.261297242415581471e-19
1.655363450451423988e-20
6.430502256015195842e-22
2.498022972135828697e-23
9.703936832431891134e-25
3.769636672589488431e-26
1.464370681716921477e-27
5.688549882142046023e-29
2.206471013228227022e-30
0.000000000000000000e+00
