0.000000000000000000e+00
1.456719218276314454e-02
2.913438446036475254e-02
4.370157692753721262e-02
5.826876967880082608e-02
7.283596280835809289e-02
8.740315640998841396e-02
1.019703505769429946e-01
1.165375454018407614e-01
1.311047409765645211e-01
1.456719373921582239e-01
1.602391347387252807e-01
1.748063331053273661e-01
1.893735325798852620e-01
2.039407332490799640e-01
2.185079351982560925e-01
2.330751385113258578e-01
2.476423432706756911e-01
2.622095495570737622e-01
2.767767574495795246e-01
2.913439670254552305e-01
3.059111783600793055e-01
3.204783915268620831e-01
3.350456065971633701e-01
3.496128236402127887e-01
3.641800427230316717e-01
3.787472639103585670e-01
3.933144872645762957e-01
4.078817128456420082e-01
4.224489407110198491e-01
4.370161709156168417e-01
4.515834035117206047e-01
4.661506385489413429e-01
4.807178760741556145e-01
4.952851161314539286e-01
5.098523587620910069e-01
5.244196040044392104e-01
5.389868518939457953e-01
5.535541024630922236e-01
5.681213557413584692e-01
5.826886117551887123e-01
5.972558705279622515e-01
6.118231320799663031e-01
6.263903964283739079e-01
6.409576635872227257e-01
6.555249335674007138e-01
6.700922063766323600e-01
6.846594820194703557e-01
6.992267604972897121e-01
7.137940418082854288e-01
7.283613259474750468e-01
7.429286129067030897e-01
7.574959026746501678e-01
7.720631952368441908e-01
7.866304905756773547e-01
8.011977886704249041e-01
8.157650894972674482e-01
8.303323930293179389e-01
8.448996992366502035e-01
8.594670080863330286e-01
8.740343195424656875e-01
8.886016335662184629e-01
9.031689501158747246e-01
9.177362691468772260e-01
9.323035906118782856e-01
9.468709144607916350e-01
9.614382406408480408e-01
9.760055690966534803e-01
9.905728997702516470e-01
1.005140232601187344e+00
1.019707567526574987e+00
1.034274904481166102e+00
1.048842243397424268e+00
1.063409584205600167e+00
1.077976926833806637e+00
1.092544271208101936e+00
1.107111617252569458e+00
1.121678964889400998e+00
1.136246314038952709e+00
1.150813664619421584e+00
1.165381016541648052e+00
1.179948369641255157e+00
1.194515722815506331e+00
1.209083063188796103e+00
1.223650232217668776e+00
1.238215304130046102e+00
1.252755481220360956e+00
1.267010779983118063e+00
1.278183745640543378e+00
1.259201163828029824e+00
1.014561300816482659e+00
3.944906279656195669e-01
1.295783170927748418e-01
4.199752178622218751e-02
1.359878803719257248e-02
4.402986203212631844e-03
1.425582511675943910e-03
4.615696511287999647e-04
1.494452519983111374e-04
4.838681064063187837e-05
1.566649600694503886e-05
5.072438002917617390e-06
1.642334525985908783e-06
5.317487751834157040e-07
1.721675794030627108e-07
5.574375867115915043e-08
1.804850042941771688e-08
5.843674260859614672e-09
1.892042444197430541e-09
6.125982473325385607e-10
1.983447112013794424e-10
6.421928918840563133e-11
2.079267261064715702e-11
6.732163808677552792e-12
2.179689479806831029e-12
7.056552043320045437e-13
2.282386879588803578e-13
7.317043506841029176e-14
2.144295623119397643e-14
0.000000000000000000e+00
