0.000000000000000000e+00
1.176470588235294101e-02
2.352941176470588203e-02
3.529411764705882304e-02
4.705882352941176405e-02
5.882352941176470507e-02
7.058823529411764608e-02
8.235294117647058709e-02
9.411764705882352811e-02
1.058823529411764691e-01
1.176470588235294101e-01
1.294117647058823373e-01
1.411764705882352922e-01
1.529411764705882470e-01
1.647058823529411742e-01
1.764705882352941013e-01
1.882352941176470562e-01
2.000000000000000111e-01
2.117647058823529382e-01
2.235294117647058654e-01
2.352941176470588203e-01
2.470588235294117752e-01
2.588235294117646745e-01
2.705882352941176294e-01
2.823529411764705843e-01
2.941176470588235392e-01
3.058823529411764941e-01
3.176470588235293935e-01
3.294117647058823484e-01
3.411764705882353033e-01
3.529411764705882026e-01
3.647058823529411575e-01
3.764705882352941124e-01
3.882352941176470673e-01
4.000000000000000222e-01
4.117647058823529216e-01
4.235294117647058765e-01
4.352941176470588314e-01
4.470588235294117307e-01
4.588235294117646856e-01
4.705882352941176405e-01
4.823529411764705954e-01
4.941176470588235503e-01
5.058823529411764497e-01
5.176470588235293491e-01
5.294117647058823595e-01
5.411764705882352589e-01
5.529411764705882693e-01
5.647058823529411686e-01
5.764705882352940680e-01
5.882352941176470784e-01
5.999999999999999778e-01
6.117647058823529882e-01
6.235294117647058876e-01
6.352941176470587870e-01
6.470588235294117974e-01
6.588235294117646967e-01
6.705882352941175961e-01
6.823529411764706065e-01
6.941176470588235059e-01
7.058823529411764053e-01
7.176470588235294157e-01
7.294117647058823151e-01
7.411764705882353255e-01
7.529411764705882248e-01
7.647058823529411242e-01
7.764705882352941346e-01
7.882352941176470340e-01
8.000000000000000444e-01
8.117647058823529438e-01
8.235294117647058432e-01
8.352941176470588536e-01
8.470588235294117530e-01
8.588235294117646523e-01
8.705882352941176627e-01
8.823529411764705621e-01
8.941176470588234615e-01
9.058823529411764719e-01
9.176470588235293713e-01
9.294117647058823817e-01
9.411764705882352811e-01
9.529411764705881804e-01
9.647058823529411908e-01
9.764705882352940902e-01
9.882352941176471006e-01
1.000000000000000000e+00
