0.000000000000000000e+00
1.063829787234042527e-02
2.127659574468085055e-02
3.191489361702127409e-02
4.255319148936170109e-02
5.319148936170212810e-02
6.382978723404254817e-02
7.446808510638297518e-02
8.510638297872340219e-02
9.574468085106382920e-02
1.063829787234042562e-01
1.170212765957446832e-01
1.276595744680850963e-01
1.382978723404255372e-01
1.489361702127659504e-01
1.595744680851063912e-01
1.702127659574468044e-01
1.808510638297872175e-01
1.914893617021276584e-01
2.021276595744680715e-01
2.127659574468085124e-01
2.234042553191489255e-01
2.340425531914893664e-01
2.446808510638297796e-01
2.553191489361701927e-01
2.659574468085106336e-01
2.765957446808510745e-01
2.872340425531914598e-01
2.978723404255319007e-01
3.085106382978723416e-01
3.191489361702127825e-01
3.297872340425531679e-01
3.404255319148936088e-01
3.510638297872340496e-01
3.617021276595744350e-01
3.723404255319148759e-01
3.829787234042553168e-01
3.936170212765957577e-01
4.042553191489361430e-01
4.148936170212765839e-01
4.255319148936170248e-01
4.361702127659574102e-01
4.468085106382978511e-01
4.574468085106382920e-01
4.680851063829787329e-01
4.787234042553191182e-01
4.893617021276595591e-01
5.000000000000000000e-01
5.106382978723403854e-01
5.212765957446808818e-01
5.319148936170212671e-01
5.425531914893616525e-01
5.531914893617021489e-01
5.638297872340425343e-01
5.744680851063829197e-01
5.851063829787234161e-01
5.957446808510638014e-01
6.063829787234041868e-01
6.170212765957446832e-01
6.276595744680850686e-01
6.382978723404255650e-01
6.489361702127659504e-01
6.595744680851063357e-01
6.702127659574468321e-01
6.808510638297872175e-01
6.914893617021276029e-01
7.021276595744680993e-01
7.127659574468084847e-01
7.234042553191488700e-01
7.340425531914893664e-01
7.446808510638297518e-01
7.553191489361702482e-01
7.659574468085106336e-01
7.765957446808510189e-01
7.872340425531915153e-01
7.978723404255319007e-01
8.085106382978722861e-01
8.191489361702127825e-01
8.297872340425531679e-01
8.404255319148935532e-01
8.510638297872340496e-01
8.617021276595744350e-01
8.723404255319148204e-01
8.829787234042553168e-01
8.936170212765957022e-01
9.042553191489361986e-01
9.148936170212765839e-01
9.255319148936169693e-01
9.361702127659574657e-01
9.468085106382978511e-01
9.574468085106382365e-01
9.680851063829787329e-01
9.787234042553191182e-01
9.893617021276595036e-01
1.000000000000000000e+00
