-1.7471
-1.7405
-1.2994
-1.3469
-1.3694
-1.3373
-1.2492
-1.2854
-1.2115
-1.201
-1.1976
-1.1904
-1.1924
-1.1886
-1.2006
-1.1562
-1.1514
-1.1832
-1.1653
-1.1635
-1.1205
-1.0866
-1.0929
-1.0803
-1.0629
-1.0534
-1.0644
-1.0753
-1.0792
-1.0702
-1.0534
-1.0402
-1.0296
-0.99845
-0.95071
-0.90763
-0.87791
-0.87638
-0.89993
-0.89895
-0.85852
-0.81897
-0.74435
-0.67559
-0.72097
-0.68413
-0.56216
-0.59168
-0.34312
-0.52862
-0.76862
-0.49537
-0.14953
0.083841
0.25757
0.66572
0.92699
0.79397
0.20779
-0.21209
-0.54825
-0.61707
-0.75179
-0.86921
-0.84176
-0.84822
-0.89407
-0.88668
-0.89678
-0.88279
-0.87807
-0.90095
-0.92794
-0.93734
-0.93341
-0.92941
-0.91852
-0.9284
-0.94273
-0.93958
-0.92143
-0.92626
-0.95181
-0.95533
-0.96055
-0.96427
-0.94832
-0.95382
-1.0001
-1.0068
-0.97874
-0.97002
-0.97512
-0.97518
-0.97029
-0.97506
-0.98973
-1.0134
-1.0477
-1.0667
-1.0868
-1.1303
-1.1466
-1.17
-1.222
-1.2066
-1.2072
-1.1981
-1.6161
-1.803
-1.7535
