0.0020813
-0.00058015
3.9545e-05
-2.5073e-05
-5.4655e-05
1.3455e-05
-8.9808e-06
-1.9724e-06
-3.2063e-05
-1.1988e-05
-1.366e-05
-1.316e-05
-1.076e-05
-1.3264e-05
-2.1917e-05
-1.2634e-05
-2.0091e-05
-2.1471e-05
-7.5738e-06
-1.4955e-05
-3.204e-05
-1.5559e-05
-3.8419e-05
-4.1065e-05
-2.8604e-05
-2.1025e-05
-2.9389e-05
-2.8429e-05
-2.6049e-05
-2.2616e-05
-1.6937e-05
-1.0454e-05
-1.0523e-05
-9.9938e-06
-9.5769e-06
-1.6389e-05
-1.7366e-05
-1.1893e-05
-1.1245e-05
-6.4019e-06
-2.2368e-05
-4.3905e-06
-3.0935e-05
-8.3771e-06
-1.1527e-05
-3.1207e-05
-4.4736e-05
3.3562e-06
-0.00011317
-7.3484e-05
-9.8875e-05
-4.616e-05
-4.8202e-05
-2.1832e-05
-3.6489e-05
-2.5007e-05
-2.528e-05
1.9421e-06
2.8632e-05
4.5069e-05
2.175e-05
2.1678e-06
9.6623e-06
-1.6564e-06
3.3135e-06
7.1706e-06
1.2495e-06
3.0976e-06
4.1953e-06
2.2573e-06
4.7768e-06
8.0224e-06
1.0323e-05
1.1371e-05
1.1341e-05
1.0732e-05
5.7263e-06
9.1859e-06
6.0242e-06
5.2989e-06
3.3959e-06
2.0132e-06
-1.6511e-06
-1.4573e-06
7.5827e-07
-2.2257e-06
-1.2746e-06
6.3229e-06
1.0667e-05
6.1513e-06
1.346e-05
1.4983e-05
1.9338e-05
2.7221e-05
3.3367e-05
3.8437e-05
4.0735e-05
4.282e-05
4.2185e-05
5.5047e-05
4.4877e-05
2.3369e-05
4.9095e-05
2.8307e-05
3.4985e-05
3.1049e-05
3.4311e-05
1.4988e-06
0.00028311
-0.0009574
-0.00079325
