-0.00017704
-0.00011624
-0.00021424
-6.6297e-05
-8.1512e-05
-0.00012939
-3.6044e-05
-5.1868e-05
-3.0794e-05
-6.9202e-05
-5.1033e-05
-5.7958e-05
-7.5907e-05
-4.3936e-05
-4.5741e-05
-7.8933e-05
-7.2378e-05
-4.6191e-05
-1.9e-05
-8.2139e-06
-2.24e-05
-4.6217e-05
-6.4008e-05
-7.0996e-05
-7.8301e-05
-8.3116e-05
-8.6712e-05
-7.8551e-05
-7.0848e-05
-5.3701e-05
-2.8346e-05
-4.7181e-07
2.2861e-05
3.3957e-05
2.4802e-05
1.7255e-05
1.2559e-05
1.8227e-05
2.9912e-05
1.9298e-05
2.4626e-05
5.3232e-05
3.9033e-05
7.4841e-05
6.9096e-05
8.3458e-05
8.7269e-05
0.0001679
0.00012088
0.00019973
3.8016e-05
4.2347e-05
2.6847e-05
6.9123e-05
3.9323e-05
3.6364e-05
4.086e-05
5.0252e-05
3.8611e-05
8.2208e-05
1.3289e-05
1.7639e-05
1.5953e-05
1.9331e-05
2.5503e-05
6.4314e-06
-6.47e-06
-7.7686e-06
-9.8639e-06
-1.4724e-05
-1.0248e-05
-6.1397e-06
-6.9362e-06
-8.4935e-06
-9.4103e-06
-6.2934e-06
2.6006e-06
1.314e-05
1.9864e-05
2.4846e-05
2.3524e-05
3.1584e-05
3.8302e-05
4.8137e-05
5.2071e-05
4.4795e-05
4.1819e-05
3.6011e-05
2.5937e-05
1.9699e-05
3.9384e-06
-2.6383e-05
-3.6187e-05
-3.6294e-05
-5.0114e-05
-7.7562e-05
-0.00010652
-0.00013044
-0.0001389
-0.00014612
-0.00021116
-0.00025648
-0.00015771
-0.00028912
-0.00020503
-0.00040312
-0.00036706
-0.00011614
-0.00022717
0.0001294
-0.00018173
