0.0016623
0.004148
0.0094609
0.014032
0.019365
0.025377
0.031964
0.039004
0.042652
0.046363
0.050118
0.053899
0.057687
0.061464
0.065212
0.068913
0.072548
0.076101
0.079555
0.082893
0.086099
0.089159
0.092058
0.094783
0.097321
0.09966
0.10179
0.1037
0.10538
0.10683
0.10804
0.10899
0.10969
0.11014
0.11032
0.11025
0.10991
0.10931
0.10845
0.10733
0.10595
0.10433
0.10246
0.10035
0.09801
0.095445
0.092665
0.089679
0.086497
0.079592
0.072046
0.063964
0.055459
0.046653
0.03767
0.028639
0.01969
0.0067017
-0.0091525
-0.022504
-0.027998
-0.032604
-0.036263
-0.03894
-0.040617
-0.0413
-0.041278
-0.041019
-0.040532
-0.039826
-0.03891
-0.037798
-0.036501
-0.035034
-0.033414
-0.031657
-0.02978
-0.027804
-0.025747
-0.02363
-0.021474
-0.019298
-0.017125
-0.014975
-0.012867
-0.010821
-0.008856
-0.006989
-0.0052358
-0.0036105
-0.0021257
-0.00079147
0.00038405
0.0013952
0.0022387
0.002914
0.003423
0.0037701
0.0039624
0.0040095
0.0039231
0.0037172
0.0034077
0.0030123
0.0025501
0.0015076
0.00045122
-0.00044352
-0.0010067
-0.0010829
0.00073099
