168
170.44
176.14
181.38
182.25
172.85
179.29
188.05
178.59
185.34
181.27
190.47
192.65
191.73
203.35
195.46
202.99
199.37
202.13
215.47
195.75
194.07
219.4
210.11
194.72
173.79
159.73
167
242.61
228.25
124.57
113
140.72
89.506
113.58
143.8
148.49
73.454
60.448
35.675
-16.809
33.26
2.8975
-8.1384
1.9762
-68.532
-121.65
-52.963
-38.456
-23.814
-23.814
-38.456
-52.963
-121.65
-68.532
1.9762
-8.1384
2.8975
33.26
-16.809
35.675
60.448
73.454
148.49
143.8
113.58
89.506
140.72
113
124.57
228.25
242.61
167
159.73
173.79
194.72
210.11
219.4
194.07
195.75
215.47
202.13
199.37
202.99
195.46
203.35
191.73
192.65
190.47
181.27
185.34
178.59
188.05
179.29
172.85
182.25
181.38
176.14
170.44
168
