-1.0892
-1.0843
-1.0955
-1.136
-1.1752
-1.2156
-1.252
-1.2836
-1.295
-1.3961
-1.5812
-1.8281
-2.139
-2.0881
-1.7914
-1.5051
-1.2291
-1.2181
-1.5404
-1.8774
-2.1387
-2.0545
-1.9778
-1.9012
-1.8954
-1.8885
-1.8623
-1.7345
-1.5308
-1.2789
-1.2662
-1.7299
-2.3608
-2.6305
-1.4668
-0.42586
0.47939
1.2313
1.4239
1.709
2.2127
2.9191
2.9939
2.5374
2.1413
2.0692
2.4178
2.6998
2.91
2.9725
2.9725
2.91
2.6998
2.4178
2.0692
2.1413
2.5374
2.9939
2.9191
2.2127
1.709
1.4239
1.2313
0.47939
-0.42586
-1.4668
-2.6305
-2.3608
-1.7299
-1.2662
-1.2789
-1.5308
-1.7345
-1.8623
-1.8885
-1.8954
-1.9012
-1.9778
-2.0545
-2.1387
-1.8774
-1.5404
-1.2181
-1.2291
-1.5051
-1.7914
-2.0881
-2.139
-1.8281
-1.5812
-1.3961
-1.295
-1.2836
-1.252
-1.2156
-1.1752
-1.136
-1.0955
-1.0843
-1.0892
