7.3361e-16
-0.00012967
-0.00012472
0.00015096
1.323e-05
-3.29e-05
0.00019735
1.4296e-05
-0.00011607
-7.6706e-05
-1.8199e-05
0.0003854
0.00026994
1.1141e-05
-0.00017147
-0.00022379
-0.00056834
-4.1397e-07
0.0011591
0.00078526
-0.00062478
-0.00041602
-1.1417e-06
0.00091155
-0.00028067
-0.0006639
-0.00099114
0.00078197
0.0020487
0.0001851
-0.0011979
0.00012991
-0.0007986
-0.0041304
0.0053237
0.0022728
-4.1933e-05
-0.0054886
0.0039794
-0.00010731
-0.00047441
0.0018846
-0.001047
-0.0029668
0.0021641
0.0021851
-0.0025453
-0.00046646
0.0019486
0.0010179
-0.0010179
-0.0019486
0.00046646
0.0025453
-0.0021851
-0.0021641
0.0029668
0.001047
-0.0018846
0.00047441
0.00010731
-0.0039794
0.0054886
4.1933e-05
-0.0022728
-0.0053237
0.0041304
0.0007986
-0.00012991
0.0011979
-0.0001851
-0.0020487
-0.00078197
0.00099114
0.0006639
0.00028067
-0.00091155
1.1417e-06
0.00041602
0.00062478
-0.00078526
-0.0011591
4.1397e-07
0.00056834
0.00022379
0.00017147
-1.1141e-05
-0.00026994
-0.0003854
1.8199e-05
7.6706e-05
0.00011607
-1.4296e-05
-0.00019735
3.29e-05
-1.323e-05
-0.00015096
0.00012472
0.00012967
7.342e-16
