1.3383e-14
0.0089665
0.026865
-0.11135
0.26159
-0.20622
0.13584
0.026225
0.018069
0.076331
0.053054
-0.02711
0.15119
-0.072868
0.18661
-0.14382
0.33055
-0.099191
0.086835
0.14606
0.0034246
0.051248
0.03899
0.25861
-0.12298
0.16992
-0.01485
0.25446
-0.1539
0.25312
-0.21161
0.27745
0.43536
-0.44513
0.57478
-0.56673
0.53877
-0.30738
0.48087
-0.8782
1.3982
-0.84473
0.20419
-0.14831
0.51774
-0.38115
0.44198
-0.4786
0.31381
-0.081814
0.081814
-0.31381
0.4786
-0.44198
0.38115
-0.51774
0.14831
-0.20419
0.84473
-1.3982
0.8782
-0.48087
0.30738
-0.53877
0.56673
-0.57478
0.44513
-0.43536
-0.27745
0.21161
-0.25312
0.1539
-0.25446
0.01485
-0.16992
0.12298
-0.25861
-0.03899
-0.051248
-0.0034246
-0.14606
-0.086835
0.099191
-0.33055
0.14382
-0.18661
0.072868
-0.15119
0.02711
-0.053054
-0.076331
-0.018069
-0.026225
-0.13584
0.20622
-0.26159
0.11135
-0.026865
-0.0089665
1.3118e-14
