33.226
35.821
42.509
51.129
48.579
37.64
42.024
29.945
41.506
42.214
39.724
41.114
50.272
54.126
57.627
52.213
29.341
41.677
42.701
46.486
37.528
23.232
25.224
38.955
24.98
7.7171
6.7996
40.605
108.73
45.237
23.902
62.17
48.395
54.374
48.091
64.49
67.824
82.377
71.353
59.248
47.687
37.141
38.013
36.082
68.051
73.051
-11.504
42.803
87.86
114.38
114.38
87.86
42.803
-11.504
73.051
68.051
36.082
38.013
37.141
47.687
59.248
71.353
82.377
67.824
64.49
48.091
54.374
48.395
62.17
23.902
45.237
108.73
40.605
6.7996
7.7171
24.98
38.955
25.224
23.232
37.528
46.486
42.701
41.677
29.341
52.213
57.627
54.126
50.272
41.114
39.724
42.214
41.506
29.945
42.024
37.64
48.579
51.129
42.509
35.821
33.226
