1,1.001,1.0029,1.0058,1.0097,1.0148,1.021,1.0285,1.0374,1.0479,1.0601,1.0743,1.0906,1.1095,1.1312,1.1561,1.1848,1.2178,1.2557,1.2993,1.3495,1.4072,1.4736,1.5499,1.6374,1.7374,1.8511,1.9796,2.1233,2.2817,2.453,2.6333,2.8163,2.9927,3.1509,3.2774,3.3596,3.3881,3.3596,3.2774,3.1509,2.9927,2.8163,2.6333,2.453,2.2817,2.1233,1.9796,1.8511,1.7374,1.6374,1.5499,1.4736,1.4072,1.3495,1.2993,1.2557,1.2178,1.1848,1.1561,1.1312,1.1095,1.0906,1.0743,1.0601,1.0479,1.0374,1.0285,1.021,1.0148,1.0097,1.0058,1.0029,1.001,1
0.95977,0.96072,0.96261,0.96549,0.96939,0.97437,0.98052,0.98794,0.99674,1.0071,1.0191,1.0331,1.0492,1.0678,1.0892,1.1138,1.142,1.1745,1.2119,1.2548,1.3042,1.3611,1.4266,1.5019,1.5883,1.6874,1.8003,1.9285,2.0724,2.2322,2.4064,2.5915,2.7814,2.9668,3.1351,3.2712,3.3605,3.3916,3.3605,3.2712,3.1351,2.9668,2.7814,2.5915,2.4064,2.2322,2.0724,1.9285,1.8003,1.6874,1.5883,1.5019,1.4266,1.3611,1.3042,1.2548,1.2119,1.1745,1.142,1.1138,1.0892,1.0678,1.0492,1.0331,1.0191,1.0071,0.99674,0.98794,0.98052,0.97437,0.96939,0.96549,0.96261,0.96072,0.95977
0.91812,0.91904,0.92088,0.92368,0.92747,0.93231,0.93829,0.94549,0.95403,0.96405,0.97573,0.98926,1.0049,1.0229,1.0435,1.0673,1.0946,1.1259,1.1619,1.2033,1.251,1.3059,1.3692,1.4421,1.5261,1.6228,1.7338,1.8607,2.005,2.1675,2.3478,2.5436,2.7495,2.956,3.1487,3.3088,3.4158,3.4535,3.4158,3.3088,3.1487,2.956,2.7495,2.5436,2.3478,2.1675,2.005,1.8607,1.7338,1.6228,1.5261,1.4421,1.3692,1.3059,1.251,1.2033,1.1619,1.1259,1.0946,1.0673,1.0435,1.0229,1.0049,0.98926,0.97573,0.96405,0.95403,0.94549,0.93829,0.93231,0.92747,0.92368,0.92088,0.91904,0.91812
0.87556,0.87644,0.8782,0.88087,0.88449,0.88912,0.89482,0.90169,0.90983,0.91937,0.93048,0.94333,0.95815,0.97519,0.99476,1.0172,1.043,1.0726,1.1065,1.1456,1.1905,1.2423,1.302,1.3711,1.451,1.5435,1.6508,1.775,1.9186,2.0838,2.2722,2.4834,2.714,2.9549,3.1893,3.3917,3.5314,3.5812,3.5314,3.3917,3.1893,2.9549,2.714,2.4834,2.2722,2.0838,1.9186,1.775,1.6508,1.5435,1.451,1.3711,1.302,1.2423,1.1905,1.1456,1.1065,1.0726,1.043,1.0172,0.99476,0.97519,0.95815,0.94333,0.93048,0.91937,0.90983,0.90169,0.89482,0.88912,0.88449,0.88087,0.8782,0.87644,0.87556
0.83212,0.83295,0.8346,0.83711,0.8405,0.84484,0.85018,0.8566,0.86421,0.87312,0.88346,0.89542,0.90918,0.92498,0.94308,0.96382,0.98757,1.0148,1.046,1.0818,1.123,1.1704,1.2253,1.2888,1.3627,1.4489,1.5499,1.6687,1.8089,1.9747,2.1703,2.3992,2.6616,2.9509,3.2485,3.5198,3.7155,3.7861,3.7155,3.5198,3.2485,2.9509,2.6616,2.3992,2.1703,1.9747,1.8089,1.6687,1.5499,1.4489,1.3627,1.2888,1.2253,1.1704,1.123,1.0818,1.046,1.0148,0.98757,0.96382,0.94308,0.92498,0.90918,0.89542,0.88346,0.87312,0.86421,0.8566,0.85018,0.84484,0.8405,0.83711,0.8346,0.83295,0.83212
0.78786,0.78862,0.79014,0.79245,0.79557,0.79955,0.80445,0.81033,0.81728,0.82541,0.83482,0.84568,0.85815,0.87242,0.88873,0.90735,0.92861,0.9529,0.98066,1.0124,1.0489,1.0909,1.1394,1.1956,1.2612,1.3383,1.4296,1.5387,1.6705,1.8314,2.0292,2.2728,2.5694,2.9194,3.3067,3.6863,3.9783,4.0827,3.9783,3.6863,3.3067,2.9194,2.5694,2.2728,2.0292,1.8314,1.6705,1.5387,1.4296,1.3383,1.2612,1.1956,1.1394,1.0909,1.0489,1.0124,0.98066,0.9529,0.92861,0.90735,0.88873,0.87242,0.85815,0.84568,0.83482,0.82541,0.81728,0.81033,0.80445,0.79955,0.79557,0.79245,0.79014,0.78862,0.78786
0.74284,0.74352,0.74489,0.74696,0.74976,0.75333,0.75771,0.76297,0.76916,0.77638,0.78472,0.79431,0.80527,0.81777,0.832,0.84816,0.86653,0.8874,0.91114,0.93817,0.96904,1.0044,1.0451,1.0921,1.147,1.2117,1.2889,1.3825,1.4981,1.644,1.8318,2.0774,2.3995,2.8137,3.3168,3.8612,4.3244,4.479,4.3244,3.8612,3.3168,2.8137,2.3995,2.0774,1.8318,1.644,1.4981,1.3825,1.2889,1.2117,1.147,1.0921,1.0451,1.0044,0.96904,0.93817,0.91114,0.8874,0.86653,0.84816,0.832,0.81777,0.80527,0.79431,0.78472,0.77638,0.76916,0.76297,0.75771,0.75333,0.74976,0.74696,0.74489,0.74352,0.74284
0.69712,0.69772,0.69892,0.70073,0.70318,0.70629,0.71009,0.71464,0.71999,0.7262,0.73335,0.74152,0.75081,0.76134,0.77324,0.78667,0.8018,0.81885,0.83806,0.85972,0.88418,0.9119,0.94343,0.97954,1.0212,1.07,1.1281,1.1989,1.2877,1.4032,1.5595,1.7791,2.0953,2.5497,3.1726,3.9397,4.719,4.9385,4.719,3.9397,3.1726,2.5497,2.0953,1.7791,1.5595,1.4032,1.2877,1.1989,1.1281,1.07,1.0212,0.97954,0.94343,0.9119,0.88418,0.85972,0.83806,0.81885,0.8018,0.78667,0.77324,0.76134,0.75081,0.74152,0.73335,0.7262,0.71999,0.71464,0.71009,0.70629,0.70318,0.70073,0.69892,0.69772,0.69712
0.65081,0.65131,0.65232,0.65385,0.65591,0.65852,0.66171,0.6655,0.66993,0.67505,0.68091,0.68755,0.69504,0.70345,0.71285,0.72333,0.73498,0.7479,0.7622,0.77801,0.79546,0.81473,0.83603,0.85963,0.88594,0.91559,0.94961,0.98982,1.0395,1.1047,1.1972,1.3395,1.5748,1.9787,2.6496,3.6001,5.0166,5.3264,5.0166,3.6001,2.6496,1.9787,1.5748,1.3395,1.1972,1.1047,1.0395,0.98982,0.94961,0.91559,0.88594,0.85963,0.83603,0.81473,0.79546,0.77801,0.7622,0.7479,0.73498,0.72333,0.71285,0.70345,0.69504,0.68755,0.68091,0.67505,0.66993,0.6655,0.66171,0.65852,0.65591,0.65385,0.65232,0.65131,0.65081
0.60397,0.60438,0.60519,0.60642,0.60807,0.61016,0.61269,0.61568,0.61915,0.62313,0.62763,0.63267,0.63827,0.64446,0.65125,0.65865,0.66666,0.67527,0.68443,0.69409,0.70416,0.71447,0.72481,0.73487,0.74421,0.75225,0.75823,0.76118,0.76004,0.75402,0.74395,0.73669,0.763,0.9502,1.6498,2.6349,5.941,5.5551,5.941,2.6349,1.6498,0.9502,0.763,0.73669,0.74395,0.75402,0.76004,0.76118,0.75823,0.75225,0.74421,0.73487,0.72481,0.71447,0.70416,0.69409,0.68443,0.67527,0.66666,0.65865,0.65125,0.64446,0.63827,0.63267,0.62763,0.62313,0.61915,0.61568,0.61269,0.61016,0.60807,0.60642,0.60519,0.60438,0.60397
0.55671,0.55702,0.55763,0.55855,0.55978,0.56132,0.56318,0.56535,0.56783,0.57063,0.57374,0.57715,0.58083,0.58476,0.5889,0.59317,0.59749,0.60172,0.60568,0.60912,0.61168,0.61289,0.61205,0.60821,0.59999,0.58542,0.56158,0.52408,0.46609,0.37648,0.23531,0.0048819,-0.36397,-0.7248,0.32756,-0.22648,0.054629,3.9651,0.054629,-0.22648,0.32756,-0.7248,-0.36397,0.0048819,0.23531,0.37648,0.46609,0.52408,0.56158,0.58542,0.59999,0.60821,0.61205,0.61289,0.61168,0.60912,0.60568,0.60172,0.59749,0.59317,0.5889,0.58476,0.58083,0.57715,0.57374,0.57063,0.56783,0.56535,0.56318,0.56132,0.55978,0.55855,0.55763,0.55702,0.55671
0.50912,0.50933,0.50974,0.51034,0.51115,0.51214,0.51331,0.51466,0.51615,0.51778,0.5195,0.52127,0.52304,0.52472,0.52623,0.52741,0.52809,0.52802,0.52689,0.52425,0.51951,0.51186,0.50018,0.48288,0.4577,0.42133,0.36878,0.29232,0.17932,0.0079328,-0.26124,-0.69733,-1.413,-2.6148,-4.4258,3.6346,0.47635,0.63081,0.47635,3.6346,-4.4258,-2.6148,-1.413,-0.69733,-0.26124,0.0079328,0.17932,0.29232,0.36878,0.42133,0.4577,0.48288,0.50018,0.51186,0.51951,0.52425,0.52689,0.52802,0.52809,0.52741,0.52623,0.52472,0.52304,0.52127,0.5195,0.51778,0.51615,0.51466,0.51331,0.51214,0.51115,0.51034,0.50974,0.50933,0.50912
0.46131,0.46141,0.46162,0.46191,0.4623,0.46275,0.46325,0.46378,0.46429,0.46476,0.46512,0.4653,0.46521,0.46472,0.46368,0.46189,0.45909,0.45494,0.44898,0.44062,0.42905,0.41319,0.39155,0.36202,0.32164,0.26609,0.18893,0.080283,-0.075432,-0.30299,-0.63903,-1.1224,-1.7385,-2.2915,-2.3696,-1.0708,0.36038,0.45314,0.36038,-1.0708,-2.3696,-2.2915,-1.7385,-1.1224,-0.63903,-0.30299,-0.075432,0.080283,0.18893,0.26609,0.32164,0.36202,0.39155,0.41319,0.42905,0.44062,0.44898,0.45494,0.45909,0.46189,0.46368,0.46472,0.46521,0.4653,0.46512,0.46476,0.46429,0.46378,0.46325,0.46275,0.4623,0.46191,0.46162,0.46141,0.46131
0.41337,0.41338,0.41338,0.41338,0.41335,0.41327,0.41312,0.41286,0.41243,0.41179,0.41085,0.40951,0.40764,0.4051,0.40167,0.39711,0.39108,0.38316,0.37279,0.35926,0.34158,0.31849,0.2882,0.24831,0.19541,0.12464,0.028981,-0.10196,-0.28348,-0.53707,-0.88736,-1.3439,-1.8572,-2.2923,-2.5175,-2.4118,0.40569,0.44501,0.40569,-2.4118,-2.5175,-2.2923,-1.8572,-1.3439,-0.88736,-0.53707,-0.28348,-0.10196,0.028981,0.12464,0.19541,0.24831,0.2882,0.31849,0.34158,0.35926,0.37279,0.38316,0.39108,0.39711,0.40167,0.4051,0.40764,0.40951,0.41085,0.41179,0.41243,0.41286,0.41312,0.41327,0.41335,0.41338,0.41338,0.41338,0.41337
0.3654,0.36531,0.36513,0.36483,0.36441,0.36383,0.36306,0.36205,0.36074,0.35905,0.35689,0.35413,0.35062,0.34618,0.34057,0.33349,0.32455,0.31328,0.29904,0.28102,0.25815,0.22902,0.19173,0.14371,0.08145,4.7034e-05,-0.10732,-0.25017,-0.44124,-0.69555,-1.0238,-1.4149,-1.8158,-2.1591,-2.4697,-0.57233,-0.50413,0.24647,-0.50413,-0.57233,-2.4697,-2.1591,-1.8158,-1.4149,-1.0238,-0.69555,-0.44124,-0.25017,-0.10732,4.7034e-05,0.08145,0.14371,0.19173,0.22902,0.25815,0.28102,0.29904,0.31328,0.32455,0.33349,0.34057,0.34618,0.35062,0.35413,0.35689,0.35905,0.36074,0.36205,0.36306,0.36383,0.36441,0.36483,0.36513,0.36531,0.3654
0.3175,0.31732,0.31696,0.31639,0.3156,0.31456,0.31321,0.3115,0.30937,0.30671,0.30343,0.29938,0.29439,0.28825,0.2807,0.2714,0.25994,0.2458,0.22829,0.20657,0.17952,0.14568,0.10315,0.049386,-0.019003,-0.10656,-0.21933,-0.36514,-0.55321,-0.79152,-1.0789,-1.3908,-1.6722,-1.8704,-1.977,-1.8789,-1.5127,-1.3837,-1.5127,-1.8789,-1.977,-1.8704,-1.6722,-1.3908,-1.0789,-0.79152,-0.55321,-0.36514,-0.21933,-0.10656,-0.019003,0.049386,0.10315,0.14568,0.17952,0.20657,0.22829,0.2458,0.25994,0.2714,0.2807,0.28825,0.29439,0.29938,0.30343,0.30671,0.30937,0.3115,0.31321,0.31456,0.3156,0.31639,0.31696,0.31732,0.3175
0.26976,0.26949,0.26896,0.26815,0.26702,0.26555,0.26367,0.26133,0.25845,0.25493,0.25065,0.24545,0.23916,0.23154,0.22232,0.21114,0.19758,0.18108,0.16096,0.13636,0.10618,0.068984,0.022951,-0.034295,-0.10583,-0.19563,-0.30868,-0.45088,-0.62803,-0.8425,-1.086,-1.3304,-1.5307,-1.6555,-1.703,-1.6588,-1.522,-1.4622,-1.522,-1.6588,-1.703,-1.6555,-1.5307,-1.3304,-1.086,-0.8425,-0.62803,-0.45088,-0.30868,-0.19563,-0.10583,-0.034295,0.022951,0.068984,0.10618,0.13636,0.16096,0.18108,0.19758,0.21114,0.22232,0.23154,0.23916,0.24545,0.25065,0.25493,0.25845,0.26133,0.26367,0.26555,0.26702,0.26815,0.26896,0.26949,0.26976
0.22225,0.22191,0.22123,0.22019,0.21876,0.2169,0.21456,0.21166,0.20812,0.20384,0.19869,0.19251,0.18511,0.17625,0.16564,0.15293,0.13769,0.11937,0.097304,0.070647,0.038345,-0.00093121,-0.048864,-0.10758,-0.17975,-0.26866,-0.37824,-0.51262,-0.67486,-0.86374,-1.0681,-1.2625,-1.4142,-1.5058,-1.5398,-1.5206,-1.4626,-1.4345,-1.4626,-1.5206,-1.5398,-1.5058,-1.4142,-1.2625,-1.0681,-0.86374,-0.67486,-0.51262,-0.37824,-0.26866,-0.17975,-0.10758,-0.048864,-0.00093121,0.038345,0.070647,0.097304,0.11937,0.13769,0.15293,0.16564,0.17625,0.18511,0.19251,0.19869,0.20384,0.20812,0.21166,0.21456,0.2169,0.21876,0.22019,0.22123,0.22191,0.22225
0.17505,0.17465,0.17384,0.1726,0.17091,0.16871,0.16596,0.16257,0.15847,0.15355,0.14767,0.14067,0.13236,0.12249,0.1108,0.096918,0.080429,0.06081,0.037421,0.0094758,-0.024001,-0.064213,-0.11265,-0.17115,-0.24195,-0.3277,-0.43131,-0.5555,-0.70143,-0.86595,-1.0377,-1.1955,-1.3165,-1.3902,-1.4198,-1.4125,-1.3838,-1.369,-1.3838,-1.4125,-1.4198,-1.3902,-1.3165,-1.1955,-1.0377,-0.86595,-0.70143,-0.5555,-0.43131,-0.3277,-0.24195,-0.17115,-0.11265,-0.064213,-0.024001,0.0094758,0.037421,0.06081,0.080429,0.096918,0.1108,0.12249,0.13236,0.14067,0.14767,0.15355,0.15847,0.16257,0.16596,0.16871,0.17091,0.1726,0.17384,0.17465,0.17505
0.12824,0.12778,0.12686,0.12545,0.12353,0.12105,0.11795,0.11416,0.1096,0.10414,0.09767,0.09002,0.081,0.070379,0.05788,0.043169,0.025843,0.005414,-0.018709,-0.047244,-0.081064,-0.12123,-0.16902,-0.22598,-0.29393,-0.37492,-0.47105,-0.58396,-0.71359,-0.85595,-1.0006,-1.1306,-1.2296,-1.2903,-1.3157,-1.313,-1.2962,-1.2871,-1.2962,-1.313,-1.3157,-1.2903,-1.2296,-1.1306,-1.0006,-0.85595,-0.71359,-0.58396,-0.47105,-0.37492,-0.29393,-0.22598,-0.16902,-0.12123,-0.081064,-0.047244,-0.018709,0.005414,0.025843,0.043169,0.05788,0.070379,0.081,0.09002,0.09767,0.10414,0.1096,0.11416,0.11795,0.12105,0.12353,0.12545,0.12686,0.12778,0.12824
0.081863,0.081357,0.080342,0.078796,0.076688,0.073974,0.070596,0.066484,0.061549,0.055684,0.048761,0.040625,0.031093,0.019944,0.0069159,-0.0083031,-0.026086,-0.046879,-0.071215,-0.09973,-0.13319,-0.1725,-0.21873,-0.27316,-0.33721,-0.41243,-0.50029,-0.60163,-0.71566,-0.83815,-0.95993,-1.0676,-1.1489,-1.1986,-1.2192,-1.2176,-1.2059,-1.1995,-1.2059,-1.2176,-1.2192,-1.1986,-1.1489,-1.0676,-0.95993,-0.83815,-0.71566,-0.60163,-0.50029,-0.41243,-0.33721,-0.27316,-0.21873,-0.1725,-0.13319,-0.09973,-0.071215,-0.046879,-0.026086,-0.0083031,0.0069159,0.019944,0.031093,0.040625,0.048761,0.055684,0.061549,0.066484,0.070596,0.073974,0.076688,0.078796,0.080342,0.081357,0.081863
0.035973,0.03543,0.034341,0.032685,0.030431,0.027536,0.023944,0.019587,0.014378,0.0082153,0.00097595,-0.0074865,-0.017345,-0.028806,-0.042109,-0.057542,-0.075442,-0.096205,-0.1203,-0.14828,-0.1808,-0.21862,-0.26261,-0.31379,-0.37326,-0.44216,-0.52145,-0.61141,-0.71082,-0.81557,-0.91775,-1.0067,-1.073,-1.113,-1.1287,-1.1267,-1.1174,-1.1126,-1.1174,-1.1267,-1.1287,-1.113,-1.073,-1.0067,-0.91775,-0.81557,-0.71082,-0.61141,-0.52145,-0.44216,-0.37326,-0.31379,-0.26261,-0.21862,-0.1808,-0.14828,-0.1203,-0.096205,-0.075442,-0.057542,-0.042109,-0.028806,-0.017345,-0.0074865,0.00097595,0.0082153,0.014378,0.019587,0.023944,0.027536,0.030431,0.032685,0.034341,0.03543,0.035973
-0.0093901,-0.009961,-0.011105,-0.012843,-0.015203,-0.018229,-0.021972,-0.026499,-0.03189,-0.038243,-0.045672,-0.054313,-0.064326,-0.075899,-0.089251,-0.10464,-0.12235,-0.14275,-0.16623,-0.19327,-0.22439,-0.26023,-0.3015,-0.34897,-0.40347,-0.46581,-0.53655,-0.61561,-0.70152,-0.79045,-0.87566,-0.94863,-1.0022,-1.0336,-1.0448,-1.0419,-1.0339,-1.0299,-1.0339,-1.0419,-1.0448,-1.0336,-1.0022,-0.94863,-0.87566,-0.79045,-0.70152,-0.61561,-0.53655,-0.46581,-0.40347,-0.34897,-0.3015,-0.26023,-0.22439,-0.19327,-0.16623,-0.14275,-0.12235,-0.10464,-0.089251,-0.075899,-0.064326,-0.054313,-0.045672,-0.038243,-0.03189,-0.026499,-0.021972,-0.018229,-0.015203,-0.012843,-0.011105,-0.009961,-0.0093901
-0.054198,-0.054788,-0.055969,-0.05776,-0.06019,-0.063297,-0.067132,-0.071757,-0.077245,-0.083687,-0.091189,-0.099874,-0.10989,-0.1214,-0.13459,-0.14971,-0.16699,-0.18675,-0.20931,-0.23507,-0.26446,-0.29799,-0.3362,-0.37969,-0.42906,-0.48484,-0.54729,-0.61609,-0.68967,-0.76454,-0.83502,-0.89431,-0.9369,-0.96086,-0.96822,-0.96438,-0.95705,-0.95357,-0.95705,-0.96438,-0.96822,-0.96086,-0.9369,-0.89431,-0.83502,-0.76454,-0.68967,-0.61609,-0.54729,-0.48484,-0.42906,-0.37969,-0.3362,-0.29799,-0.26446,-0.23507,-0.20931,-0.18675,-0.16699,-0.14971,-0.13459,-0.1214,-0.10989,-0.099874,-0.091189,-0.083687,-0.077245,-0.071757,-0.067132,-0.063297,-0.06019,-0.05776,-0.055969,-0.054788,-0.054198
-0.098431,-0.099031,-0.10023,-0.10205,-0.10451,-0.10766,-0.11153,-0.11619,-0.12169,-0.12813,-0.1356,-0.14421,-0.15409,-0.16538,-0.17825,-0.1929,-0.20955,-0.22843,-0.24984,-0.27408,-0.30151,-0.3325,-0.36748,-0.40688,-0.45111,-0.50049,-0.55508,-0.61436,-0.67678,-0.73922,-0.79694,-0.84453,-0.8778,-0.89547,-0.89956,-0.89489,-0.888,-0.88489,-0.888,-0.89489,-0.89956,-0.89547,-0.8778,-0.84453,-0.79694,-0.73922,-0.67678,-0.61436,-0.55508,-0.50049,-0.45111,-0.40688,-0.36748,-0.3325,-0.30151,-0.27408,-0.24984,-0.22843,-0.20955,-0.1929,-0.17825,-0.16538,-0.15409,-0.14421,-0.1356,-0.12813,-0.12169,-0.11619,-0.11153,-0.10766,-0.10451,-0.10205,-0.10023,-0.099031,-0.098431
-0.14208,-0.14268,-0.14388,-0.14571,-0.14817,-0.15131,-0.15517,-0.15979,-0.16525,-0.17161,-0.17895,-0.18738,-0.197,-0.20794,-0.22035,-0.23438,-0.25022,-0.26807,-0.28815,-0.31071,-0.33601,-0.36435,-0.39603,-0.43135,-0.47056,-0.51384,-0.56107,-0.61163,-0.66405,-0.71557,-0.76229,-0.79992,-0.82532,-0.83774,-0.83914,-0.83377,-0.8272,-0.82435,-0.8272,-0.83377,-0.83914,-0.83774,-0.82532,-0.79992,-0.76229,-0.71557,-0.66405,-0.61163,-0.56107,-0.51384,-0.47056,-0.43135,-0.39603,-0.36435,-0.33601,-0.31071,-0.28815,-0.26807,-0.25022,-0.23438,-0.22035,-0.20794,-0.197,-0.18738,-0.17895,-0.17161,-0.16525,-0.15979,-0.15517,-0.15131,-0.14817,-0.14571,-0.14388,-0.14268,-0.14208
-0.18513,-0.18573,-0.18692,-0.18873,-0.19116,-0.19426,-0.19806,-0.2026,-0.20795,-0.21415,-0.22129,-0.22944,-0.23871,-0.2492,-0.26102,-0.27432,-0.28923,-0.30592,-0.32455,-0.34532,-0.36843,-0.39407,-0.42246,-0.4538,-0.48822,-0.52575,-0.56618,-0.60886,-0.65238,-0.69439,-0.73167,-0.76087,-0.77969,-0.78777,-0.78698,-0.78107,-0.77475,-0.7721,-0.77475,-0.78107,-0.78698,-0.78777,-0.77969,-0.76087,-0.73167,-0.69439,-0.65238,-0.60886,-0.56618,-0.52575,-0.48822,-0.4538,-0.42246,-0.39407,-0.36843,-0.34532,-0.32455,-0.30592,-0.28923,-0.27432,-0.26102,-0.2492,-0.23871,-0.22944,-0.22129,-0.21415,-0.20795,-0.2026,-0.19806,-0.19426,-0.19116,-0.18873,-0.18692,-0.18573,-0.18513
-0.2276,-0.22818,-0.22935,-0.23112,-0.2335,-0.23653,-0.24023,-0.24464,-0.24982,-0.25581,-0.26267,-0.27048,-0.27932,-0.28927,-0.30042,-0.31289,-0.32679,-0.34223,-0.35935,-0.37828,-0.39916,-0.42214,-0.44733,-0.47485,-0.50474,-0.53695,-0.57118,-0.60678,-0.64247,-0.67623,-0.70547,-0.7276,-0.74095,-0.74547,-0.74293,-0.7366,-0.7305,-0.72802,-0.7305,-0.7366,-0.74293,-0.74547,-0.74095,-0.7276,-0.70547,-0.67623,-0.64247,-0.60678,-0.57118,-0.53695,-0.50474,-0.47485,-0.44733,-0.42214,-0.39916,-0.37828,-0.35935,-0.34223,-0.32679,-0.31289,-0.30042,-0.28927,-0.27932,-0.27048,-0.26267,-0.25581,-0.24982,-0.24464,-0.24023,-0.23653,-0.2335,-0.23112,-0.22935,-0.22818,-0.2276
-0.26949,-0.27006,-0.27119,-0.2729,-0.27521,-0.27814,-0.28171,-0.28595,-0.29091,-0.29664,-0.30317,-0.31058,-0.31892,-0.32827,-0.33869,-0.35027,-0.36309,-0.37724,-0.39282,-0.40991,-0.4286,-0.44897,-0.47109,-0.49501,-0.52069,-0.54802,-0.57666,-0.60596,-0.6348,-0.66147,-0.6839,-0.70012,-0.70896,-0.71059,-0.70666,-0.70005,-0.69415,-0.69181,-0.69415,-0.70005,-0.70666,-0.71059,-0.70896,-0.70012,-0.6839,-0.66147,-0.6348,-0.60596,-0.57666,-0.54802,-0.52069,-0.49501,-0.47109,-0.44897,-0.4286,-0.40991,-0.39282,-0.37724,-0.36309,-0.35027,-0.33869,-0.32827,-0.31892,-0.31058,-0.30317,-0.29664,-0.29091,-0.28595,-0.28171,-0.27814,-0.27521,-0.2729,-0.27119,-0.27006,-0.26949
-0.31082,-0.31136,-0.31246,-0.3141,-0.31631,-0.31911,-0.32252,-0.32657,-0.33128,-0.3367,-0.34287,-0.34983,-0.35763,-0.36632,-0.37596,-0.38662,-0.39834,-0.41119,-0.42522,-0.44049,-0.45705,-0.47494,-0.49417,-0.51472,-0.53653,-0.55942,-0.58306,-0.60681,-0.62971,-0.65033,-0.66703,-0.67834,-0.68348,-0.68279,-0.67779,-0.67098,-0.66528,-0.66306,-0.66528,-0.67098,-0.67779,-0.68279,-0.68348,-0.67834,-0.66703,-0.65033,-0.62971,-0.60681,-0.58306,-0.55942,-0.53653,-0.51472,-0.49417,-0.47494,-0.45705,-0.44049,-0.42522,-0.41119,-0.39834,-0.38662,-0.37596,-0.36632,-0.35763,-0.34983,-0.34287,-0.3367,-0.33128,-0.32657,-0.32252,-0.31911,-0.31631,-0.3141,-0.31246,-0.31136,-0.31082
-0.35161,-0.35213,-0.35317,-0.35473,-0.35684,-0.35949,-0.36272,-0.36654,-0.37097,-0.37606,-0.38182,-0.3883,-0.39553,-0.40355,-0.41239,-0.4221,-0.43271,-0.44426,-0.45678,-0.4703,-0.48482,-0.50036,-0.51688,-0.53433,-0.55261,-0.57152,-0.59071,-0.60962,-0.62739,-0.64287,-0.65479,-0.66205,-0.66419,-0.66165,-0.65583,-0.64893,-0.64341,-0.64131,-0.64341,-0.64893,-0.65583,-0.66165,-0.66419,-0.66205,-0.65479,-0.64287,-0.62739,-0.60962,-0.59071,-0.57152,-0.55261,-0.53433,-0.51688,-0.50036,-0.48482,-0.4703,-0.45678,-0.44426,-0.43271,-0.4221,-0.41239,-0.40355,-0.39553,-0.3883,-0.38182,-0.37606,-0.37097,-0.36654,-0.36272,-0.35949,-0.35684,-0.35473,-0.35317,-0.35213,-0.35161
-0.39189,-0.39238,-0.39336,-0.39484,-0.39682,-0.39931,-0.40234,-0.40591,-0.41005,-0.41478,-0.42012,-0.4261,-0.43273,-0.44006,-0.44809,-0.45686,-0.46638,-0.47666,-0.48772,-0.49956,-0.51216,-0.52549,-0.53951,-0.55413,-0.56922,-0.58458,-0.59986,-0.61456,-0.62795,-0.6391,-0.64704,-0.65099,-0.65072,-0.64673,-0.64031,-0.63337,-0.62805,-0.62605,-0.62805,-0.63337,-0.64031,-0.64673,-0.65072,-0.65099,-0.64704,-0.6391,-0.62795,-0.61456,-0.59986,-0.58458,-0.56922,-0.55413,-0.53951,-0.52549,-0.51216,-0.49956,-0.48772,-0.47666,-0.46638,-0.45686,-0.44809,-0.44006,-0.43273,-0.4261,-0.42012,-0.41478,-0.41005,-0.40591,-0.40234,-0.39931,-0.39682,-0.39484,-0.39336,-0.39238,-0.39189
-0.43168,-0.43214,-0.43306,-0.43444,-0.43629,-0.43861,-0.44143,-0.44474,-0.44857,-0.45293,-0.45783,-0.4633,-0.46934,-0.47597,-0.4832,-0.49103,-0.49949,-0.50855,-0.51822,-0.52847,-0.53926,-0.55056,-0.56229,-0.57435,-0.58659,-0.5988,-0.61066,-0.62173,-0.6314,-0.63893,-0.64359,-0.64485,-0.64266,-0.63755,-0.6307,-0.62379,-0.61866,-0.61676,-0.61866,-0.62379,-0.6307,-0.63755,-0.64266,-0.64485,-0.64359,-0.63893,-0.6314,-0.62173,-0.61066,-0.5988,-0.58659,-0.57435,-0.56229,-0.55056,-0.53926,-0.52847,-0.51822,-0.50855,-0.49949,-0.49103,-0.4832,-0.47597,-0.46934,-0.4633,-0.45783,-0.45293,-0.44857,-0.44474,-0.44143,-0.43861,-0.43629,-0.43444,-0.43306,-0.43214,-0.43168
-0.47102,-0.47145,-0.4723,-0.47358,-0.47529,-0.47744,-0.48003,-0.48308,-0.48659,-0.49057,-0.49503,-0.49998,-0.50543,-0.51137,-0.51781,-0.52475,-0.53218,-0.54008,-0.54843,-0.55719,-0.56632,-0.57575,-0.5854,-0.59515,-0.60486,-0.6143,-0.62321,-0.63117,-0.6377,-0.64222,-0.6442,-0.6433,-0.63959,-0.63364,-0.62651,-0.61969,-0.61475,-0.61294,-0.61475,-0.61969,-0.62651,-0.63364,-0.63959,-0.6433,-0.6442,-0.64222,-0.6377,-0.63117,-0.62321,-0.6143,-0.60486,-0.59515,-0.5854,-0.57575,-0.56632,-0.55719,-0.54843,-0.54008,-0.53218,-0.52475,-0.51781,-0.51137,-0.50543,-0.49998,-0.49503,-0.49057,-0.48659,-0.48308,-0.48003,-0.47744,-0.47529,-0.47358,-0.4723,-0.47145,-0.47102
-0.50994,-0.51033,-0.51111,-0.51229,-0.51386,-0.51583,-0.5182,-0.52097,-0.52416,-0.52777,-0.53179,-0.53623,-0.54109,-0.54636,-0.55204,-0.55812,-0.56457,-0.57137,-0.57849,-0.58588,-0.59347,-0.60121,-0.60898,-0.61668,-0.62414,-0.63118,-0.63753,-0.64286,-0.64676,-0.6488,-0.6486,-0.64599,-0.64111,-0.63454,-0.62726,-0.62055,-0.61581,-0.61409,-0.61581,-0.62055,-0.62726,-0.63454,-0.64111,-0.64599,-0.6486,-0.6488,-0.64676,-0.64286,-0.63753,-0.63118,-0.62414,-0.61668,-0.60898,-0.60121,-0.59347,-0.58588,-0.57849,-0.57137,-0.56457,-0.55812,-0.55204,-0.54636,-0.54109,-0.53623,-0.53179,-0.52777,-0.52416,-0.52097,-0.5182,-0.51583,-0.51386,-0.51229,-0.51111,-0.51033,-0.50994
-0.54847,-0.54883,-0.54954,-0.55061,-0.55204,-0.55382,-0.55597,-0.55848,-0.56135,-0.56457,-0.56816,-0.57211,-0.5764,-0.58103,-0.58598,-0.59124,-0.59677,-0.60255,-0.60852,-0.61464,-0.62084,-0.62704,-0.63314,-0.63901,-0.64452,-0.64947,-0.65364,-0.65675,-0.65846,-0.65847,-0.65653,-0.65257,-0.64681,-0.63981,-0.63246,-0.62592,-0.62136,-0.61973,-0.62136,-0.62592,-0.63246,-0.63981,-0.64681,-0.65257,-0.65653,-0.65847,-0.65846,-0.65675,-0.65364,-0.64947,-0.64452,-0.63901,-0.63314,-0.62704,-0.62084,-0.61464,-0.60852,-0.60255,-0.59677,-0.59124,-0.58598,-0.58103,-0.5764,-0.57211,-0.56816,-0.56457,-0.56135,-0.55848,-0.55597,-0.55382,-0.55204,-0.55061,-0.54954,-0.54883,-0.54847
-0.58665,-0.58698,-0.58762,-0.58859,-0.58987,-0.59147,-0.5934,-0.59564,-0.59819,-0.60106,-0.60422,-0.60769,-0.61144,-0.61545,-0.61971,-0.6242,-0.62887,-0.63369,-0.63862,-0.64358,-0.64852,-0.65334,-0.65795,-0.66222,-0.66602,-0.66918,-0.6715,-0.67274,-0.67266,-0.67103,-0.66771,-0.66271,-0.6563,-0.64903,-0.6417,-0.63534,-0.63098,-0.62942,-0.63098,-0.63534,-0.6417,-0.64903,-0.6563,-0.66271,-0.66771,-0.67103,-0.67266,-0.67274,-0.6715,-0.66918,-0.66602,-0.66222,-0.65795,-0.65334,-0.64852,-0.64358,-0.63862,-0.63369,-0.62887,-0.6242,-0.61971,-0.61545,-0.61144,-0.60769,-0.60422,-0.60106,-0.59819,-0.59564,-0.5934,-0.59147,-0.58987,-0.58859,-0.58762,-0.58698,-0.58665
-0.62452,-0.62481,-0.62539,-0.62625,-0.62739,-0.62882,-0.63052,-0.6325,-0.63475,-0.63726,-0.64003,-0.64303,-0.64626,-0.64969,-0.65331,-0.65707,-0.66095,-0.66489,-0.66885,-0.67277,-0.67657,-0.68017,-0.68346,-0.68634,-0.68867,-0.6903,-0.69106,-0.69076,-0.68921,-0.68627,-0.68187,-0.67609,-0.66923,-0.66181,-0.65456,-0.6484,-0.64423,-0.64275,-0.64423,-0.6484,-0.65456,-0.66181,-0.66923,-0.67609,-0.68187,-0.68627,-0.68921,-0.69076,-0.69106,-0.6903,-0.68867,-0.68634,-0.68346,-0.68017,-0.67657,-0.67277,-0.66885,-0.66489,-0.66095,-0.65707,-0.65331,-0.64969,-0.64626,-0.64303,-0.64003,-0.63726,-0.63475,-0.6325,-0.63052,-0.62882,-0.62739,-0.62625,-0.62539,-0.62481,-0.62452
-0.66211,-0.66236,-0.66287,-0.66363,-0.66464,-0.66589,-0.66739,-0.66911,-0.67107,-0.67324,-0.67562,-0.67819,-0.68093,-0.68382,-0.68683,-0.68992,-0.69306,-0.69621,-0.6993,-0.70228,-0.70506,-0.70757,-0.70972,-0.71138,-0.71245,-0.71279,-0.71224,-0.71068,-0.70795,-0.70397,-0.69875,-0.6924,-0.68525,-0.67778,-0.67067,-0.66472,-0.66073,-0.65933,-0.66073,-0.66472,-0.67067,-0.67778,-0.68525,-0.6924,-0.69875,-0.70397,-0.70795,-0.71068,-0.71224,-0.71279,-0.71245,-0.71138,-0.70972,-0.70757,-0.70506,-0.70228,-0.6993,-0.69621,-0.69306,-0.68992,-0.68683,-0.68382,-0.68093,-0.67819,-0.67562,-0.67324,-0.67107,-0.66911,-0.66739,-0.66589,-0.66464,-0.66363,-0.66287,-0.66236,-0.66211
-0.69945,-0.69967,-0.70011,-0.70078,-0.70165,-0.70274,-0.70403,-0.70552,-0.70719,-0.70905,-0.71106,-0.71322,-0.7155,-0.71788,-0.72033,-0.72281,-0.72528,-0.7277,-0.73,-0.73214,-0.73402,-0.73558,-0.73673,-0.73735,-0.73734,-0.73659,-0.73497,-0.73238,-0.72871,-0.72394,-0.7181,-0.71137,-0.70404,-0.69661,-0.68966,-0.68394,-0.68014,-0.67881,-0.68014,-0.68394,-0.68966,-0.69661,-0.70404,-0.71137,-0.7181,-0.72394,-0.72871,-0.73238,-0.73497,-0.73659,-0.73734,-0.73735,-0.73673,-0.73558,-0.73402,-0.73214,-0.73,-0.7277,-0.72528,-0.72281,-0.72033,-0.71788,-0.7155,-0.71322,-0.71106,-0.70905,-0.70719,-0.70552,-0.70403,-0.70274,-0.70165,-0.70078,-0.70011,-0.69967,-0.69945
-0.73657,-0.73676,-0.73715,-0.73771,-0.73846,-0.73939,-0.74049,-0.74175,-0.74316,-0.74471,-0.74638,-0.74816,-0.75001,-0.75192,-0.75385,-0.75577,-0.75764,-0.7594,-0.76101,-0.76239,-0.76349,-0.76421,-0.76449,-0.76422,-0.76331,-0.76166,-0.75916,-0.75574,-0.75134,-0.74597,-0.73969,-0.73271,-0.72533,-0.71798,-0.71124,-0.70575,-0.70213,-0.70087,-0.70213,-0.70575,-0.71124,-0.71798,-0.72533,-0.73271,-0.73969,-0.74597,-0.75134,-0.75574,-0.75916,-0.76166,-0.76331,-0.76422,-0.76449,-0.76421,-0.76349,-0.76239,-0.76101,-0.7594,-0.75764,-0.75577,-0.75385,-0.75192,-0.75001,-0.74816,-0.74638,-0.74471,-0.74316,-0.74175,-0.74049,-0.73939,-0.73846,-0.73771,-0.73715,-0.73676,-0.73657
-0.77351,-0.77368,-0.774,-0.77448,-0.77511,-0.77589,-0.7768,-0.77785,-0.77901,-0.78028,-0.78163,-0.78305,-0.78451,-0.78599,-0.78745,-0.78886,-0.79018,-0.79135,-0.79233,-0.79306,-0.79346,-0.79347,-0.793,-0.79198,-0.79031,-0.78792,-0.78471,-0.78064,-0.77569,-0.76988,-0.76331,-0.7562,-0.74883,-0.74163,-0.73512,-0.72986,-0.72642,-0.72522,-0.72642,-0.72986,-0.73512,-0.74163,-0.74883,-0.7562,-0.76331,-0.76988,-0.77569,-0.78064,-0.78471,-0.78792,-0.79031,-0.79198,-0.793,-0.79347,-0.79346,-0.79306,-0.79233,-0.79135,-0.79018,-0.78886,-0.78745,-0.78599,-0.78451,-0.78305,-0.78163,-0.78028,-0.77901,-0.77785,-0.7768,-0.77589,-0.77511,-0.77448,-0.774,-0.77368,-0.77351
-0.8103,-0.81044,-0.8107,-0.8111,-0.81162,-0.81225,-0.813,-0.81384,-0.81477,-0.81578,-0.81684,-0.81793,-0.81903,-0.82011,-0.82115,-0.8221,-0.82292,-0.82358,-0.824,-0.82415,-0.82395,-0.82334,-0.82225,-0.82059,-0.8183,-0.8153,-0.81154,-0.80697,-0.8016,-0.79549,-0.78875,-0.78159,-0.77432,-0.7673,-0.76102,-0.756,-0.75273,-0.75159,-0.75273,-0.756,-0.76102,-0.7673,-0.77432,-0.78159,-0.78875,-0.79549,-0.8016,-0.80697,-0.81154,-0.8153,-0.8183,-0.82059,-0.82225,-0.82334,-0.82395,-0.82415,-0.824,-0.82358,-0.82292,-0.8221,-0.82115,-0.82011,-0.81903,-0.81793,-0.81684,-0.81578,-0.81477,-0.81384,-0.813,-0.81225,-0.81162,-0.8111,-0.8107,-0.81044,-0.8103
-0.84697,-0.84707,-0.84729,-0.8476,-0.84802,-0.84852,-0.84911,-0.84977,-0.85048,-0.85125,-0.85203,-0.85282,-0.8536,-0.85433,-0.85498,-0.85552,-0.8559,-0.85609,-0.85603,-0.85568,-0.85496,-0.85383,-0.8522,-0.85002,-0.84722,-0.84374,-0.83954,-0.8346,-0.82894,-0.82264,-0.81582,-0.8087,-0.80156,-0.79476,-0.78873,-0.78393,-0.78083,-0.77976,-0.78083,-0.78393,-0.78873,-0.79476,-0.80156,-0.8087,-0.81582,-0.82264,-0.82894,-0.8346,-0.83954,-0.84374,-0.84722,-0.85002,-0.8522,-0.85383,-0.85496,-0.85568,-0.85603,-0.85609,-0.8559,-0.85552,-0.85498,-0.85433,-0.8536,-0.85282,-0.85203,-0.85125,-0.85048,-0.84977,-0.84911,-0.84852,-0.84802,-0.8476,-0.84729,-0.84707,-0.84697
-0.88353,-0.88361,-0.88378,-0.88402,-0.88434,-0.88472,-0.88516,-0.88565,-0.88617,-0.88671,-0.88725,-0.88777,-0.88824,-0.88865,-0.88895,-0.88913,-0.88912,-0.88891,-0.88843,-0.88764,-0.88648,-0.8849,-0.88284,-0.88022,-0.87701,-0.87316,-0.86863,-0.86342,-0.85758,-0.85118,-0.84436,-0.83734,-0.83037,-0.8238,-0.81802,-0.81346,-0.81051,-0.8095,-0.81051,-0.81346,-0.81802,-0.8238,-0.83037,-0.83734,-0.84436,-0.85118,-0.85758,-0.86342,-0.86863,-0.87316,-0.87701,-0.88022,-0.88284,-0.8849,-0.88648,-0.88764,-0.88843,-0.88891,-0.88912,-0.88913,-0.88895,-0.88865,-0.88824,-0.88777,-0.88725,-0.88671,-0.88617,-0.88565,-0.88516,-0.88472,-0.88434,-0.88402,-0.88378,-0.88361,-0.88353
-0.92002,-0.92008,-0.9202,-0.92038,-0.9206,-0.92087,-0.92118,-0.92151,-0.92185,-0.92218,-0.9225,-0.92277,-0.92298,-0.9231,-0.9231,-0.92295,-0.92261,-0.92204,-0.92119,-0.92003,-0.9185,-0.91655,-0.91412,-0.91116,-0.90763,-0.90349,-0.89872,-0.89334,-0.88739,-0.88097,-0.87422,-0.86733,-0.86057,-0.85425,-0.84872,-0.84438,-0.84159,-0.84063,-0.84159,-0.84438,-0.84872,-0.85425,-0.86057,-0.86733,-0.87422,-0.88097,-0.88739,-0.89334,-0.89872,-0.90349,-0.90763,-0.91116,-0.91412,-0.91655,-0.9185,-0.92003,-0.92119,-0.92204,-0.92261,-0.92295,-0.9231,-0.9231,-0.92298,-0.92277,-0.9225,-0.92218,-0.92185,-0.92151,-0.92118,-0.92087,-0.9206,-0.92038,-0.9202,-0.92008,-0.92002
-0.95646,-0.9565,-0.95658,-0.95669,-0.95683,-0.957,-0.95718,-0.95737,-0.95755,-0.9577,-0.95781,-0.95786,-0.95784,-0.9577,-0.95743,-0.95699,-0.95635,-0.95548,-0.95432,-0.95285,-0.951,-0.94874,-0.94602,-0.94279,-0.93901,-0.93466,-0.92974,-0.92425,-0.91827,-0.91188,-0.90524,-0.89853,-0.89199,-0.88593,-0.88065,-0.87653,-0.87389,-0.87298,-0.87389,-0.87653,-0.88065,-0.88593,-0.89199,-0.89853,-0.90524,-0.91188,-0.91827,-0.92425,-0.92974,-0.93466,-0.93901,-0.94279,-0.94602,-0.94874,-0.951,-0.95285,-0.95432,-0.95548,-0.95635,-0.95699,-0.95743,-0.9577,-0.95784,-0.95786,-0.95781,-0.9577,-0.95755,-0.95737,-0.95718,-0.957,-0.95683,-0.95669,-0.95658,-0.9565,-0.95646
-0.99287,-0.99289,-0.99293,-0.99298,-0.99305,-0.99313,-0.9932,-0.99325,-0.99328,-0.99327,-0.9932,-0.99306,-0.99282,-0.99246,-0.99195,-0.99126,-0.99037,-0.98923,-0.98781,-0.98607,-0.98397,-0.98146,-0.9785,-0.97506,-0.9711,-0.96661,-0.96159,-0.95607,-0.9501,-0.9438,-0.9373,-0.9308,-0.9245,-0.91869,-0.91367,-0.90975,-0.90726,-0.9064,-0.90726,-0.90975,-0.91367,-0.91869,-0.9245,-0.9308,-0.9373,-0.9438,-0.9501,-0.95607,-0.96159,-0.96661,-0.9711,-0.97506,-0.9785,-0.98146,-0.98397,-0.98607,-0.98781,-0.98923,-0.99037,-0.99126,-0.99195,-0.99246,-0.99282,-0.99306,-0.9932,-0.99327,-0.99328,-0.99325,-0.9932,-0.99313,-0.99305,-0.99298,-0.99293,-0.99289,-0.99287
-1.0293,-1.0293,-1.0293,-1.0293,-1.0293,-1.0293,-1.0292,-1.0292,-1.0291,-1.0289,-1.0287,-1.0284,-1.0279,-1.0274,-1.0267,-1.0258,-1.0246,-1.0233,-1.0216,-1.0197,-1.0174,-1.0147,-1.0115,-1.0079,-1.0039,-0.99928,-0.99421,-0.9887,-0.9828,-0.97662,-0.9703,-0.96401,-0.95797,-0.95242,-0.94764,-0.94393,-0.94156,-0.94075,-0.94156,-0.94393,-0.94764,-0.95242,-0.95797,-0.96401,-0.9703,-0.97662,-0.9828,-0.9887,-0.99421,-0.99928,-1.0039,-1.0079,-1.0115,-1.0147,-1.0174,-1.0197,-1.0216,-1.0233,-1.0246,-1.0258,-1.0267,-1.0274,-1.0279,-1.0284,-1.0287,-1.0289,-1.0291,-1.0292,-1.0292,-1.0293,-1.0293,-1.0293,-1.0293,-1.0293,-1.0293
-1.0657,-1.0656,-1.0656,-1.0656,-1.0655,-1.0654,-1.0653,-1.0652,-1.0649,-1.0646,-1.0643,-1.0638,-1.0632,-1.0625,-1.0616,-1.0605,-1.0592,-1.0577,-1.0558,-1.0537,-1.0512,-1.0484,-1.0451,-1.0414,-1.0372,-1.0326,-1.0275,-1.0221,-1.0163,-1.0102,-1.0041,-0.99807,-0.99228,-0.98698,-0.98244,-0.97892,-0.97669,-0.97592,-0.97669,-0.97892,-0.98244,-0.98698,-0.99228,-0.99807,-1.0041,-1.0102,-1.0163,-1.0221,-1.0275,-1.0326,-1.0372,-1.0414,-1.0451,-1.0484,-1.0512,-1.0537,-1.0558,-1.0577,-1.0592,-1.0605,-1.0616,-1.0625,-1.0632,-1.0638,-1.0643,-1.0646,-1.0649,-1.0652,-1.0653,-1.0654,-1.0655,-1.0656,-1.0656,-1.0656,-1.0657
-1.1021,-1.1021,-1.102,-1.1019,-1.1018,-1.1017,-1.1014,-1.1012,-1.1009,-1.1005,-1.1,-1.0994,-1.0986,-1.0978,-1.0967,-1.0955,-1.094,-1.0923,-1.0903,-1.0881,-1.0854,-1.0825,-1.0791,-1.0753,-1.0711,-1.0665,-1.0615,-1.0561,-1.0504,-1.0446,-1.0387,-1.0329,-1.0273,-1.0223,-1.018,-1.0146,-1.0125,-1.0118,-1.0125,-1.0146,-1.018,-1.0223,-1.0273,-1.0329,-1.0387,-1.0446,-1.0504,-1.0561,-1.0615,-1.0665,-1.0711,-1.0753,-1.0791,-1.0825,-1.0854,-1.0881,-1.0903,-1.0923,-1.094,-1.0955,-1.0967,-1.0978,-1.0986,-1.0994,-1.1,-1.1005,-1.1009,-1.1012,-1.1014,-1.1017,-1.1018,-1.1019,-1.102,-1.1021,-1.1021
-1.1385,-1.1385,-1.1384,-1.1383,-1.1381,-1.1379,-1.1376,-1.1373,-1.1369,-1.1364,-1.1358,-1.1351,-1.1342,-1.1332,-1.132,-1.1307,-1.1291,-1.1273,-1.1252,-1.1228,-1.1201,-1.117,-1.1136,-1.1098,-1.1056,-1.101,-1.096,-1.0908,-1.0852,-1.0796,-1.0739,-1.0683,-1.063,-1.0582,-1.0541,-1.051,-1.049,-1.0483,-1.049,-1.051,-1.0541,-1.0582,-1.063,-1.0683,-1.0739,-1.0796,-1.0852,-1.0908,-1.096,-1.101,-1.1056,-1.1098,-1.1136,-1.117,-1.1201,-1.1228,-1.1252,-1.1273,-1.1291,-1.1307,-1.132,-1.1332,-1.1342,-1.1351,-1.1358,-1.1364,-1.1369,-1.1373,-1.1376,-1.1379,-1.1381,-1.1383,-1.1384,-1.1385,-1.1385
-1.175,-1.175,-1.1749,-1.1747,-1.1745,-1.1743,-1.1739,-1.1735,-1.173,-1.1724,-1.1717,-1.1709,-1.17,-1.1688,-1.1676,-1.1661,-1.1644,-1.1625,-1.1603,-1.1578,-1.155,-1.1519,-1.1485,-1.1447,-1.1405,-1.136,-1.1311,-1.1259,-1.1206,-1.1151,-1.1097,-1.1043,-1.0993,-1.0947,-1.0909,-1.0879,-1.086,-1.0854,-1.086,-1.0879,-1.0909,-1.0947,-1.0993,-1.1043,-1.1097,-1.1151,-1.1206,-1.1259,-1.1311,-1.136,-1.1405,-1.1447,-1.1485,-1.1519,-1.155,-1.1578,-1.1603,-1.1625,-1.1644,-1.1661,-1.1676,-1.1688,-1.17,-1.1709,-1.1717,-1.1724,-1.173,-1.1735,-1.1739,-1.1743,-1.1745,-1.1747,-1.1749,-1.175,-1.175
-1.2116,-1.2115,-1.2114,-1.2112,-1.211,-1.2107,-1.2103,-1.2098,-1.2093,-1.2086,-1.2078,-1.2069,-1.2059,-1.2047,-1.2033,-1.2017,-1.2,-1.198,-1.1957,-1.1932,-1.1904,-1.1872,-1.1838,-1.18,-1.1758,-1.1714,-1.1666,-1.1616,-1.1565,-1.1512,-1.146,-1.1409,-1.1361,-1.1318,-1.1281,-1.1253,-1.1235,-1.1229,-1.1235,-1.1253,-1.1281,-1.1318,-1.1361,-1.1409,-1.146,-1.1512,-1.1565,-1.1616,-1.1666,-1.1714,-1.1758,-1.18,-1.1838,-1.1872,-1.1904,-1.1932,-1.1957,-1.198,-1.2,-1.2017,-1.2033,-1.2047,-1.2059,-1.2069,-1.2078,-1.2086,-1.2093,-1.2098,-1.2103,-1.2107,-1.211,-1.2112,-1.2114,-1.2115,-1.2116
-1.2482,-1.2481,-1.248,-1.2478,-1.2475,-1.2472,-1.2467,-1.2462,-1.2456,-1.2449,-1.244,-1.2431,-1.2419,-1.2407,-1.2392,-1.2376,-1.2358,-1.2337,-1.2314,-1.2288,-1.226,-1.2229,-1.2194,-1.2156,-1.2116,-1.2072,-1.2026,-1.1977,-1.1928,-1.1877,-1.1827,-1.1778,-1.1733,-1.1692,-1.1657,-1.1631,-1.1614,-1.1608,-1.1614,-1.1631,-1.1657,-1.1692,-1.1733,-1.1778,-1.1827,-1.1877,-1.1928,-1.1977,-1.2026,-1.2072,-1.2116,-1.2156,-1.2194,-1.2229,-1.226,-1.2288,-1.2314,-1.2337,-1.2358,-1.2376,-1.2392,-1.2407,-1.2419,-1.2431,-1.244,-1.2449,-1.2456,-1.2462,-1.2467,-1.2472,-1.2475,-1.2478,-1.248,-1.2481,-1.2482
-1.2849,-1.2848,-1.2847,-1.2844,-1.2841,-1.2838,-1.2833,-1.2827,-1.2821,-1.2813,-1.2804,-1.2793,-1.2782,-1.2768,-1.2753,-1.2737,-1.2718,-1.2697,-1.2673,-1.2648,-1.2619,-1.2588,-1.2554,-1.2517,-1.2477,-1.2434,-1.2389,-1.2343,-1.2295,-1.2246,-1.2198,-1.2152,-1.2109,-1.207,-1.2037,-1.2012,-1.1996,-1.1991,-1.1996,-1.2012,-1.2037,-1.207,-1.2109,-1.2152,-1.2198,-1.2246,-1.2295,-1.2343,-1.2389,-1.2434,-1.2477,-1.2517,-1.2554,-1.2588,-1.2619,-1.2648,-1.2673,-1.2697,-1.2718,-1.2737,-1.2753,-1.2768,-1.2782,-1.2793,-1.2804,-1.2813,-1.2821,-1.2827,-1.2833,-1.2838,-1.2841,-1.2844,-1.2847,-1.2848,-1.2849
-1.3217,-1.3216,-1.3214,-1.3212,-1.3209,-1.3204,-1.3199,-1.3193,-1.3186,-1.3178,-1.3169,-1.3158,-1.3146,-1.3132,-1.3117,-1.3099,-1.308,-1.3059,-1.3035,-1.301,-1.2981,-1.295,-1.2917,-1.288,-1.2841,-1.28,-1.2756,-1.2711,-1.2665,-1.2619,-1.2573,-1.2529,-1.2488,-1.2451,-1.242,-1.2396,-1.2382,-1.2376,-1.2382,-1.2396,-1.242,-1.2451,-1.2488,-1.2529,-1.2573,-1.2619,-1.2665,-1.2711,-1.2756,-1.28,-1.2841,-1.288,-1.2917,-1.295,-1.2981,-1.301,-1.3035,-1.3059,-1.308,-1.3099,-1.3117,-1.3132,-1.3146,-1.3158,-1.3169,-1.3178,-1.3186,-1.3193,-1.3199,-1.3204,-1.3209,-1.3212,-1.3214,-1.3216,-1.3217
-1.3585,-1.3584,-1.3583,-1.358,-1.3577,-1.3572,-1.3567,-1.3561,-1.3553,-1.3545,-1.3535,-1.3524,-1.3511,-1.3497,-1.3481,-1.3464,-1.3445,-1.3423,-1.34,-1.3374,-1.3346,-1.3315,-1.3282,-1.3247,-1.3209,-1.3168,-1.3126,-1.3083,-1.3039,-1.2994,-1.2951,-1.2909,-1.287,-1.2835,-1.2806,-1.2784,-1.277,-1.2765,-1.277,-1.2784,-1.2806,-1.2835,-1.287,-1.2909,-1.2951,-1.2994,-1.3039,-1.3083,-1.3126,-1.3168,-1.3209,-1.3247,-1.3282,-1.3315,-1.3346,-1.3374,-1.34,-1.3423,-1.3445,-1.3464,-1.3481,-1.3497,-1.3511,-1.3524,-1.3535,-1.3545,-1.3553,-1.3561,-1.3567,-1.3572,-1.3577,-1.358,-1.3583,-1.3584,-1.3585
-1.3955,-1.3954,-1.3952,-1.3949,-1.3946,-1.3941,-1.3936,-1.3929,-1.3921,-1.3913,-1.3902,-1.3891,-1.3878,-1.3864,-1.3848,-1.383,-1.3811,-1.379,-1.3766,-1.3741,-1.3713,-1.3683,-1.365,-1.3616,-1.3579,-1.354,-1.3499,-1.3458,-1.3415,-1.3373,-1.3332,-1.3292,-1.3255,-1.3222,-1.3194,-1.3173,-1.316,-1.3155,-1.316,-1.3173,-1.3194,-1.3222,-1.3255,-1.3292,-1.3332,-1.3373,-1.3415,-1.3458,-1.3499,-1.354,-1.3579,-1.3616,-1.365,-1.3683,-1.3713,-1.3741,-1.3766,-1.379,-1.3811,-1.383,-1.3848,-1.3864,-1.3878,-1.3891,-1.3902,-1.3913,-1.3921,-1.3929,-1.3936,-1.3941,-1.3946,-1.3949,-1.3952,-1.3954,-1.3955
-1.4325,-1.4324,-1.4322,-1.4319,-1.4316,-1.4311,-1.4305,-1.4299,-1.4291,-1.4282,-1.4271,-1.426,-1.4247,-1.4232,-1.4216,-1.4199,-1.4179,-1.4158,-1.4135,-1.411,-1.4082,-1.4053,-1.4021,-1.3987,-1.3951,-1.3914,-1.3875,-1.3835,-1.3794,-1.3754,-1.3715,-1.3677,-1.3642,-1.3611,-1.3584,-1.3564,-1.3552,-1.3548,-1.3552,-1.3564,-1.3584,-1.3611,-1.3642,-1.3677,-1.3715,-1.3754,-1.3794,-1.3835,-1.3875,-1.3914,-1.3951,-1.3987,-1.4021,-1.4053,-1.4082,-1.411,-1.4135,-1.4158,-1.4179,-1.4199,-1.4216,-1.4232,-1.4247,-1.426,-1.4271,-1.4282,-1.4291,-1.4299,-1.4305,-1.4311,-1.4316,-1.4319,-1.4322,-1.4324,-1.4325
-1.4696,-1.4695,-1.4694,-1.4691,-1.4687,-1.4682,-1.4676,-1.4669,-1.4661,-1.4652,-1.4642,-1.463,-1.4617,-1.4602,-1.4586,-1.4569,-1.4549,-1.4528,-1.4505,-1.4481,-1.4454,-1.4425,-1.4394,-1.4361,-1.4326,-1.429,-1.4253,-1.4214,-1.4176,-1.4137,-1.41,-1.4064,-1.4031,-1.4001,-1.3976,-1.3957,-1.3946,-1.3941,-1.3946,-1.3957,-1.3976,-1.4001,-1.4031,-1.4064,-1.41,-1.4137,-1.4176,-1.4214,-1.4253,-1.429,-1.4326,-1.4361,-1.4394,-1.4425,-1.4454,-1.4481,-1.4505,-1.4528,-1.4549,-1.4569,-1.4586,-1.4602,-1.4617,-1.463,-1.4642,-1.4652,-1.4661,-1.4669,-1.4676,-1.4682,-1.4687,-1.4691,-1.4694,-1.4695,-1.4696
-1.5069,-1.5068,-1.5066,-1.5063,-1.5059,-1.5054,-1.5048,-1.5041,-1.5033,-1.5024,-1.5013,-1.5002,-1.4988,-1.4974,-1.4958,-1.494,-1.4921,-1.49,-1.4878,-1.4853,-1.4827,-1.4799,-1.4769,-1.4737,-1.4703,-1.4668,-1.4632,-1.4596,-1.4559,-1.4522,-1.4486,-1.4453,-1.4421,-1.4393,-1.437,-1.4352,-1.4341,-1.4337,-1.4341,-1.4352,-1.437,-1.4393,-1.4421,-1.4453,-1.4486,-1.4522,-1.4559,-1.4596,-1.4632,-1.4668,-1.4703,-1.4737,-1.4769,-1.4799,-1.4827,-1.4853,-1.4878,-1.49,-1.4921,-1.494,-1.4958,-1.4974,-1.4988,-1.5002,-1.5013,-1.5024,-1.5033,-1.5041,-1.5048,-1.5054,-1.5059,-1.5063,-1.5066,-1.5068,-1.5069
-1.5442,-1.5441,-1.5439,-1.5436,-1.5432,-1.5427,-1.5421,-1.5414,-1.5406,-1.5397,-1.5386,-1.5374,-1.5361,-1.5347,-1.5331,-1.5314,-1.5295,-1.5274,-1.5252,-1.5228,-1.5202,-1.5175,-1.5146,-1.5115,-1.5082,-1.5049,-1.5014,-1.4979,-1.4944,-1.4909,-1.4875,-1.4843,-1.4813,-1.4786,-1.4764,-1.4747,-1.4737,-1.4733,-1.4737,-1.4747,-1.4764,-1.4786,-1.4813,-1.4843,-1.4875,-1.4909,-1.4944,-1.4979,-1.5014,-1.5049,-1.5082,-1.5115,-1.5146,-1.5175,-1.5202,-1.5228,-1.5252,-1.5274,-1.5295,-1.5314,-1.5331,-1.5347,-1.5361,-1.5374,-1.5386,-1.5397,-1.5406,-1.5414,-1.5421,-1.5427,-1.5432,-1.5436,-1.5439,-1.5441,-1.5442
-1.5816,-1.5815,-1.5813,-1.5811,-1.5807,-1.5802,-1.5796,-1.5788,-1.578,-1.5771,-1.576,-1.5749,-1.5736,-1.5721,-1.5706,-1.5688,-1.567,-1.565,-1.5628,-1.5604,-1.5579,-1.5553,-1.5524,-1.5494,-1.5463,-1.5431,-1.5397,-1.5364,-1.533,-1.5297,-1.5265,-1.5234,-1.5206,-1.5181,-1.516,-1.5144,-1.5134,-1.513,-1.5134,-1.5144,-1.516,-1.5181,-1.5206,-1.5234,-1.5265,-1.5297,-1.533,-1.5364,-1.5397,-1.5431,-1.5463,-1.5494,-1.5524,-1.5553,-1.5579,-1.5604,-1.5628,-1.565,-1.567,-1.5688,-1.5706,-1.5721,-1.5736,-1.5749,-1.576,-1.5771,-1.578,-1.5788,-1.5796,-1.5802,-1.5807,-1.5811,-1.5813,-1.5815,-1.5816
-1.6192,-1.6191,-1.6189,-1.6186,-1.6182,-1.6177,-1.6171,-1.6164,-1.6156,-1.6146,-1.6136,-1.6124,-1.6111,-1.6097,-1.6082,-1.6065,-1.6046,-1.6026,-1.6005,-1.5982,-1.5958,-1.5932,-1.5904,-1.5875,-1.5845,-1.5814,-1.5782,-1.575,-1.5718,-1.5686,-1.5656,-1.5627,-1.56,-1.5576,-1.5556,-1.5541,-1.5532,-1.5529,-1.5532,-1.5541,-1.5556,-1.5576,-1.56,-1.5627,-1.5656,-1.5686,-1.5718,-1.575,-1.5782,-1.5814,-1.5845,-1.5875,-1.5904,-1.5932,-1.5958,-1.5982,-1.6005,-1.6026,-1.6046,-1.6065,-1.6082,-1.6097,-1.6111,-1.6124,-1.6136,-1.6146,-1.6156,-1.6164,-1.6171,-1.6177,-1.6182,-1.6186,-1.6189,-1.6191,-1.6192
-1.6568,-1.6567,-1.6565,-1.6562,-1.6558,-1.6553,-1.6547,-1.654,-1.6532,-1.6523,-1.6512,-1.6501,-1.6488,-1.6474,-1.6459,-1.6442,-1.6424,-1.6405,-1.6384,-1.6361,-1.6338,-1.6312,-1.6286,-1.6258,-1.6229,-1.6199,-1.6168,-1.6137,-1.6107,-1.6077,-1.6048,-1.602,-1.5995,-1.5972,-1.5954,-1.5939,-1.593,-1.5927,-1.593,-1.5939,-1.5954,-1.5972,-1.5995,-1.602,-1.6048,-1.6077,-1.6107,-1.6137,-1.6168,-1.6199,-1.6229,-1.6258,-1.6286,-1.6312,-1.6338,-1.6361,-1.6384,-1.6405,-1.6424,-1.6442,-1.6459,-1.6474,-1.6488,-1.6501,-1.6512,-1.6523,-1.6532,-1.654,-1.6547,-1.6553,-1.6558,-1.6562,-1.6565,-1.6567,-1.6568
-1.6946,-1.6945,-1.6943,-1.694,-1.6936,-1.6931,-1.6925,-1.6918,-1.691,-1.6901,-1.689,-1.6879,-1.6866,-1.6852,-1.6837,-1.6821,-1.6803,-1.6784,-1.6764,-1.6742,-1.6719,-1.6694,-1.6669,-1.6642,-1.6614,-1.6585,-1.6556,-1.6526,-1.6497,-1.6468,-1.6441,-1.6414,-1.639,-1.6369,-1.6351,-1.6338,-1.6329,-1.6326,-1.6329,-1.6338,-1.6351,-1.6369,-1.639,-1.6414,-1.6441,-1.6468,-1.6497,-1.6526,-1.6556,-1.6585,-1.6614,-1.6642,-1.6669,-1.6694,-1.6719,-1.6742,-1.6764,-1.6784,-1.6803,-1.6821,-1.6837,-1.6852,-1.6866,-1.6879,-1.689,-1.6901,-1.691,-1.6918,-1.6925,-1.6931,-1.6936,-1.694,-1.6943,-1.6945,-1.6946
-1.7324,-1.7323,-1.7321,-1.7318,-1.7314,-1.7309,-1.7303,-1.7297,-1.7289,-1.7279,-1.7269,-1.7258,-1.7246,-1.7232,-1.7217,-1.7201,-1.7184,-1.7165,-1.7145,-1.7124,-1.7102,-1.7078,-1.7053,-1.7027,-1.7,-1.6972,-1.6944,-1.6916,-1.6888,-1.686,-1.6834,-1.6809,-1.6786,-1.6766,-1.6749,-1.6737,-1.6729,-1.6726,-1.6729,-1.6737,-1.6749,-1.6766,-1.6786,-1.6809,-1.6834,-1.686,-1.6888,-1.6916,-1.6944,-1.6972,-1.7,-1.7027,-1.7053,-1.7078,-1.7102,-1.7124,-1.7145,-1.7165,-1.7184,-1.7201,-1.7217,-1.7232,-1.7246,-1.7258,-1.7269,-1.7279,-1.7289,-1.7297,-1.7303,-1.7309,-1.7314,-1.7318,-1.7321,-1.7323,-1.7324
-1.7704,-1.7703,-1.7701,-1.7698,-1.7694,-1.7689,-1.7683,-1.7676,-1.7668,-1.7659,-1.7649,-1.7638,-1.7626,-1.7613,-1.7598,-1.7582,-1.7565,-1.7547,-1.7528,-1.7507,-1.7485,-1.7462,-1.7438,-1.7413,-1.7387,-1.736,-1.7333,-1.7306,-1.7279,-1.7253,-1.7228,-1.7205,-1.7183,-1.7164,-1.7148,-1.7136,-1.7128,-1.7126,-1.7128,-1.7136,-1.7148,-1.7164,-1.7183,-1.7205,-1.7228,-1.7253,-1.7279,-1.7306,-1.7333,-1.736,-1.7387,-1.7413,-1.7438,-1.7462,-1.7485,-1.7507,-1.7528,-1.7547,-1.7565,-1.7582,-1.7598,-1.7613,-1.7626,-1.7638,-1.7649,-1.7659,-1.7668,-1.7676,-1.7683,-1.7689,-1.7694,-1.7698,-1.7701,-1.7703,-1.7704
-1.8084,-1.8083,-1.8081,-1.8078,-1.8074,-1.807,-1.8064,-1.8057,-1.8049,-1.804,-1.8031,-1.802,-1.8008,-1.7994,-1.798,-1.7965,-1.7948,-1.793,-1.7911,-1.7891,-1.787,-1.7848,-1.7824,-1.78,-1.7775,-1.7749,-1.7723,-1.7697,-1.7672,-1.7647,-1.7623,-1.7601,-1.758,-1.7562,-1.7547,-1.7535,-1.7528,-1.7525,-1.7528,-1.7535,-1.7547,-1.7562,-1.758,-1.7601,-1.7623,-1.7647,-1.7672,-1.7697,-1.7723,-1.7749,-1.7775,-1.78,-1.7824,-1.7848,-1.787,-1.7891,-1.7911,-1.793,-1.7948,-1.7965,-1.798,-1.7994,-1.8008,-1.802,-1.8031,-1.804,-1.8049,-1.8057,-1.8064,-1.807,-1.8074,-1.8078,-1.8081,-1.8083,-1.8084
-1.8466,-1.8465,-1.8463,-1.846,-1.8456,-1.8451,-1.8446,-1.8439,-1.8431,-1.8422,-1.8413,-1.8402,-1.839,-1.8377,-1.8363,-1.8348,-1.8332,-1.8315,-1.8296,-1.8277,-1.8256,-1.8234,-1.8211,-1.8188,-1.8164,-1.8139,-1.8114,-1.8089,-1.8065,-1.8041,-1.8018,-1.7997,-1.7977,-1.796,-1.7946,-1.7935,-1.7928,-1.7925,-1.7928,-1.7935,-1.7946,-1.796,-1.7977,-1.7997,-1.8018,-1.8041,-1.8065,-1.8089,-1.8114,-1.8139,-1.8164,-1.8188,-1.8211,-1.8234,-1.8256,-1.8277,-1.8296,-1.8315,-1.8332,-1.8348,-1.8363,-1.8377,-1.839,-1.8402,-1.8413,-1.8422,-1.8431,-1.8439,-1.8446,-1.8451,-1.8456,-1.846,-1.8463,-1.8465,-1.8466
-1.8848,-1.8847,-1.8845,-1.8842,-1.8839,-1.8834,-1.8828,-1.8822,-1.8814,-1.8806,-1.8796,-1.8785,-1.8774,-1.8761,-1.8748,-1.8733,-1.8717,-1.87,-1.8682,-1.8663,-1.8643,-1.8622,-1.86,-1.8577,-1.8553,-1.853,-1.8506,-1.8482,-1.8458,-1.8436,-1.8414,-1.8393,-1.8375,-1.8358,-1.8344,-1.8334,-1.8328,-1.8325,-1.8328,-1.8334,-1.8344,-1.8358,-1.8375,-1.8393,-1.8414,-1.8436,-1.8458,-1.8482,-1.8506,-1.853,-1.8553,-1.8577,-1.86,-1.8622,-1.8643,-1.8663,-1.8682,-1.87,-1.8717,-1.8733,-1.8748,-1.8761,-1.8774,-1.8785,-1.8796,-1.8806,-1.8814,-1.8822,-1.8828,-1.8834,-1.8839,-1.8842,-1.8845,-1.8847,-1.8848
-1.9231,-1.923,-1.9229,-1.9226,-1.9222,-1.9217,-1.9212,-1.9205,-1.9198,-1.919,-1.918,-1.917,-1.9159,-1.9146,-1.9133,-1.9118,-1.9103,-1.9086,-1.9069,-1.905,-1.9031,-1.901,-1.8989,-1.8966,-1.8944,-1.8921,-1.8898,-1.8875,-1.8852,-1.883,-1.881,-1.879,-1.8772,-1.8757,-1.8743,-1.8734,-1.8727,-1.8725,-1.8727,-1.8734,-1.8743,-1.8757,-1.8772,-1.879,-1.881,-1.883,-1.8852,-1.8875,-1.8898,-1.8921,-1.8944,-1.8966,-1.8989,-1.901,-1.9031,-1.905,-1.9069,-1.9086,-1.9103,-1.9118,-1.9133,-1.9146,-1.9159,-1.917,-1.918,-1.919,-1.9198,-1.9205,-1.9212,-1.9217,-1.9222,-1.9226,-1.9229,-1.923,-1.9231
-1.9616,-1.9615,-1.9613,-1.961,-1.9607,-1.9602,-1.9597,-1.959,-1.9583,-1.9575,-1.9565,-1.9555,-1.9544,-1.9532,-1.9519,-1.9505,-1.949,-1.9474,-1.9456,-1.9438,-1.9419,-1.9399,-1.9378,-1.9357,-1.9335,-1.9313,-1.929,-1.9268,-1.9247,-1.9226,-1.9206,-1.9187,-1.917,-1.9155,-1.9142,-1.9133,-1.9127,-1.9125,-1.9127,-1.9133,-1.9142,-1.9155,-1.917,-1.9187,-1.9206,-1.9226,-1.9247,-1.9268,-1.929,-1.9313,-1.9335,-1.9357,-1.9378,-1.9399,-1.9419,-1.9438,-1.9456,-1.9474,-1.949,-1.9505,-1.9519,-1.9532,-1.9544,-1.9555,-1.9565,-1.9575,-1.9583,-1.959,-1.9597,-1.9602,-1.9607,-1.961,-1.9613,-1.9615,-1.9616
-2.0001,-2,-1.9998,-1.9995,-1.9992,-1.9987,-1.9982,-1.9976,-1.9969,-1.9961,-1.9952,-1.9942,-1.9931,-1.9919,-1.9906,-1.9892,-1.9877,-1.9862,-1.9845,-1.9827,-1.9808,-1.9789,-1.9769,-1.9748,-1.9727,-1.9705,-1.9683,-1.9662,-1.9641,-1.9621,-1.9602,-1.9584,-1.9567,-1.9553,-1.9541,-1.9532,-1.9527,-1.9525,-1.9527,-1.9532,-1.9541,-1.9553,-1.9567,-1.9584,-1.9602,-1.9621,-1.9641,-1.9662,-1.9683,-1.9705,-1.9727,-1.9748,-1.9769,-1.9789,-1.9808,-1.9827,-1.9845,-1.9862,-1.9877,-1.9892,-1.9906,-1.9919,-1.9931,-1.9942,-1.9952,-1.9961,-1.9969,-1.9976,-1.9982,-1.9987,-1.9992,-1.9995,-1.9998,-2,-2.0001
-2.0387,-2.0386,-2.0384,-2.0382,-2.0378,-2.0374,-2.0369,-2.0363,-2.0356,-2.0348,-2.0339,-2.0329,-2.0318,-2.0307,-2.0294,-2.0281,-2.0266,-2.0251,-2.0234,-2.0217,-2.0199,-2.018,-2.016,-2.014,-2.0119,-2.0098,-2.0077,-2.0056,-2.0036,-2.0016,-1.9998,-1.9981,-1.9965,-1.9951,-1.994,-1.9931,-1.9926,-1.9924,-1.9926,-1.9931,-1.994,-1.9951,-1.9965,-1.9981,-1.9998,-2.0016,-2.0036,-2.0056,-2.0077,-2.0098,-2.0119,-2.014,-2.016,-2.018,-2.0199,-2.0217,-2.0234,-2.0251,-2.0266,-2.0281,-2.0294,-2.0307,-2.0318,-2.0329,-2.0339,-2.0348,-2.0356,-2.0363,-2.0369,-2.0374,-2.0378,-2.0382,-2.0384,-2.0386,-2.0387
-2.0774,-2.0773,-2.0771,-2.0769,-2.0765,-2.0761,-2.0756,-2.075,-2.0743,-2.0735,-2.0727,-2.0717,-2.0707,-2.0695,-2.0683,-2.067,-2.0656,-2.064,-2.0624,-2.0607,-2.059,-2.0571,-2.0552,-2.0532,-2.0512,-2.0491,-2.0471,-2.0451,-2.0431,-2.0412,-2.0394,-2.0377,-2.0362,-2.0349,-2.0338,-2.033,-2.0325,-2.0323,-2.0325,-2.033,-2.0338,-2.0349,-2.0362,-2.0377,-2.0394,-2.0412,-2.0431,-2.0451,-2.0471,-2.0491,-2.0512,-2.0532,-2.0552,-2.0571,-2.059,-2.0607,-2.0624,-2.064,-2.0656,-2.067,-2.0683,-2.0695,-2.0707,-2.0717,-2.0727,-2.0735,-2.0743,-2.075,-2.0756,-2.0761,-2.0765,-2.0769,-2.0771,-2.0773,-2.0774
-2.1162,-2.1161,-2.1159,-2.1157,-2.1153,-2.1149,-2.1144,-2.1138,-2.1132,-2.1124,-2.1116,-2.1106,-2.1096,-2.1085,-2.1073,-2.106,-2.1046,-2.1031,-2.1015,-2.0999,-2.0981,-2.0963,-2.0944,-2.0925,-2.0905,-2.0885,-2.0865,-2.0845,-2.0826,-2.0808,-2.079,-2.0774,-2.0759,-2.0747,-2.0736,-2.0728,-2.0723,-2.0722,-2.0723,-2.0728,-2.0736,-2.0747,-2.0759,-2.0774,-2.079,-2.0808,-2.0826,-2.0845,-2.0865,-2.0885,-2.0905,-2.0925,-2.0944,-2.0963,-2.0981,-2.0999,-2.1015,-2.1031,-2.1046,-2.106,-2.1073,-2.1085,-2.1096,-2.1106,-2.1116,-2.1124,-2.1132,-2.1138,-2.1144,-2.1149,-2.1153,-2.1157,-2.1159,-2.1161,-2.1162
-2.1551,-2.155,-2.1548,-2.1546,-2.1542,-2.1538,-2.1533,-2.1528,-2.1521,-2.1514,-2.1505,-2.1496,-2.1486,-2.1475,-2.1463,-2.1451,-2.1437,-2.1422,-2.1407,-2.1391,-2.1373,-2.1355,-2.1337,-2.1318,-2.1298,-2.1279,-2.1259,-2.124,-2.1221,-2.1203,-2.1186,-2.1171,-2.1156,-2.1144,-2.1134,-2.1126,-2.1121,-2.112,-2.1121,-2.1126,-2.1134,-2.1144,-2.1156,-2.1171,-2.1186,-2.1203,-2.1221,-2.124,-2.1259,-2.1279,-2.1298,-2.1318,-2.1337,-2.1355,-2.1373,-2.1391,-2.1407,-2.1422,-2.1437,-2.1451,-2.1463,-2.1475,-2.1486,-2.1496,-2.1505,-2.1514,-2.1521,-2.1528,-2.1533,-2.1538,-2.1542,-2.1546,-2.1548,-2.155,-2.1551
-2.194,-2.1939,-2.1938,-2.1935,-2.1932,-2.1928,-2.1923,-2.1918,-2.1911,-2.1904,-2.1896,-2.1887,-2.1877,-2.1867,-2.1855,-2.1842,-2.1829,-2.1815,-2.1799,-2.1783,-2.1766,-2.1749,-2.173,-2.1712,-2.1692,-2.1673,-2.1654,-2.1635,-2.1616,-2.1599,-2.1582,-2.1567,-2.1553,-2.1541,-2.1531,-2.1524,-2.1519,-2.1518,-2.1519,-2.1524,-2.1531,-2.1541,-2.1553,-2.1567,-2.1582,-2.1599,-2.1616,-2.1635,-2.1654,-2.1673,-2.1692,-2.1712,-2.173,-2.1749,-2.1766,-2.1783,-2.1799,-2.1815,-2.1829,-2.1842,-2.1855,-2.1867,-2.1877,-2.1887,-2.1896,-2.1904,-2.1911,-2.1918,-2.1923,-2.1928,-2.1932,-2.1935,-2.1938,-2.1939,-2.194
-2.233,-2.233,-2.2328,-2.2326,-2.2323,-2.2319,-2.2314,-2.2309,-2.2303,-2.2295,-2.2288,-2.2279,-2.2269,-2.2259,-2.2247,-2.2235,-2.2222,-2.2208,-2.2193,-2.2177,-2.216,-2.2143,-2.2124,-2.2106,-2.2087,-2.2068,-2.2049,-2.203,-2.2012,-2.1994,-2.1978,-2.1963,-2.1949,-2.1938,-2.1928,-2.1921,-2.1916,-2.1915,-2.1916,-2.1921,-2.1928,-2.1938,-2.1949,-2.1963,-2.1978,-2.1994,-2.2012,-2.203,-2.2049,-2.2068,-2.2087,-2.2106,-2.2124,-2.2143,-2.216,-2.2177,-2.2193,-2.2208,-2.2222,-2.2235,-2.2247,-2.2259,-2.2269,-2.2279,-2.2288,-2.2295,-2.2303,-2.2309,-2.2314,-2.2319,-2.2323,-2.2326,-2.2328,-2.233,-2.233
-2.2722,-2.2721,-2.2719,-2.2717,-2.2714,-2.271,-2.2706,-2.27,-2.2694,-2.2688,-2.268,-2.2671,-2.2662,-2.2652,-2.264,-2.2628,-2.2615,-2.2601,-2.2587,-2.2571,-2.2554,-2.2537,-2.2519,-2.2501,-2.2482,-2.2463,-2.2444,-2.2425,-2.2407,-2.239,-2.2374,-2.2359,-2.2345,-2.2334,-2.2324,-2.2317,-2.2313,-2.2311,-2.2313,-2.2317,-2.2324,-2.2334,-2.2345,-2.2359,-2.2374,-2.239,-2.2407,-2.2425,-2.2444,-2.2463,-2.2482,-2.2501,-2.2519,-2.2537,-2.2554,-2.2571,-2.2587,-2.2601,-2.2615,-2.2628,-2.264,-2.2652,-2.2662,-2.2671,-2.268,-2.2688,-2.2694,-2.27,-2.2706,-2.271,-2.2714,-2.2717,-2.2719,-2.2721,-2.2722
-2.3113,-2.3113,-2.3111,-2.3109,-2.3106,-2.3103,-2.3098,-2.3093,-2.3087,-2.308,-2.3073,-2.3065,-2.3055,-2.3045,-2.3034,-2.3022,-2.301,-2.2996,-2.2981,-2.2966,-2.2949,-2.2932,-2.2914,-2.2896,-2.2877,-2.2858,-2.2839,-2.282,-2.2802,-2.2785,-2.2769,-2.2754,-2.2741,-2.2729,-2.272,-2.2713,-2.2708,-2.2707,-2.2708,-2.2713,-2.272,-2.2729,-2.2741,-2.2754,-2.2769,-2.2785,-2.2802,-2.282,-2.2839,-2.2858,-2.2877,-2.2896,-2.2914,-2.2932,-2.2949,-2.2966,-2.2981,-2.2996,-2.301,-2.3022,-2.3034,-2.3045,-2.3055,-2.3065,-2.3073,-2.308,-2.3087,-2.3093,-2.3098,-2.3103,-2.3106,-2.3109,-2.3111,-2.3113,-2.3113
-2.3506,-2.3505,-2.3504,-2.3502,-2.3499,-2.3496,-2.3491,-2.3486,-2.3481,-2.3474,-2.3467,-2.3459,-2.345,-2.344,-2.3429,-2.3417,-2.3405,-2.3391,-2.3377,-2.3361,-2.3345,-2.3328,-2.331,-2.3291,-2.3272,-2.3253,-2.3234,-2.3216,-2.3197,-2.318,-2.3164,-2.3149,-2.3135,-2.3124,-2.3115,-2.3108,-2.3103,-2.3102,-2.3103,-2.3108,-2.3115,-2.3124,-2.3135,-2.3149,-2.3164,-2.318,-2.3197,-2.3216,-2.3234,-2.3253,-2.3272,-2.3291,-2.331,-2.3328,-2.3345,-2.3361,-2.3377,-2.3391,-2.3405,-2.3417,-2.3429,-2.344,-2.345,-2.3459,-2.3467,-2.3474,-2.3481,-2.3486,-2.3491,-2.3496,-2.3499,-2.3502,-2.3504,-2.3505,-2.3506
-2.3899,-2.3899,-2.3897,-2.3895,-2.3893,-2.3889,-2.3885,-2.388,-2.3875,-2.3869,-2.3861,-2.3854,-2.3845,-2.3835,-2.3825,-2.3813,-2.3801,-2.3787,-2.3773,-2.3758,-2.3741,-2.3724,-2.3706,-2.3688,-2.3669,-2.3649,-2.363,-2.3611,-2.3592,-2.3575,-2.3558,-2.3543,-2.353,-2.3518,-2.3509,-2.3502,-2.3497,-2.3496,-2.3497,-2.3502,-2.3509,-2.3518,-2.353,-2.3543,-2.3558,-2.3575,-2.3592,-2.3611,-2.363,-2.3649,-2.3669,-2.3688,-2.3706,-2.3724,-2.3741,-2.3758,-2.3773,-2.3787,-2.3801,-2.3813,-2.3825,-2.3835,-2.3845,-2.3854,-2.3861,-2.3869,-2.3875,-2.388,-2.3885,-2.3889,-2.3893,-2.3895,-2.3897,-2.3899,-2.3899
-2.4293,-2.4293,-2.4291,-2.4289,-2.4287,-2.4284,-2.428,-2.4275,-2.427,-2.4264,-2.4257,-2.4249,-2.4241,-2.4231,-2.4221,-2.421,-2.4198,-2.4184,-2.417,-2.4155,-2.4139,-2.4121,-2.4103,-2.4084,-2.4065,-2.4045,-2.4026,-2.4006,-2.3987,-2.3969,-2.3952,-2.3937,-2.3923,-2.3911,-2.3902,-2.3895,-2.389,-2.3889,-2.389,-2.3895,-2.3902,-2.3911,-2.3923,-2.3937,-2.3952,-2.3969,-2.3987,-2.4006,-2.4026,-2.4045,-2.4065,-2.4084,-2.4103,-2.4121,-2.4139,-2.4155,-2.417,-2.4184,-2.4198,-2.421,-2.4221,-2.4231,-2.4241,-2.4249,-2.4257,-2.4264,-2.427,-2.4275,-2.428,-2.4284,-2.4287,-2.4289,-2.4291,-2.4293,-2.4293
-2.4688,-2.4687,-2.4686,-2.4684,-2.4682,-2.4679,-2.4675,-2.4671,-2.4666,-2.466,-2.4653,-2.4646,-2.4638,-2.4629,-2.4619,-2.4608,-2.4595,-2.4582,-2.4568,-2.4553,-2.4537,-2.4519,-2.4501,-2.4482,-2.4462,-2.4442,-2.4422,-2.4402,-2.4382,-2.4363,-2.4346,-2.433,-2.4316,-2.4303,-2.4294,-2.4286,-2.4282,-2.428,-2.4282,-2.4286,-2.4294,-2.4303,-2.4316,-2.433,-2.4346,-2.4363,-2.4382,-2.4402,-2.4422,-2.4442,-2.4462,-2.4482,-2.4501,-2.4519,-2.4537,-2.4553,-2.4568,-2.4582,-2.4595,-2.4608,-2.4619,-2.4629,-2.4638,-2.4646,-2.4653,-2.466,-2.4666,-2.4671,-2.4675,-2.4679,-2.4682,-2.4684,-2.4686,-2.4687,-2.4688
-2.5083,-2.5083,-2.5081,-2.508,-2.5077,-2.5075,-2.5071,-2.5067,-2.5062,-2.5057,-2.505,-2.5043,-2.5035,-2.5027,-2.5017,-2.5006,-2.4994,-2.4981,-2.4967,-2.4952,-2.4936,-2.4918,-2.49,-2.488,-2.486,-2.4839,-2.4818,-2.4797,-2.4777,-2.4757,-2.4739,-2.4722,-2.4707,-2.4694,-2.4684,-2.4677,-2.4672,-2.467,-2.4672,-2.4677,-2.4684,-2.4694,-2.4707,-2.4722,-2.4739,-2.4757,-2.4777,-2.4797,-2.4818,-2.4839,-2.486,-2.488,-2.49,-2.4918,-2.4936,-2.4952,-2.4967,-2.4981,-2.4994,-2.5006,-2.5017,-2.5027,-2.5035,-2.5043,-2.505,-2.5057,-2.5062,-2.5067,-2.5071,-2.5075,-2.5077,-2.508,-2.5081,-2.5083,-2.5083
-2.5479,-2.5478,-2.5477,-2.5476,-2.5474,-2.5471,-2.5468,-2.5464,-2.5459,-2.5454,-2.5448,-2.5441,-2.5434,-2.5425,-2.5416,-2.5405,-2.5394,-2.5381,-2.5367,-2.5352,-2.5336,-2.5318,-2.5299,-2.5279,-2.5258,-2.5237,-2.5215,-2.5193,-2.5171,-2.5151,-2.5131,-2.5114,-2.5098,-2.5084,-2.5073,-2.5065,-2.5061,-2.5059,-2.5061,-2.5065,-2.5073,-2.5084,-2.5098,-2.5114,-2.5131,-2.5151,-2.5171,-2.5193,-2.5215,-2.5237,-2.5258,-2.5279,-2.5299,-2.5318,-2.5336,-2.5352,-2.5367,-2.5381,-2.5394,-2.5405,-2.5416,-2.5425,-2.5434,-2.5441,-2.5448,-2.5454,-2.5459,-2.5464,-2.5468,-2.5471,-2.5474,-2.5476,-2.5477,-2.5478,-2.5479
-2.5875,-2.5875,-2.5874,-2.5872,-2.587,-2.5868,-2.5865,-2.5861,-2.5857,-2.5852,-2.5847,-2.584,-2.5833,-2.5825,-2.5816,-2.5806,-2.5795,-2.5782,-2.5768,-2.5753,-2.5737,-2.5719,-2.57,-2.5679,-2.5657,-2.5635,-2.5612,-2.5589,-2.5566,-2.5544,-2.5523,-2.5504,-2.5487,-2.5472,-2.5461,-2.5452,-2.5447,-2.5445,-2.5447,-2.5452,-2.5461,-2.5472,-2.5487,-2.5504,-2.5523,-2.5544,-2.5566,-2.5589,-2.5612,-2.5635,-2.5657,-2.5679,-2.57,-2.5719,-2.5737,-2.5753,-2.5768,-2.5782,-2.5795,-2.5806,-2.5816,-2.5825,-2.5833,-2.584,-2.5847,-2.5852,-2.5857,-2.5861,-2.5865,-2.5868,-2.587,-2.5872,-2.5874,-2.5875,-2.5875
-2.6272,-2.6271,-2.6271,-2.6269,-2.6268,-2.6265,-2.6263,-2.6259,-2.6255,-2.6251,-2.6246,-2.624,-2.6233,-2.6226,-2.6217,-2.6207,-2.6197,-2.6184,-2.6171,-2.6156,-2.6139,-2.6121,-2.6101,-2.608,-2.6058,-2.6034,-2.601,-2.5985,-2.5961,-2.5937,-2.5914,-2.5893,-2.5875,-2.5859,-2.5846,-2.5837,-2.5831,-2.5829,-2.5831,-2.5837,-2.5846,-2.5859,-2.5875,-2.5893,-2.5914,-2.5937,-2.5961,-2.5985,-2.601,-2.6034,-2.6058,-2.608,-2.6101,-2.6121,-2.6139,-2.6156,-2.6171,-2.6184,-2.6197,-2.6207,-2.6217,-2.6226,-2.6233,-2.624,-2.6246,-2.6251,-2.6255,-2.6259,-2.6263,-2.6265,-2.6268,-2.6269,-2.6271,-2.6271,-2.6272
-2.6669,-2.6669,-2.6668,-2.6667,-2.6665,-2.6663,-2.6661,-2.6658,-2.6655,-2.6651,-2.6646,-2.6641,-2.6634,-2.6627,-2.6619,-2.661,-2.66,-2.6588,-2.6575,-2.656,-2.6543,-2.6525,-2.6505,-2.6483,-2.6459,-2.6434,-2.6408,-2.6382,-2.6355,-2.6329,-2.6305,-2.6282,-2.6261,-2.6244,-2.623,-2.6219,-2.6213,-2.6211,-2.6213,-2.6219,-2.623,-2.6244,-2.6261,-2.6282,-2.6305,-2.6329,-2.6355,-2.6382,-2.6408,-2.6434,-2.6459,-2.6483,-2.6505,-2.6525,-2.6543,-2.656,-2.6575,-2.6588,-2.66,-2.661,-2.6619,-2.6627,-2.6634,-2.6641,-2.6646,-2.6651,-2.6655,-2.6658,-2.6661,-2.6663,-2.6665,-2.6667,-2.6668,-2.6669,-2.6669
-2.7067,-2.7066,-2.7066,-2.7065,-2.7063,-2.7062,-2.706,-2.7057,-2.7054,-2.7051,-2.7047,-2.7042,-2.7036,-2.703,-2.7022,-2.7014,-2.7004,-2.6993,-2.698,-2.6965,-2.6949,-2.693,-2.691,-2.6887,-2.6862,-2.6836,-2.6808,-2.6779,-2.675,-2.6722,-2.6694,-2.6669,-2.6646,-2.6626,-2.661,-2.6598,-2.6591,-2.6589,-2.6591,-2.6598,-2.661,-2.6626,-2.6646,-2.6669,-2.6694,-2.6722,-2.675,-2.6779,-2.6808,-2.6836,-2.6862,-2.6887,-2.691,-2.693,-2.6949,-2.6965,-2.698,-2.6993,-2.7004,-2.7014,-2.7022,-2.703,-2.7036,-2.7042,-2.7047,-2.7051,-2.7054,-2.7057,-2.706,-2.7062,-2.7063,-2.7065,-2.7066,-2.7066,-2.7067
-2.7465,-2.7464,-2.7464,-2.7463,-2.7462,-2.7461,-2.7459,-2.7457,-2.7454,-2.7451,-2.7448,-2.7444,-2.7439,-2.7433,-2.7427,-2.7419,-2.741,-2.7399,-2.7387,-2.7373,-2.7356,-2.7338,-2.7317,-2.7293,-2.7267,-2.7239,-2.7209,-2.7178,-2.7146,-2.7114,-2.7083,-2.7054,-2.7028,-2.7005,-2.6987,-2.6974,-2.6966,-2.6963,-2.6966,-2.6974,-2.6987,-2.7005,-2.7028,-2.7054,-2.7083,-2.7114,-2.7146,-2.7178,-2.7209,-2.7239,-2.7267,-2.7293,-2.7317,-2.7338,-2.7356,-2.7373,-2.7387,-2.7399,-2.741,-2.7419,-2.7427,-2.7433,-2.7439,-2.7444,-2.7448,-2.7451,-2.7454,-2.7457,-2.7459,-2.7461,-2.7462,-2.7463,-2.7464,-2.7464,-2.7465
-2.7863,-2.7863,-2.7862,-2.7862,-2.7861,-2.786,-2.7859,-2.7857,-2.7855,-2.7853,-2.785,-2.7846,-2.7842,-2.7838,-2.7832,-2.7825,-2.7817,-2.7807,-2.7796,-2.7782,-2.7766,-2.7747,-2.7726,-2.7702,-2.7675,-2.7645,-2.7612,-2.7578,-2.7542,-2.7506,-2.7471,-2.7438,-2.7408,-2.7382,-2.7361,-2.7345,-2.7335,-2.7332,-2.7335,-2.7345,-2.7361,-2.7382,-2.7408,-2.7438,-2.7471,-2.7506,-2.7542,-2.7578,-2.7612,-2.7645,-2.7675,-2.7702,-2.7726,-2.7747,-2.7766,-2.7782,-2.7796,-2.7807,-2.7817,-2.7825,-2.7832,-2.7838,-2.7842,-2.7846,-2.785,-2.7853,-2.7855,-2.7857,-2.7859,-2.786,-2.7861,-2.7862,-2.7862,-2.7863,-2.7863
-2.8261,-2.8261,-2.8261,-2.826,-2.826,-2.8259,-2.8258,-2.8257,-2.8256,-2.8254,-2.8252,-2.825,-2.8247,-2.8243,-2.8238,-2.8232,-2.8225,-2.8217,-2.8206,-2.8193,-2.8178,-2.816,-2.8138,-2.8113,-2.8085,-2.8053,-2.8018,-2.798,-2.794,-2.7899,-2.7859,-2.7821,-2.7785,-2.7755,-2.7729,-2.7711,-2.7699,-2.7696,-2.7699,-2.7711,-2.7729,-2.7755,-2.7785,-2.7821,-2.7859,-2.7899,-2.794,-2.798,-2.8018,-2.8053,-2.8085,-2.8113,-2.8138,-2.816,-2.8178,-2.8193,-2.8206,-2.8217,-2.8225,-2.8232,-2.8238,-2.8243,-2.8247,-2.825,-2.8252,-2.8254,-2.8256,-2.8257,-2.8258,-2.8259,-2.826,-2.826,-2.8261,-2.8261,-2.8261
-2.866,-2.866,-2.866,-2.8659,-2.8659,-2.8659,-2.8659,-2.8658,-2.8657,-2.8656,-2.8655,-2.8654,-2.8652,-2.8649,-2.8646,-2.8641,-2.8635,-2.8628,-2.8619,-2.8607,-2.8593,-2.8575,-2.8554,-2.8529,-2.8499,-2.8465,-2.8426,-2.8384,-2.8339,-2.8293,-2.8246,-2.8201,-2.816,-2.8123,-2.8093,-2.807,-2.8056,-2.8052,-2.8056,-2.807,-2.8093,-2.8123,-2.816,-2.8201,-2.8246,-2.8293,-2.8339,-2.8384,-2.8426,-2.8465,-2.8499,-2.8529,-2.8554,-2.8575,-2.8593,-2.8607,-2.8619,-2.8628,-2.8635,-2.8641,-2.8646,-2.8649,-2.8652,-2.8654,-2.8655,-2.8656,-2.8657,-2.8658,-2.8659,-2.8659,-2.8659,-2.8659,-2.866,-2.866,-2.866
-2.9058,-2.9058,-2.9058,-2.9058,-2.9058,-2.9059,-2.9059,-2.9059,-2.9059,-2.9059,-2.9059,-2.9058,-2.9057,-2.9056,-2.9054,-2.9051,-2.9047,-2.9041,-2.9034,-2.9024,-2.9011,-2.8994,-2.8974,-2.8948,-2.8917,-2.8881,-2.8839,-2.8793,-2.8742,-2.8688,-2.8634,-2.8581,-2.8531,-2.8486,-2.8449,-2.8422,-2.8405,-2.8399,-2.8405,-2.8422,-2.8449,-2.8486,-2.8531,-2.8581,-2.8634,-2.8688,-2.8742,-2.8793,-2.8839,-2.8881,-2.8917,-2.8948,-2.8974,-2.8994,-2.9011,-2.9024,-2.9034,-2.9041,-2.9047,-2.9051,-2.9054,-2.9056,-2.9057,-2.9058,-2.9059,-2.9059,-2.9059,-2.9059,-2.9059,-2.9059,-2.9058,-2.9058,-2.9058,-2.9058,-2.9058
-2.9457,-2.9457,-2.9457,-2.9457,-2.9458,-2.9458,-2.9459,-2.946,-2.946,-2.9461,-2.9462,-2.9463,-2.9463,-2.9463,-2.9463,-2.9462,-2.946,-2.9457,-2.9451,-2.9443,-2.9432,-2.9418,-2.9398,-2.9373,-2.9341,-2.9303,-2.9258,-2.9206,-2.9149,-2.9087,-2.9022,-2.8959,-2.8898,-2.8843,-2.8798,-2.8763,-2.8742,-2.8735,-2.8742,-2.8763,-2.8798,-2.8843,-2.8898,-2.8959,-2.9022,-2.9087,-2.9149,-2.9206,-2.9258,-2.9303,-2.9341,-2.9373,-2.9398,-2.9418,-2.9432,-2.9443,-2.9451,-2.9457,-2.946,-2.9462,-2.9463,-2.9463,-2.9463,-2.9463,-2.9462,-2.9461,-2.946,-2.946,-2.9459,-2.9458,-2.9458,-2.9457,-2.9457,-2.9457,-2.9457
-2.9855,-2.9855,-2.9856,-2.9856,-2.9857,-2.9858,-2.9859,-2.9861,-2.9862,-2.9864,-2.9866,-2.9868,-2.987,-2.9872,-2.9873,-2.9874,-2.9875,-2.9874,-2.9871,-2.9866,-2.9858,-2.9846,-2.9828,-2.9804,-2.9773,-2.9733,-2.9684,-2.9627,-2.9561,-2.9489,-2.9413,-2.9335,-2.9261,-2.9193,-2.9135,-2.9092,-2.9064,-2.9055,-2.9064,-2.9092,-2.9135,-2.9193,-2.9261,-2.9335,-2.9413,-2.9489,-2.9561,-2.9627,-2.9684,-2.9733,-2.9773,-2.9804,-2.9828,-2.9846,-2.9858,-2.9866,-2.9871,-2.9874,-2.9875,-2.9874,-2.9873,-2.9872,-2.987,-2.9868,-2.9866,-2.9864,-2.9862,-2.9861,-2.9859,-2.9858,-2.9857,-2.9856,-2.9856,-2.9855,-2.9855
