-0.034886
-0.034891
-0.034915
-0.035015
-0.035193
-0.035052
-0.035069
-0.035396
-0.035694
-0.035833
-0.03584
-0.035968
-0.03618
-0.037254
-0.037468
-0.036129
-0.035828
-0.037165
-0.036711
-0.035526
-0.036985
-0.038109
-0.037295
-0.03713
-0.03716
-0.03705
-0.036774
-0.036316
-0.034536
-0.033783
-0.038
-0.036797
-0.032135
-0.033025
-0.035541
-0.03283
-0.032048
-0.030364
-0.029129
-0.028796
-0.027234
-0.028123
-0.028843
-0.025463
-0.023512
-0.026271
-0.027147
-0.026143
-0.025307
-0.024938
-0.024938
-0.025307
-0.026143
-0.027147
-0.026271
-0.023512
-0.025463
-0.028843
-0.028123
-0.027234
-0.028796
-0.029129
-0.030364
-0.032048
-0.03283
-0.035541
-0.033025
-0.032135
-0.036797
-0.038
-0.033783
-0.034536
-0.036316
-0.036774
-0.03705
-0.03716
-0.03713
-0.037295
-0.038109
-0.036985
-0.035526
-0.036711
-0.037165
-0.035828
-0.036129
-0.037468
-0.037254
-0.03618
-0.035968
-0.03584
-0.035833
-0.035694
-0.035396
-0.035069
-0.035052
-0.035193
-0.035015
-0.034915
-0.034891
-0.034886
